-0.1962332040 
-0.0623083725 
-0.0501444525 
-0.0545487788 
-0.0551532461 
-0.0562263502 
-0.0578850466 
-0.0604316875 
-0.0638532752 
-0.0679810883 
-0.0725776339 
-0.0774047328 
-0.0822577690 
-0.0869815267 
-0.0914733852 
-0.0956756885 
-0.0995633921 
-0.1031327043 
-0.1063928751 
-0.1093608672 
-0.1120579646 
-0.1145075079 
-0.1167332710 
-0.1187582377 
-0.1206036918 
-0.1222885854 
-0.1238291623 
-0.1252387979 
-0.1265280029 
-0.1277045350 
-0.1287735710 
-0.1297379079 
-0.1305981724 
-0.1313530359 
-0.1319994371 
-0.1325328186 
-0.1329473864 
-0.1332363979 
-0.1333924789 
-0.1334079678 
-0.1332752725 
-0.1329872226 
-0.1325373882 
-0.1319203353 
-0.1311317859 
-0.1301686599 
-0.1290289894 
-0.1277117168 
-0.1262164097 
-0.1245429466 
-0.1226912422 
-0.1206610844 
-0.1184521458 
-0.1160642093 
-0.1134976149 
-0.1107538888 
-0.1078364789 
-0.1047514848 
-0.1015082592 
-0.0981197633 
-0.0946025976 
-0.0909766788 
-0.0872645961 
-0.0834907326 
-0.0796802673 
-0.0758581790 
-0.0720483508 
-0.0682728397 
-0.0645513389 
-0.0609008313 
-0.0573354137 
-0.0538662622 
-0.0505017096 
-0.0472474045 
-0.0441065307 
-0.0410800636 
-0.0381670489 
-0.0353648897 
-0.0326696312 
-0.0300762337 
-0.0275788298 
-0.0251709592 
-0.0228457797 
-0.0205962518 
-0.0184152975 
-0.0162959335 
-0.0142313794 
-0.0122151434 
-0.0102410867 
-0.0083034699 
-0.0063969822 
-0.0045167576 
-0.0026583785 
-0.0008178697 
0.0010083145 
0.0028233104 
0.0046298678 
0.0064303777 
0.0082268997 
0.0100211922 
0.0118147408 
0.0136087879 
0.0154043595 
0.0172022915 
0.0190032542 
0.0208077749 
0.0226162582 
0.0244290049 
0.0262462289 
0.0280680722 
0.0298946180 
0.0317259025 
0.0335619254 
0.0354026585 
0.0372480534 
0.0390980485 
0.0409525744 
0.0428115586 
0.0446749302 
0.0465426225 
0.0484145766 
0.0502907436 
0.0521710865 
0.0540555822 
0.0559442224 
0.0578370153 
0.0597339862 
0.0616351784 
0.0635406537 
0.0654504931 
0.0673647974 
0.0692836871 
0.0712073032 
0.0731358072 
0.0750693813 
0.0770082288 
0.0789525742 
0.0809026634 
0.0828587635 
0.0848211636 
0.0867901741 
0.0887661274 
0.0907493776 
0.0927403005 
0.0947392937 
0.0967467766 
0.0987631899 
0.1007889956 
0.1028246766 
0.1048707365 
0.1069276985 
0.1089961052 
0.1110765172 
0.1131695123 
0.1152756838 
0.1173956386 
0.1195299950 
0.1216793801 
0.1238444261 
0.1260257663 
0.1282240298 
0.1304398358 
0.1326737854 
0.1349264531 
0.1371983751 
0.1394900362 
0.1418018532 
0.1441341544 
0.1464871559 
0.1488609314 
0.1512553756 
0.1536701602 
0.1561046795 
0.1585579835 
0.1610286964 
0.1635149170 
0.1660140952 
0.1685228815 
0.1710369415 
0.1735507286 
0.1760572054 
0.1785475034 
0.1810105093 
0.1834323663 
0.1857958794 
0.1880798199 
0.1902581373 
0.1922991113 
0.1941645252 
0.1958090328 
0.1971800336 
0.1982186073 
0.1988623785 
0.1990515411 
0.1987394479 
0.1979086485 
0.1965912126 
0.1948879927 
0.1929765292 
0.1910966893 
0.1910966893 
0.1895123479 
0.1884621179 
0.1881182903 
0.1885665410 
0.1898087477 
0.1917826967 
0.1943874764 
0.1975049799 
0.2010139270 
0.2047976748 
0.2087485211 
0.2127704391 
0.2167809930 
0.2207125033 
0.2245123784 
0.2281426382 
0.2315787714 
0.2348081197 
0.2378279764 
0.2406435616 
0.2432660058 
0.2457104570 
0.2479944151 
0.2501363898 
0.2521549644 
0.2540683145 
0.2558941660 
0.2576500910 
0.2593539405 
0.2610241660 
0.2626798001 
0.2643399770 
0.2660230354 
0.2677453876 
0.2695204135 
0.2713576142 
0.2732621716 
0.2752349457 
0.2772728475 
0.2793694672 
0.2815158282 
0.2837011526 
0.2859135557 
0.2881406260 
0.2903698726 
0.2925890455 
0.2947863462 
0.2969505487 
0.2990710529 
0.3011378874 
0.3031416759 
0.3050735749 
0.3069251882 
0.3086884597 
0.3103555434 
0.3119186459 
0.3133698372 
0.3147008193 
0.3159026396 
0.3169653319 
0.3178774567 
0.3186255010 
0.3191930818 
0.3195598627 
0.3197000586 
0.3195803329 
0.3191568169 
0.3183708899 
0.3171433919 
0.3153674734 
0.3129026652 
0.3095804241 
0.3052493439 
0.2999052258 
0.2938986202 
0.2880424532 
0.2833584634 
0.2805507430 
0.2799307703 
0.2816829006 
0.2859254500 
0.2927541962 
0.3023169790 
0.3148066504 
0.3301425675 
0.3470226941 
0.3629319040 
0.3771347190 
0.3896980596 
0.4003737969 
0.4091266045 
0.4159992147 
0.4210574543 
0.4243989742 
0.4261873389 
0.4266657753 
0.4261175788 
0.4248115243 
0.4229704495 
0.4207670124 
0.4183342129 
0.4157783791 
0.4131881440 
0.4106382609 
0.4081899659 
0.4058902290 
0.4037715847 
0.4018532227 
0.4001431942 
0.3986411784 
0.3973412069 
0.3962339323 
0.3953082691 
0.3945524445 
0.3939546047 
0.3935031508 
0.3931869398 
0.3929954380 
0.3929188594 
0.3929482917 
0.3930758012 
0.3932945071 
0.3935986251 
0.3939834859 
0.3944455398 
0.3949823604 
0.3955926563 
0.3962763005 
0.3970343831 
0.3978692928 
0.3987848358 
0.3997864007 
0.4008811847 
0.4020785014 
0.4033902015 
0.4048312483 
0.4064205166 
0.4081819138 
0.4101459814 
0.4123522328 
0.4148526533 
0.4177170978 
0.4210419030 
0.4249641613 
0.4296863477 
0.4355203526 
0.4429668814 
0.4528434626 
0.4663551457 
0.4843976702 
0.5054736390 
0.5261080279 
0.5443715178 
0.5592258500 
0.5700943007 
0.5771981160 
0.5811220294 
0.5824468638 
0.5814639484 
0.5781335929 
0.5722137636 
0.5634692490 
0.5518574041 
0.5376890823 
0.5218309278 
0.5058126608 
0.4912114890 
0.4788378638 
0.4690582034 
0.4618857099 
0.4570363148 
0.4541592589 
0.4529569164 
0.4532045790 
0.4547028857 
0.4572330275 
0.4605418102 
0.4643614529 
0.4684451170 
0.4725976752 
0.4766883373 
0.4806442899 
0.4844328751 
0.4880424366 
0.4914690536 
0.4947112984 
0.4977707902 
0.5006545313 
0.5033757917 
0.5059524243 
0.5084034527 
0.5107456425 
0.5129914544 
0.5151488266 
0.5172223113 
0.5192146659 
0.5211281163 
0.5229649550 
0.5247275733 
0.5247275733 
0.5264182591 
0.5280390673 
0.5295918973 
0.5310787260 
0.5325018539 
0.5338640360 
0.5351684521 
0.5364185562 
0.5376178881 
0.5387699200 
0.5398779732 
0.5409451959 
0.5419745710 
0.5429689233 
0.5439309140 
0.5448630226 
0.5457675311 
0.5466465208 
0.5475018838 
0.5483353469 
0.5491484973 
0.5499428045 
0.5507196349 
0.5514802598 
0.5522258606 
0.5529575333 
0.5536762953 
0.5543830914 
0.5550788011 
0.5557642434 
0.5564401802 
0.5571073195 
0.5577663169 
0.5584177786 
0.5590622645 
0.5597002918 
0.5603323384 
0.5609588466 
0.5615802256 
0.5621968547 
0.5628090849 
0.5634172418 
0.5640216278 
0.5646225238 
0.5652201913 
0.5658148741 
0.5664067999 
0.5669961813 
0.5675832167 
0.5681680922 
0.5687509815 
0.5693320478 
0.5699114436 
0.5704893125 
0.5710657890 
0.5716409996 
0.5722150634 
0.5727880922 
0.5733601915 
0.5739314605 
0.5745019929 
0.5750718771 
0.5756411966 
0.5762100302 
0.5767784524 
0.5773465337 
0.5779143408 
0.5784819367 
0.5790493814 
0.5796167312 
0.5801840398 
0.5807513580 
0.5813187338 
0.5818862129 
0.5824538384 
0.5830216512 
0.5835896900 
0.5841579916 
0.5847265906 
0.5852955199 
0.5858648106 
0.5864344923 
0.5870045925 
0.5875751377 
0.5881461525 
0.5887176604 
0.5892896833 
0.5898622420 
0.5904353559 
0.5910090432 
0.5915833211 
0.5921582056 
0.5927337115 
0.5933098527 
0.5938866420 
0.5944640915 
0.5950422119 
0.5956210135 
0.5962005053 
0.5967806957 
0.5973615922 
0.5979432014 
0.5985255294 
0.5991085811 
0.5996923611 
0.6002768730 
0.6008621198 
0.6014481038 
0.6020348266 
0.6026222893 
0.6032104920 
0.6037994346 
0.6043891162 
0.6049795352 
0.6055706895 
0.6061625766 
0.6067551932 
0.6073485355 
0.6079425992 
0.6085373796 
0.6091328713 
0.6097290683 
0.6103259645 
0.6109235529 
0.6115218263 
0.6121207769 
0.6127203965 
0.6133206765 
0.6139216077 
0.6145231806 
0.6151253852 
0.6157282113 
0.6163316482 
0.6169356845 
0.6175403090 
0.6181455096 
0.6187512742 
0.6193575901 
0.6199644445 
0.6205718242 
0.6211797154 
0.6217881045 
0.6223969771 
0.6230063189 
0.6236161151 
0.6242263507 
0.6248370104 
0.6254480787 
0.6260595399 
0.6266713779 
0.6272835767 
0.6278961198 
0.6285089906 
0.6291221724 
0.6297356481 
0.6303494008 
0.6309634132 
0.6315776678 
0.6321921473 
0.6328068338 
0.6334217097 
0.6340367572 
0.6346519584 
0.6352672952 
0.6358827497 
0.6364983037 
0.6371139391 
0.6377296377 
0.6383453815 
0.6389611521 
0.6395769314 
0.6401927013 
0.6408084437 
0.6414241403 
0.6420397733 
0.6426553245 
0.6432707762 
0.6438861103 
0.6445013092 
0.6451163552 
0.6457312308 
0.6463459185 
0.6469604009 
0.6475746610 
0.6481886816 
0.6488024459 
0.6494159372 
0.6500291388 
0.6506420344 
0.6512546077 
0.6518668428 
0.6524787238 
0.6530902351 
0.6537013612 
0.6543120870 
0.6549223975 
0.6555322779 
0.6561417137 
0.6567506905 
0.6567506905 
0.6573591945 
0.6579672116 
0.6585747285 
0.6591817318 
0.6597882084 
0.6603941457 
0.6609995309 
0.6616043520 
0.6622085970 
0.6628122540 
0.6634153118 
0.6640177591 
0.6646195851 
0.6652207791 
0.6658213309 
0.6664212304 
0.6670204678 
0.6676190337 
0.6682169189 
0.6688141144 
0.6694106116 
0.6700064022 
0.6706014780 
0.6711958314 
0.6717894547 
0.6723823408 
0.6729744825 
0.6735658733 
0.6741565068 
0.6747463766 
0.6753354770 
0.6759238023 
0.6765113471 
0.6770981064 
0.6776840751 
0.6782692488 
0.6788536231 
0.6794371937 
0.6800199570 
0.6806019091 
0.6811830467 
0.6817633666 
0.6823428659 
0.6829215418 
0.6834993918 
0.6840764137 
0.6846526052 
0.6852279646 
0.6858024902 
0.6863761804 
0.6869490341 
0.6875210501 
0.6880922274 
0.6886625654 
0.6892320636 
0.6898007214 
0.6903685388 
0.6909355156 
0.6915016520 
0.6920669483 
0.6926314048 
0.6931950222 
0.6937578011 
0.6943197424 
0.6948808471 
0.6954411162 
0.6960005511 
0.6965591530 
0.6971169235 
0.6976738641 
0.6982299766 
0.6987852627 
0.6993397244 
0.6998933637 
0.7004461826 
0.7009981834 
0.7015493684 
0.7020997399 
0.7026493003 
0.7031980523 
0.7037459983 
0.7042931411 
0.7048394833 
0.7053850279 
0.7059297776 
0.7064737354 
0.7070169042 
0.7075592871 
0.7081008871 
0.7086417073 
0.7091817510 
0.7097210213 
0.7102595214 
0.7107972547 
0.7113342245 
0.7118704340 
0.7124058867 
0.7129405859 
0.7134745351 
0.7140077377 
0.7145401972 
0.7150719171 
0.7156029008 
0.7161331519 
0.7166626738 
0.7171914702 
0.7177195445 
0.7182469003 
0.7187735412 
0.7192994707 
0.7198246923 
0.7203492097 
0.7208730263 
0.7213961458 
0.7219185717 
0.7224403076 
0.7229613569 
0.7234817233 
0.7240014103 
0.7245204213 
0.7250387599 
0.7255564296 
0.7260734339 
0.7265897763 
0.7271054602 
0.7276204891 
0.7281348664 
0.7286485955 
0.7291616799 
0.7296741229 
0.7301859278 
0.7306970982 
0.7312076372 
0.7317175482 
0.7322268345 
0.7327354994 
0.7332435461 
0.7337509778 
0.7342577978 
0.7347640093 
0.7352696153 
0.7357746192 
0.7362790240 
0.7367828327 
0.7372860486 
0.7377886745 
0.7382907137 
0.7387921690 
0.7392930435 
0.7397933401 
0.7402930618 
0.7407922115 
0.7412907921 
0.7417888064 
0.7422862574 
0.7427831477 
0.7432794802 
0.7437752578 
0.7442704830 
0.7447651587 
0.7452592876 
0.7457528723 
0.7462459155 
0.7467384198 
0.7472303878 
0.7477218222 
0.7482127254 
0.7487031000 
0.7491929485 
0.7496822734 
0.7501710772 
0.7506593622 
0.7511471310 
0.7516343859 
0.7521211293 
0.7526073636 
0.7530930910 
0.7535783139 
0.7540630346 
0.7545472552 
0.7550309782 
0.7555142056 
0.7559969398 
0.7564791828 
0.7569609368 
0.7574422039 
0.7579229863 
0.7584032861 
0.7588831053 
0.7593624460 
0.7598413102 
0.7603196999 
0.7607976171 
0.7612750639 
0.7617520420 
0.7622285536 
0.7627046004 
0.7631801844 
0.7636553075 
0.7636553075 
0.7641299714 
0.7646041782 
0.7650779295 
0.7655512272 
0.7660240731 
0.7664964689 
0.7669684164 
0.7674399172 
0.7679109733 
0.7683815861 
0.7688517575 
0.7693214890 
0.7697907823 
0.7702596391 
0.7707280609 
0.7711960494 
0.7716636061 
0.7721307326 
0.7725974305 
0.7730637012 
0.7735295464 
0.7739949674 
0.7744599658 
0.7749245431 
0.7753887006 
0.7758524400 
0.7763157625 
0.7767786695 
0.7772411626 
0.7777032430 
0.7781649122 
0.7786261714 
0.7790870220 
0.7795474654 
0.7800075029 
0.7804671357 
0.7809263651 
0.7813851924 
0.7818436188 
0.7823016457 
0.7827592741 
0.7832165054 
0.7836733407 
0.7841297813 
0.7845858282 
0.7850414827 
0.7854967458 
0.7859516188 
0.7864061028 
0.7868601988 
0.7873139079 
0.7877672313 
0.7882201700 
0.7886727250 
0.7891248975 
0.7895766884 
0.7900280987 
0.7904791295 
0.7909297817 
0.7913800564 
0.7918299545 
0.7922794769 
0.7927286247 
0.7931773986 
0.7936257998 
0.7940738289 
0.7945214871 
0.7949687750 
0.7954156937 
0.7958622439 
0.7963084266 
0.7967542425 
0.7971996924 
0.7976447772 
0.7980894977 
0.7985338546 
0.7989778488 
0.7994214810 
0.7998647518 
0.8003076622 
0.8007502127 
0.8011924042 
0.8016342372 
0.8020757126 
0.8025168309 
0.8029575928 
0.8033979990 
0.8038380502 
0.8042777469 
0.8047170897 
0.8051560793 
0.8055947162 
0.8060330011 
0.8064709344 
0.8069085168 
0.8073457487 
0.8077826307 
0.8082191634 
0.8086553472 
0.8090911825 
0.8095266699 
0.8099618099 
0.8103966029 
0.8108310492 
0.8112651494 
0.8116989039 
0.8121323130 
0.8125653771 
0.8129980967 
0.8134304720 
0.8138625034 
0.8142941912 
0.8147255357 
0.8151565373 
0.8155871963 
0.8160175128 
0.8164474872 
0.8168771198 
0.8173064106 
0.8177353601 
0.8181639683 
0.8185922354 
0.8190201617 
0.8194477472 
0.8198749922 
0.8203018968 
0.8207284610 
0.8211546850 
0.8215805689 
0.8220061127 
0.8224313164 
0.8228561802 
0.8232807040 
0.8237048879 
0.8241287318 
0.8245522356 
0.8249753995 
0.8253982232 
0.8258207068 
0.8262428501 
0.8266646530 
0.8270861153 
0.8275072371 
0.8279280180 
0.8283484579 
0.8287685565 
0.8291883138 
0.8296077294 
0.8300268031 
0.8304455346 
0.8308639236 
0.8312819698 
0.8316996729 
0.8321170325 
0.8325340483 
0.8329507198 
0.8333670467 
0.8337830285 
0.8341986647 
0.8346139550 
0.8350288987 
0.8354434954 
0.8358577446 
0.8362716456 
0.8366851979 
0.8370984009 
0.8375112540 
0.8379237564 
0.8383359076 
0.8387477068 
0.8391591533 
0.8395702464 
0.8399809852 
0.8403913690 
0.8408013970 
0.8412110682 
0.8416203819 
0.8420293371 
0.8424379329 
0.8428461683 
0.8432540423 
0.8436615539 
0.8440687021 
0.8444754859 
0.8448819040 
0.8452879554 
0.8456936388 
0.8460989532 
0.8465038973 
0.8469084697 
0.8473126694 
0.8477164948 
0.8481199446 
0.8485230176 
0.8489257121 
0.8493280268 
0.8497299602 
0.8501315108 
0.8505326769 
0.8505326769 
0.8509334569 
0.8513338493 
0.8517338524 
0.8521334643 
0.8525326834 
0.8529315079 
0.8533299359 
0.8537279655 
0.8541255947 
0.8545228217 
0.8549196444 
0.8553160607 
0.8557120686 
0.8561076659 
0.8565028503 
0.8568976196 
0.8572919716 
0.8576859039 
0.8580794140 
0.8584724995 
0.8588651580 
0.8592573869 
0.8596491835 
0.8600405452 
0.8604314692 
0.8608219528 
0.8612119932 
0.8616015873 
0.8619907324 
0.8623794252 
0.8627676628 
0.8631554421 
0.8635427596 
0.8639296123 
0.8643159967 
0.8647019094 
0.8650873468 
0.8654723055 
0.8658567818 
0.8662407719 
0.8666242721 
0.8670072784 
0.8673897870 
0.8677717937 
0.8681532944 
0.8685342850 
0.8689147611 
0.8692947183 
0.8696741522 
0.8700530582 
0.8704314315 
0.8708092675 
0.8711865612 
0.8715633077 
0.8719395019 
0.8723151386 
0.8726902126 
0.8730647184 
0.8734386505 
0.8738120033 
0.8741847710 
0.8745569478 
0.8749285276 
0.8752995043 
0.8756698717 
0.8760396234 
0.8764087529 
0.8767772534 
0.8771451182 
0.8775123403 
0.8778789126 
0.8782448278 
0.8786100786 
0.8789746573 
0.8793385562 
0.8797017674 
0.8800642828 
0.8804260941 
0.8807871930 
0.8811475706 
0.8815072183 
0.8818661269 
0.8822242873 
0.8825816901 
0.8829383255 
0.8832941838 
0.8836492548 
0.8840035282 
0.8843569935 
0.8847096398 
0.8850614562 
0.8854124313 
0.8857625536 
0.8861118113 
0.8864601922 
0.8868076839 
0.8871542738 
0.8874999489 
0.8878446959 
0.8881885012 
0.8885313509 
0.8888732306 
0.8892141258 
0.8895540215 
0.8898929023 
0.8902307526 
0.8905675563 
0.8909032967 
0.8912379571 
0.8915715201 
0.8919039678 
0.8922352822 
0.8925654444 
0.8928944354 
0.8932222354 
0.8935488242 
0.8938741813 
0.8941982853 
0.8945211144 
0.8948426463 
0.8951628579 
0.8954817258 
0.8957992256 
0.8961153325 
0.8964300209 
0.8967432646 
0.8970550365 
0.8973653089 
0.8976740533 
0.8979812404 
0.8982868400 
0.8985908211 
0.8988931517 
0.8991937990 
0.8994927293 
0.8997899077 
0.9000852985 
0.9003788647 
0.9006705683 
0.9009603702 
0.9012482301 
0.9015341064 
0.9018179562 
0.9020997353 
0.9023793982 
0.9026568978 
0.9029321856 
0.9032052115 
0.9034759238 
0.9037442690 
0.9040101920 
0.9042736358 
0.9045345414 
0.9047928480 
0.9050484924 
0.9053014097 
0.9055515322 
0.9057987903 
0.9060431115 
0.9062844211 
0.9065226415 
0.9067576922 
0.9069894899 
0.9072179482 
0.9074429772 
0.9076644839 
0.9078823716 
0.9080965398 
0.9083068842 
0.9085132963 
0.9087156631 
0.9089138673 
0.9091077866 
0.9092972938 
0.9094822562 
0.9096625355 
0.9098379876 
0.9100084621 
0.9101738019 
0.9103338430 
0.9104884140 
0.9106373357 
0.9107804205 
0.9109174721 
0.9110482850 
0.9111726437 
0.9112903223 
0.9114010834 
0.9115046782 
0.9116008450 
0.9116893086 
0.9117697795 
0.9118419526 
0.9119055068 
0.9119601031 
0.9120053837 
0.9120409707 
0.9120664646 
0.9120814427 
0.9120814427 
0.9120854570 
0.9120780330 
0.9120586668 
0.9120268235 
0.9119819344 
0.9119233940 
0.9118505576 
0.9117627375 
0.9116591995 
0.9115391587 
0.9114017755 
0.9112461503 
0.9110713182 
0.9108762430 
0.9106598106 
0.9104208212 
0.9101579818 
0.9098698964 
0.9095550558 
0.9092118267 
0.9088384384 
0.9084329688 
0.9079933281 
0.9075172415 
0.9070022284 
0.9064455800 
0.9058443341 
0.9051952463 
0.9044947576 
0.9037389586 
0.9029235483 
0.9020437882 
0.9010944508 
0.9000697615 
0.8989633335 
0.8977680950 
0.8964762083 
0.8950789801 
0.8935667630 
0.8919288477 
0.8901533476 
0.8882270774 
0.8861354273 
0.8838622401 
0.8813896974 
0.8786982271 
0.8757664487 
0.8725711811 
0.8690875446 
0.8652891997 
0.8611487787 
0.8566385753 
0.8517315692 
0.8464028617 
0.8406315853 
0.8344033131 
0.8277129190 
0.8205677260 
0.8129906259 
0.8050226911 
0.7967246671 
0.7881767150 
0.7794759275 
0.7707314951 
0.7620579005 
0.7535670222 
0.7453603552 
0.7375225683 
0.7301173020 
0.7231855792 
0.7167466493 
0.7108006899 
0.7053326251 
0.7003163640 
0.6957189286 
0.6915041139 
0.6876354771 
0.6840785498 
0.6808022526 
0.6777795647 
0.6749875749 
0.6724070911 
0.6700220013 
0.6678185600 
0.6657847226 
0.6639095953 
0.6621830241 
0.6605953154 
0.6591370746 
0.6577991414 
0.6565726023 
0.6554488581 
0.6544197193 
0.6534775047 
0.6526151215 
0.6518261152 
0.6511046864 
0.6504456766 
0.6498445334 
0.6492972602 
0.6488003583 
0.6483507651 
0.6479457923 
0.6475830672 
0.6472604802 
0.6469761404 
0.6467283411 
0.6465155337 
0.6463363095 
0.6461893867 
0.6460736013 
0.6459878992 
0.6459313312 
0.6459030470 
0.6459022903 
0.6459283942 
0.6459807754 
0.6460589286 
0.6461624197 
0.6462908793 
0.6464439955 
0.6466215073 
0.6468231981 
0.6470488895 
0.6472984353 
0.6475717161 
0.6478686334 
0.6481891047 
0.6485330581 
0.6489004270 
0.6492911460 
0.6497051453 
0.6501423467 
0.6506026588 
0.6510859728 
0.6515921581 
0.6521210588 
0.6526724897 
0.6532462333 
0.6538420371 
0.6544596103 
0.6550986226 
0.6557587014 
0.6564394311 
0.6571403513 
0.6578609562 
0.6586006941 
0.6593589664 
0.6601351276 
0.6609284851 
0.6617382984 
0.6625637792 
0.6634040901 
0.6642583443 
0.6651256039 
0.6660048784 
0.6668951221 
0.6677952312 
0.6687040403 
0.6696203177 
0.6705427603 
0.6714699870 
0.6724005316 
0.6733328345 
0.6742652338 
0.6751959547 
0.6761230982 
0.6770446296 
0.6779583656 
0.6788619612 
0.6797528964 
0.6806284634 
0.6814857543 
0.6823216500 
0.6831328118 
0.6839156755 
0.6846664493 
0.6853811173 
0.6860554488 
0.6866850148 
0.6872652134 
0.6877913046 
0.6882584557 
0.6886617979 
0.6889964943 
0.6892578189 
0.6894412466 
0.6895425514 
0.6895579119 
0.6894840203 
0.6893181915 
0.6890584679 
0.6887037153 
0.6882537054 
0.6877091788 
0.6870718854 
0.6863445989 
0.6855311014 
0.6846361384 
0.6846361384 
0.6836653454 
0.6826251463 
0.6815226298 
0.6803654069 
0.6791614574 
0.6779189711 
0.6766461900 
0.6753512595 
0.6740420920 
0.6727262489 
0.6714108433 
0.6701024643 
0.6688071248 
0.6675302295 
0.6662765636 
0.6650502970 
0.6638550033 
0.6626936883 
0.6615688265 
0.6604824017 
0.6594359504 
0.6584306048 
0.6574671351 
0.6565459900 
0.6556673334 
0.6548310798 
0.6540369253 
0.6532843770 
0.6525727793 
0.6519013377 
0.6512691412 
0.6506751828 
0.6501183776 
0.6495975806 
0.6491116020 
0.6486592218 
0.6482392027 
0.6478503017 
0.6474912803 
0.6471609134 
0.6468579972 
0.6465813552 
0.6463298435 
0.6461023551 
0.6458978227 
0.6457152211 
0.6455535685 
0.6454119275 
0.6452894048 
0.6451851513 
0.6450983613 
0.6450282713 
0.6449741588 
0.6449353408 
0.6449111721 
0.6449010435 
0.6449043802 
0.6449206395 
0.6449493090 
0.6449899049 
0.6450419696 
0.6451050702 
0.6451787960 
0.6452627575 
0.6453565834 
0.6454599201 
0.6455724289 
0.6456937849 
0.6458236752 
0.6459617976 
0.6461078589 
0.6462615735 
0.6464226622 
0.6465908510 
0.6467658699 
0.6469474517 
0.6471353309 
0.6473292428 
0.6475289230 
0.6477341058 
0.6479445238 
0.6481599074 
0.6483799838 
0.6486044763 
0.6488331043 
0.6490655822 
0.6493016193 
0.6495409193 
0.6497831801 
0.6500280934 
0.6502753446 
0.6505246124 
0.6507755693 
0.6510278808 
0.6512812060 
0.6515351972 
0.6517895008 
0.6520437564 
0.6522975980 
0.6525506540 
0.6528025474 
0.6530528964 
0.6533013149 
0.6535474130 
0.6537907976 
0.6540310733 
0.6542678427 
0.6545007077 
0.6547292700 
0.6549531323 
0.6551718989 
0.6553851772 
0.6555925785 
0.6557937192 
0.6559882222 
0.6561757175 
0.6563558446 
0.6565282526 
0.6566926023 
0.6568485676 
0.6569958364 
0.6571341123 
0.6572631160 
0.6573825865 
0.6574922829 
0.6575919850 
0.6576814952 
0.6577606394 
0.6578292681 
0.6578872577 
0.6579345112 
0.6579709594 
0.6579965611 
0.6580113042 
0.6580152059 
0.6580083129 
0.6579907018 
0.6579624791 
0.6579237807 
0.6578747718 
0.6578156462 
0.6577466258 
0.6576679595 
0.6575799222 
0.6574828139 
0.6573769578 
0.6572626993 
0.6571404042 
0.6570104570 
0.6568732590 
0.6567292267 
0.6565787894 
0.6564223877 
0.6562604709 
0.6560934956 
0.6559219232 
0.6557462181 
0.6555668458 
0.6553842707 
0.6551989547 
0.6550113550 
0.6548219228 
0.6546311015 
0.6544393253 
0.6542470180 
0.6540545915 
0.6538624452 
0.6536709643 
0.6534805195 
0.6532914663 
0.6531041439 
0.6529188753 
0.6527359664 
0.6525557062 
0.6523783663 
0.6522042010 
0.6520334472 
0.6518663246 
0.6517030359 
0.6515437670 
0.6513886874 
0.6512379503 
0.6510916934 
0.6509500391 
0.6508130950 
0.6506809547 
0.6505536979 
0.6504313912 
0.6503140889 
0.6502018333 
0.6500946550 
0.6499925744 
0.6498956012 
0.6498037359 
0.6497169696 
0.6496352851 
0.6495586573 
0.6494870536 
0.6494204343 
0.6494204343 
0.6493587535 
0.6493019593 
0.6492499941 
0.6492027953 
0.6491602957 
0.6491224235 
0.6490891031 
0.6490602553 
0.6490357974 
0.6490156440 
0.6489997066 
0.6489878945 
0.6489801146 
0.6489762718 
0.6489762693 
0.6489800085 
0.6489873896 
0.6489983113 
0.6490126714 
0.6490303664 
0.6490512921 
0.6490753438 
0.6491024158 
0.6491324020 
0.6491651960 
0.6492006908 
0.6492387793 
0.6492793541 
0.6493223077 
0.6493675326 
0.6494149213 
0.6494643662 
0.6495157600 
0.6495689955 
0.6496239656 
0.6496805637 
0.6497386834 
0.6497982189 
0.6498590644 
0.6499211151 
0.6499842665 
0.6500484148 
0.6501134567 
0.6501792899 
0.6502458128 
0.6503129247 
0.6503805257 
0.6504485170 
0.6505168009 
0.6505852810 
0.6506538617 
0.6507224491 
0.6507909506 
0.6508592750 
0.6509273326 
0.6509950354 
0.6510622972 
0.6511290335 
0.6511951617 
0.6512606012 
0.6513252734 
0.6513891019 
0.6514520127 
0.6515139339 
0.6515747960 
0.6516345323 
0.6516930782 
0.6517503723 
0.6518063555 
0.6518609717 
0.6519141677 
0.6519658932 
0.6520161010 
0.6520647468 
0.6521117897 
0.6521571917 
0.6522009183 
0.6522429380 
0.6522832229 
0.6523217483 
0.6523584927 
0.6523934383 
0.6524265704 
0.6524578778 
0.6524873528 
0.6525149908 
0.6525407910 
0.6525647554 
0.6525868896 
0.6526072025 
0.6526257061 
0.6526424155 
0.6526573491 
0.6526705282 
0.6526819770 
0.6526917228 
0.6526997954 
0.6527062275 
0.6527110544 
0.6527143137 
0.6527160457 
0.6527162928 
0.6527150994 
0.6527125124 
0.6527085801 
0.6527033529 
0.6526968828 
0.6526892234 
0.6526804295 
0.6526705573 
0.6526596641 
0.6526478082 
0.6526350488 
0.6526214457 
0.6526070594 
0.6525919507 
0.6525761810 
0.6525598116 
0.6525429041 
0.6525255198 
0.6525077200 
0.6524895656 
0.6524711173 
0.6524524349 
0.6524335780 
0.6524146051 
0.6523955742 
0.6523765421 
0.6523575646 
0.6523386968 
0.6523199921 
0.6523015030 
0.6522832805 
0.6522653745 
0.6522478332 
0.6522307033 
0.6522140302 
0.6521978575 
0.6521822273 
0.6521671800 
0.6521527544 
0.6521389875 
0.6521259146 
0.6521135693 
0.6521019834 
0.6520911870 
0.6520812085 
0.6520720743 
0.6520638094 
0.6520564366 
0.6520499774 
0.6520444513 
0.6520398762 
0.6520362682 
0.6520336420 
0.6520320104 
0.6520313847 
0.6520317744 
0.6520331878 
0.6520356314 
0.6520391103 
0.6520436282 
0.6520491872 
0.6520557882 
0.6520634307 
0.6520721127 
0.6520818313 
0.6520925821 
0.6521043596 
0.6521171571 
0.6521309668 
0.6521457800 
0.6521615868 
0.6521783764 
0.6521961370 
0.6522148561 
0.6522345200 
0.6522551146 
0.6522766247 
0.6522990347 
0.6523223280 
0.6523464875 
0.6523714956 
0.6523973340 
0.6524239839 
0.6524514261 
0.6524796408 
0.6525086081 
0.6525383074 
0.6525687180 
0.6525998187 
0.6526315883 
0.6526640052 
0.6526970477 
0.6527306939 
0.6527649217 
0.6527997091 
0.6528350340 
0.6528708742 
0.6528708742 
0.6529072075 
0.6529440118 
0.6529812651 
0.6530189455 
0.6530570310 
0.6530955000 
0.6531343310 
0.6531735028 
0.6532129942 
0.6532527844 
0.6532928529 
0.6533331794 
0.6533737440 
0.6534145271 
0.6534555095 
0.6534966723 
0.6535379971 
0.6535794658 
0.6536210609 
0.6536627652 
0.6537045619 
0.6537464349 
0.6537883685 
0.6538303474 
0.6538723570 
0.6539143830 
0.6539564120 
0.6539984306 
0.6540404266 
0.6540823878 
0.6541243030 
0.6541661613 
0.6542079525 
0.6542496669 
0.6542912956 
0.6543328301 
0.6543742625 
0.6544155856 
0.6544567927 
0.6544978779 
0.6545388355 
0.6545796609 
0.6546203496 
0.6546608981 
0.6547013032 
0.6547415624 
0.6547816738 
0.6548216359 
0.6548614480 
0.6549011098 
0.6549406215 
0.6549799839 
0.6550191984 
0.6550582668 
0.6550971914 
0.6551359751 
0.6551746211 
0.6552131332 
0.6552515155 
0.6552897729 
0.6553279102 
0.6553659330 
0.6554038471 
0.6554416587 
0.6554793746 
0.6555170016 
0.6555545469 
0.6555920182 
0.6556294234 
0.6556667706 
0.6557040682 
0.6557413249 
0.6557785496 
0.6558157515 
0.6558529398 
0.6558901239 
0.6559273136 
0.6559645187 
0.6560017490 
0.6560390145 
0.6560763255 
0.6561136921 
0.6561511245 
0.6561886331 
0.6562262281 
0.6562639201 
0.6563017193 
0.6563396360 
0.6563776806 
0.6564158634 
0.6564541946 
0.6564926843 
0.6565313426 
0.6565701795 
0.6566092049 
0.6566484285 
0.6566878601 
0.6567275090 
0.6567673847 
0.6568074964 
0.6568478531 
0.6568884637 
0.6569293369 
0.6569704812 
0.6570119050 
0.6570536162 
0.6570956230 
0.6571379329 
0.6571805535 
0.6572234921 
0.6572667556 
0.6573103511 
0.6573542849 
0.6573985636 
0.6574431933 
0.6574881800 
0.6575335292 
0.6575792464 
0.6576253370 
0.6576718058 
0.6577186576 
0.6577658970 
0.6578135284 
0.6578615556 
0.6579099827 
0.6579588133 
0.6580080507 
0.6580576983 
0.6581077590 
0.6581582357 
0.6582091308 
0.6582604469 
0.6583121861 
0.6583643506 
0.6584169420 
0.6584699622 
0.6585234125 
0.6585772945 
0.6586316091 
0.6586863575 
0.6587415406 
0.6587971590 
0.6588532135 
0.6589097044 
0.6589666322 
0.6590239971 
0.6590817991 
0.6591400385 
0.6591987150 
0.6592578285 
0.6593173789 
0.6593773656 
0.6594377885 
0.6594986470 
0.6595599406 
0.6596216687 
0.6596838307 
0.6597464260 
0.6598094537 
0.6598729133 
0.6599368039 
0.6600011247 
0.6600658749 
0.6601310537 
0.6601966603 
0.6602626938 
0.6603291533 
0.6603960382 
0.6604633474 
0.6605310802 
0.6605992358 
0.6606678135 
0.6607368123 
0.6608062317 
0.6608760708 
0.6609463290 
0.6610170056 
0.6610880999 
0.6611596115 
0.6612315397 
0.6613038839 
0.6613766438 
0.6614498188 
0.6615234086 
0.6615974128 
0.6616718310 
0.6617466630 
0.6618219085 
0.6618975674 
0.6619736395 
0.6620501246 
0.6621270228 
0.6622043340 
0.6622820581 
0.6623601954 
0.6624387458 
0.6625177094 
0.6625970866 
0.6626768774 
0.6626768774 
0.6627570821 
0.6628377010 
0.6629187345 
0.6630001828 
0.6630820463 
0.6631643255 
0.6632470208 
0.6633301327 
0.6634136615 
0.6634976079 
0.6635819724 
0.6636667554 
0.6637519577 
0.6638375797 
0.6639236220 
0.6640100853 
0.6640969702 
0.6641842772 
0.6642720071 
0.6643601605 
0.6644487379 
0.6645377401 
0.6646271677 
0.6647170213 
0.6648073016 
0.6648980091 
0.6649891446 
0.6650807087 
0.6651727019 
0.6652651248 
0.6653579781 
0.6654512622 
0.6655449779 
0.6656391256 
0.6657337058 
0.6658287190 
0.6659241658 
0.6660200467 
0.6661163619 
0.6662131121 
0.6663102976 
0.6664079188 
0.6665059760 
0.6666044696 
0.6667033999 
0.6668027672 
0.6669025718 
0.6670028138 
0.6671034936 
0.6672046112 
0.6673061668 
0.6674081606 
0.6675105927 
0.6676134631 
0.6677167718 
0.6678205190 
0.6679247046 
0.6680293286 
0.6681343908 
0.6682398912 
0.6683458298 
0.6684522062 
0.6685590205 
0.6686662723 
0.6687739614 
0.6688820877 
0.6689906508 
0.6690996504 
0.6692090862 
0.6693189578 
0.6694292649 
0.6695400071 
0.6696511839 
0.6697627949 
0.6698748397 
0.6699873177 
0.6701002284 
0.6702135713 
0.6703273458 
0.6704415514 
0.6705561875 
0.6706712534 
0.6707867485 
0.6709026721 
0.6710190236 
0.6711358024 
0.6712530075 
0.6713706385 
0.6714886944 
0.6716071746 
0.6717260782 
0.6718454045 
0.6719651527 
0.6720853219 
0.6722059113 
0.6723269201 
0.6724483473 
0.6725701921 
0.6726924537 
0.6728151310 
0.6729382232 
0.6730617293 
0.6731856485 
0.6733099796 
0.6734347219 
0.6735598742 
0.6736854356 
0.6738114051 
0.6739377817 
0.6740645644 
0.6741917520 
0.6743193436 
0.6744473382 
0.6745757346 
0.6747045317 
0.6748337285 
0.6749633239 
0.6750933168 
0.6752237061 
0.6753544906 
0.6754856692 
0.6756172408 
0.6757492042 
0.6758815582 
0.6760143017 
0.6761474336 
0.6762809525 
0.6764148574 
0.6765491470 
0.6766838201 
0.6768188754 
0.6769543119 
0.6770901281 
0.6772263230 
0.6773628951 
0.6774998433 
0.6776371663 
0.6777748627 
0.6779129314 
0.6780513710 
0.6781901803 
0.6783293578 
0.6784689023 
0.6786088124 
0.6787490869 
0.6788897243 
0.6790307233 
0.6791720826 
0.6793138007 
0.6794558763 
0.6795983081 
0.6797410945 
0.6798842343 
0.6800277259 
0.6801715680 
0.6803157592 
0.6804602979 
0.6806051828 
0.6807504124 
0.6808959852 
0.6810418998 
0.6811881547 
0.6813347484 
0.6814816793 
0.6816289461 
0.6817765471 
0.6819244809 
0.6820727458 
0.6822213405 
0.6823702633 
0.6825195127 
0.6826690870 
0.6828189848 
0.6829692045 
0.6831197444 
0.6832706029 
0.6834217785 
0.6835732695 
0.6837250744 
0.6838771913 
0.6840296188 
0.6841823552 
0.6843353988 
0.6844887479 
0.6846424009 
0.6847963561 
0.6849506117 
0.6851051661 
0.6852600176 
0.6854151644 
0.6855706048 
0.6857263371 
0.6858823595 
0.6860386703 
0.6861952677 
0.6863521499 
0.6865093152 
0.6866667618 
0.6868244878 
0.6868244878 
0.6869824915 
0.6871407711 
0.6872993247 
0.6874581504 
0.6876172466 
0.6877766112 
0.6879362425 
0.6880961386 
0.6882562977 
0.6884167177 
0.6885773970 
0.6887383335 
0.6888995253 
0.6890609706 
0.6892226674 
0.6893846139 
0.6895468080 
0.6897092478 
0.6898719314 
0.6900348568 
0.6901980221 
0.6903614253 
0.6905250643 
0.6906889373 
0.6908530422 
0.6910173770 
0.6911819397 
0.6913467284 
0.6915117409 
0.6916769752 
0.6918424294 
0.6920081013 
0.6921739889 
0.6923400902 
0.6925064031 
0.6926729255 
0.6928396553 
0.6930065905 
0.6931737291 
0.6933410687 
0.6935086075 
0.6936763433 
0.6938442739 
0.6940123973 
0.6941807113 
0.6943492138 
0.6945179027 
0.6946867758 
0.6948558309 
0.6950250661 
0.6951944789 
0.6953640674 
0.6955338294 
0.6957037627 
0.6958738650 
0.6960441343 
0.6962145684 
0.6963851650 
0.6965559220 
0.6967268372 
0.6968979084 
0.6970691333 
0.6972405099 
0.6974120358 
0.6975837089 
0.6977555270 
0.6979274877 
0.6980995890 
0.6982718286 
0.6984442043 
0.6986167138 
0.6987893549 
0.6989621254 
0.6991350231 
0.6993080456 
0.6994811909 
0.6996544566 
0.6998278404 
0.7000013403 
0.7001749538 
0.7003486789 
0.7005225131 
0.7006964544 
0.7008705004 
0.7010446489 
0.7012188977 
0.7013932445 
0.7015676870 
0.7017422231 
0.7019168504 
0.7020915668 
0.7022663700 
0.7024412578 
0.7026162279 
0.7027912780 
0.7029664060 
0.7031416097 
0.7033168867 
0.7034922348 
0.7036676519 
0.7038431357 
0.7040186839 
0.7041942945 
0.7043699650 
0.7045456934 
0.7047214773 
0.7048973147 
0.7050732033 
0.7052491409 
0.7054251253 
0.7056011543 
0.7057772257 
0.7059533373 
0.7061294870 
0.7063056726 
0.7064818919 
0.7066581427 
0.7068344230 
0.7070107304 
0.7071870629 
0.7073634184 
0.7075397947 
0.7077161896 
0.7078926011 
0.7080690270 
0.7082454652 
0.7084219136 
0.7085983701 
0.7087748326 
0.7089512990 
0.7091277673 
0.7093042353 
0.7094807010 
0.7096571624 
0.7098336174 
0.7100100639 
0.7101864999 
0.7103629234 
0.7105393324 
0.7107157248 
0.7108920987 
0.7110684521 
0.7112447829 
0.7114210892 
0.7115973691 
0.7117736205 
0.7119498416 
0.7121260304 
0.7123021849 
0.7124783032 
0.7126543835 
0.7128304238 
0.7130064222 
0.7131823769 
0.7133582859 
0.7135341474 
0.7137099596 
0.7138857206 
0.7140614286 
0.7142370817 
0.7144126782 
0.7145882162 
0.7147636940 
0.7149391097 
0.7151144616 
0.7152897480 
0.7154649670 
0.7156401170 
0.7158151963 
0.7159902030 
0.7161651356 
0.7163399922 
0.7165147713 
0.7166894711 
0.7168640901 
0.7170386265 
0.7172130787 
0.7173874450 
0.7175617240 
0.7177359139 
0.7179100132 
0.7180840203 
0.7182579336 
0.7184317516 
0.7186054727 
0.7187790953 
0.7189526181 
0.7191260394 
0.7192993577 
0.7194725717 
0.7196456797 
0.7198186803 
0.7199915721 
0.7201643537 
0.7203370235 
0.7205095802 
0.7206820224 
0.7208543487 
0.7210265577 
0.7210265577 
0.7211986480 
0.7213706183 
0.7215424672 
0.7217141935 
0.7218857956 
0.7220572724 
0.7222286226 
0.7223998448 
0.7225709379 
0.7227419004 
0.7229127312 
0.7230834290 
0.7232539925 
0.7234244207 
0.7235947122 
0.7237648658 
0.7239348805 
0.7241047549 
0.7242744879 
0.7244440784 
0.7246135253 
0.7247828273 
0.7249519835 
0.7251209926 
0.7252898536 
0.7254585653 
0.7256271268 
0.7257955370 
0.7259637947 
0.7261318990 
0.7262998488 
0.7264676431 
0.7266352808 
0.7268027611 
0.7269700828 
0.7271372451 
0.7273042469 
0.7274710873 
0.7276377653 
0.7278042800 
0.7279706304 
0.7281368157 
0.7283028350 
0.7284686872 
0.7286343717 
0.7287998874 
0.7289652334 
0.7291304091 
0.7292954134 
0.7294602455 
0.7296249047 
0.7297893900 
0.7299537008 
0.7301178361 
0.7302817951 
0.7304455772 
0.7306091815 
0.7307726072 
0.7309358537 
0.7310989200 
0.7312618056 
0.7314245097 
0.7315870314 
0.7317493703 
0.7319115254 
0.7320734961 
0.7322352818 
0.7323968818 
0.7325582953 
0.7327195217 
0.7328805604 
0.7330414107 
0.7332020719 
0.7333625435 
0.7335228248 
0.7336829152 
0.7338428140 
0.7340025207 
0.7341620347 
0.7343213553 
0.7344804821 
0.7346394144 
0.7347981516 
0.7349566932 
0.7351150387 
0.7352731875 
0.7354311390 
0.7355888928 
0.7357464482 
0.7359038049 
0.7360609621 
0.7362179196 
0.7363746767 
0.7365312330 
0.7366875879 
0.7368437410 
0.7369996919 
0.7371554400 
0.7373109848 
0.7374663260 
0.7376214631 
0.7377763956 
0.7379311230 
0.7380856450 
0.7382399612 
0.7383940710 
0.7385479741 
0.7387016700 
0.7388551584 
0.7390084388 
0.7391615109 
0.7393143742 
0.7394670284 
0.7396194731 
0.7397717079 
0.7399237324 
0.7400755462 
0.7402271490 
0.7403785405 
0.7405297203 
0.7406806879 
0.7408314432 
0.7409819857 
0.7411323150 
0.7412824310 
0.7414323331 
0.7415820212 
0.7417314949 
0.7418807538 
0.7420297976 
0.7421786261 
0.7423272390 
0.7424756358 
0.7426238164 
0.7427717804 
0.7429195276 
0.7430670576 
0.7432143702 
0.7433614651 
0.7435083419 
0.7436550006 
0.7438014406 
0.7439476619 
0.7440936641 
0.7442394469 
0.7443850102 
0.7445303536 
0.7446754769 
0.7448203798 
0.7449650622 
0.7451095237 
0.7452537641 
0.7453977832 
0.7455415807 
0.7456851564 
0.7458285101 
0.7459716415 
0.7461145504 
0.7462572367 
0.7463997000 
0.7465419401 
0.7466839569 
0.7468257502 
0.7469673196 
0.7471086650 
0.7472497863 
0.7473906831 
0.7475313553 
0.7476718027 
0.7478120251 
0.7479520222 
0.7480917940 
0.7482313402 
0.7483706606 
0.7485097550 
0.7486486233 
0.7487872653 
0.7489256807 
0.7490638694 
0.7492018312 
0.7493395660 
0.7494770735 
0.7496143536 
0.7497514062 
0.7498882310 
0.7500248279 
0.7501611967 
0.7502973372 
0.7504332493 
0.7505689329 
0.7507043878 
0.7508396137 
0.7509746106 
0.7511093783 
0.7512439167 
0.7513782255 
0.7515123047 
0.7516461541 
0.7517797735 
0.7517797735 
0.7519131628 
0.7520463219 
0.7521792506 
0.7523119487 
0.7524444162 
0.7525766529 
0.7527086586 
0.7528404333 
0.7529719767 
0.7531032888 
0.7532343694 
0.7533652184 
0.7534958356 
0.7536262210 
0.7537563743 
0.7538862956 
0.7540159846 
0.7541454412 
0.7542746653 
0.7544036568 
0.7545324156 
0.7546609415 
0.7547892345 
0.7549172944 
0.7550451211 
0.7551727144 
0.7553000744 
0.7554272008 
0.7555540936 
0.7556807526 
0.7558071778 
0.7559333690 
0.7560593261 
0.7561850491 
0.7563105378 
0.7564357922 
0.7565608120 
0.7566855973 
0.7568101480 
0.7569344638 
0.7570585449 
0.7571823910 
0.7573060020 
0.7574293779 
0.7575525186 
0.7576754240 
0.7577980940 
0.7579205286 
0.7580427275 
0.7581646909 
0.7582864185 
0.7584079103 
0.7585291662 
0.7586501862 
0.7587709701 
0.7588915179 
0.7590118295 
0.7591319049 
0.7592517439 
0.7593713466 
0.7594907127 
0.7596098424 
0.7597287354 
0.7598473918 
0.7599658114 
0.7600839943 
0.7602019403 
0.7603196494 
0.7604371216 
0.7605543567 
0.7606713547 
0.7607881156 
0.7609046394 
0.7610209259 
0.7611369751 
0.7612527870 
0.7613683616 
0.7614836987 
0.7615987983 
0.7617136605 
0.7618282851 
0.7619426722 
0.7620568216 
0.7621707334 
0.7622844074 
0.7623978438 
0.7625110424 
0.7626240033 
0.7627367263 
0.7628492115 
0.7629614589 
0.7630734683 
0.7631852399 
0.7632967736 
0.7634080693 
0.7635191270 
0.7636299468 
0.7637405286 
0.7638508724 
0.7639609782 
0.7640708460 
0.7641804758 
0.7642898675 
0.7643990212 
0.7645079369 
0.7646166146 
0.7647250542 
0.7648332559 
0.7649412195 
0.7650489451 
0.7651564327 
0.7652636823 
0.7653706939 
0.7654774676 
0.7655840033 
0.7656903011 
0.7657963610 
0.7659021830 
0.7660077671 
0.7661131134 
0.7662182219 
0.7663230926 
0.7664277256 
0.7665321208 
0.7666362784 
0.7667401983 
0.7668438807 
0.7669473254 
0.7670505327 
0.7671535024 
0.7672562348 
0.7673587297 
0.7674609873 
0.7675630077 
0.7676647908 
0.7677663368 
0.7678676456 
0.7679687174 
0.7680695522 
0.7681701501 
0.7682705111 
0.7683706354 
0.7684705229 
0.7685701738 
0.7686695881 
0.7687687659 
0.7688677073 
0.7689664124 
0.7690648812 
0.7691631139 
0.7692611105 
0.7693588710 
0.7694563957 
0.7695536846 
0.7696507378 
0.7697475554 
0.7698441375 
0.7699404841 
0.7700365955 
0.7701324716 
0.7702281127 
0.7703235188 
0.7704186900 
0.7705136265 
0.7706083283 
0.7707027957 
0.7707970286 
0.7708910272 
0.7709847917 
0.7710783222 
0.7711716188 
0.7712646817 
0.7713575109 
0.7714501067 
0.7715424691 
0.7716345983 
0.7717264944 
0.7718181577 
0.7719095881 
0.7720007860 
0.7720917513 
0.7721824844 
0.7722729853 
0.7723632542 
0.7724532913 
0.7725430967 
0.7726326706 
0.7727220131 
0.7728111245 
0.7729000049 
0.7729886545 
0.7730770734 
0.7731652619 
0.7732532200 
0.7733409481 
0.7734284462 
0.7735157146 
0.7736027535 
0.7736895630 
0.7736895630 
0.7737761433 
0.7738624947 
0.7739486173 
0.7740345114 
0.7741201771 
0.7742056147 
0.7742908243 
0.7743758061 
0.7744605605 
0.7745450875 
0.7746293874 
0.7747134605 
0.7747973069 
0.7748809269 
0.7749643206 
0.7750474884 
0.7751304304 
0.7752131468 
0.7752956380 
0.7753779042 
0.7754599455 
0.7755417622 
0.7756233546 
0.7757047229 
0.7757858674 
0.7758667882 
0.7759474857 
0.7760279601 
0.7761082117 
0.7761882407 
0.7762680473 
0.7763476319 
0.7764269946 
0.7765061359 
0.7765850558 
0.7766637548 
0.7767422330 
0.7768204907 
0.7768985283 
0.7769763459 
0.7770539439 
0.7771313226 
0.7772084822 
0.7772854230 
0.7773621453 
0.7774386494 
0.7775149355 
0.7775910041 
0.7776668553 
0.7777424895 
0.7778179069 
0.7778931079 
0.7779680928 
0.7780428618 
0.7781174154 
0.7781917536 
0.7782658770 
0.7783397858 
0.7784134803 
0.7784869608 
0.7785602277 
0.7786332812 
0.7787061218 
0.7787787496 
0.7788511650 
0.7789233685 
0.7789953602 
0.7790671405 
0.7791387097 
0.7792100682 
0.7792812164 
0.7793521545 
0.7794228828 
0.7794934018 
0.7795637118 
0.7796338130 
0.7797037059 
0.7797733908 
0.7798428681 
0.7799121380 
0.7799812010 
0.7800500573 
0.7801187074 
0.7801871516 
0.7802553903 
0.7803234238 
0.7803912524 
0.7804588766 
0.7805262967 
0.7805935130 
0.7806605260 
0.7807273359 
0.7807939433 
0.7808603483 
0.7809265515 
0.7809925531 
0.7810583536 
0.7811239533 
0.7811893525 
0.7812545518 
0.7813195514 
0.7813843518 
0.7814489532 
0.7815133562 
0.7815775610 
0.7816415681 
0.7817053779 
0.7817689907 
0.7818324069 
0.7818956270 
0.7819586512 
0.7820214801 
0.7820841139 
0.7821465531 
0.7822087982 
0.7822708493 
0.7823327071 
0.7823943719 
0.7824558440 
0.7825171239 
0.7825782119 
0.7826391086 
0.7826998142 
0.7827603292 
0.7828206540 
0.7828807891 
0.7829407347 
0.7830004913 
0.7830600593 
0.7831194392 
0.7831786314 
0.7832376361 
0.7832964540 
0.7833550853 
0.7834135305 
0.7834717901 
0.7835298643 
0.7835877537 
0.7836454587 
0.7837029796 
0.7837603170 
0.7838174711 
0.7838744425 
0.7839312315 
0.7839878386 
0.7840442642 
0.7841005088 
0.7841565726 
0.7842124563 
0.7842681601 
0.7843236846 
0.7843790300 
0.7844341970 
0.7844891858 
0.7845439970 
0.7845986309 
0.7846530880 
0.7847073687 
0.7847614734 
0.7848154026 
0.7848691567 
0.7849227361 
0.7849761413 
0.7850293726 
0.7850824306 
0.7851353156 
0.7851880281 
0.7852405685 
0.7852929372 
0.7853451348 
0.7853971615 
0.7854490179 
0.7855007043 
0.7855522213 
0.7856035692 
0.7856547485 
0.7857057596 
0.7857566030 
0.7858072791 
0.7858577882 
0.7859081310 
0.7859583077 
0.7860083189 
0.7860581649 
0.7861078462 
0.7861573633 
0.7862067165 
0.7862559064 
0.7863049333 
0.7863537976 
0.7864025000 
0.7864510406 
0.7864994201 
0.7865476388 
0.7865956971 
0.7866435956 
0.7866913346 
0.7867389146 
0.7867863360 
0.7867863360 
0.7868335992 
0.7868807047 
0.7869276530 
0.7869744444 
0.7870210794 
0.7870675585 
0.7871138820 
0.7871600504 
0.7872060642 
0.7872519238 
0.7872976295 
0.7873431819 
0.7873885814 
0.7874338284 
0.7874789234 
0.7875238667 
0.7875686589 
0.7876133003 
0.7876577915 
0.7877021327 
0.7877463245 
0.7877903673 
0.7878342615 
0.7878780076 
0.7879216059 
0.7879650570 
0.7880083612 
0.7880515191 
0.7880945309 
0.7881373972 
0.7881801183 
0.7882226948 
0.7882651270 
0.7883074153 
0.7883495603 
0.7883915622 
0.7884334217 
0.7884751390 
0.7885167146 
0.7885581489 
0.7885994424 
0.7886405955 
0.7886816086 
0.7887224821 
0.7887632165 
0.7888038122 
0.7888442696 
0.7888845891 
0.7889247712 
0.7889648163 
0.7890047247 
0.7890444970 
0.7890841335 
0.7891236347 
0.7891630010 
0.7892022327 
0.7892413304 
0.7892802944 
0.7893191252 
0.7893578232 
0.7893963887 
0.7894348223 
0.7894731242 
0.7895112950 
0.7895493351 
0.7895872448 
0.7896250246 
0.7896626749 
0.7897001961 
0.7897375886 
0.7897748528 
0.7898119891 
0.7898489980 
0.7898858799 
0.7899226351 
0.7899592640 
0.7899957672 
0.7900321449 
0.7900683976 
0.7901045257 
0.7901405296 
0.7901764096 
0.7902121663 
0.7902478000 
0.7902833111 
0.7903186999 
0.7903539670 
0.7903891127 
0.7904241374 
0.7904590414 
0.7904938253 
0.7905284893 
0.7905630340 
0.7905974596 
0.7906317666 
0.7906659553 
0.7907000263 
0.7907339797 
0.7907678161 
0.7908015358 
0.7908351393 
0.7908686269 
0.7909019989 
0.7909352559 
0.7909683981 
0.7910014259 
0.7910343398 
0.7910671402 
0.7910998273 
0.7911324016 
0.7911648635 
0.7911972134 
0.7912294515 
0.7912615784 
0.7912935944 
0.7913254998 
0.7913572951 
0.7913889806 
0.7914205566 
0.7914520237 
0.7914833820 
0.7915146321 
0.7915457743 
0.7915768089 
0.7916077363 
0.7916385569 
0.7916692711 
0.7916998792 
0.7917303816 
0.7917607786 
0.7917910707 
0.7918212581 
0.7918513413 
0.7918813206 
0.7919111963 
0.7919409689 
0.7919706386 
0.7920002059 
0.7920296711 
0.7920590346 
0.7920882966 
0.7921174577 
0.7921465180 
0.7921754780 
0.7922043380 
0.7922330984 
0.7922617595 
0.7922903217 
0.7923187853 
0.7923471507 
0.7923754182 
0.7924035881 
0.7924316608 
0.7924596367 
0.7924875160 
0.7925152992 
0.7925429865 
0.7925705783 
0.7925980750 
0.7926254769 
0.7926527842 
0.7926799974 
0.7927071168 
0.7927341427 
0.7927610754 
0.7927879154 
0.7928146628 
0.7928413181 
0.7928678815 
0.7928943534 
0.7929207342 
0.7929470240 
0.7929732234 
0.7929993325 
0.7930253518 
0.7930512814 
0.7930771219 
0.7931028734 
0.7931285363 
0.7931541109 
0.7931795975 
0.7932049964 
0.7932303080 
0.7932555326 
0.7932806704 
0.7933057219 
0.7933306872 
0.7933555667 
0.7933803607 
0.7934050696 
0.7934296936 
0.7934542330 
0.7934786881 
0.7935030592 
0.7935273467 
0.7935515508 
0.7935756719 
0.7935997102 
0.7936236660 
0.7936236660 
0.7936475396 
0.7936713313 
0.7936950415 
0.7937186703 
0.7937422182 
0.7937656853 
0.7937890720 
0.7938123786 
0.7938356053 
0.7938587524 
0.7938818203 
0.7939048091 
0.7939277193 
0.7939505510 
0.7939733045 
0.7939959802 
0.7940185783 
0.7940410991 
0.7940635428 
0.7940859097 
0.7941082002 
0.7941304144 
0.7941525527 
0.7941746153 
0.7941966024 
0.7942185145 
0.7942403516 
0.7942621142 
0.7942838024 
0.7943054165 
0.7943269567 
0.7943484235 
0.7943698169 
0.7943911373 
0.7944123848 
0.7944335599 
0.7944546627 
0.7944756934 
0.7944966524 
0.7945175399 
0.7945383561 
0.7945591013 
0.7945797758 
0.7946003797 
0.7946209133 
0.7946413769 
0.7946617708 
0.7946820951 
0.7947023500 
0.7947225360 
0.7947426530 
0.7947627016 
0.7947826817 
0.7948025938 
0.7948224379 
0.7948422145 
0.7948619236 
0.7948815655 
0.7949011404 
0.7949206487 
0.7949400904 
0.7949594659 
0.7949787753 
0.7949980189 
0.7950171969 
0.7950363095 
0.7950553569 
0.7950743394 
0.7950932572 
0.7951121105 
0.7951308994 
0.7951496243 
0.7951682853 
0.7951868827 
0.7952054166 
0.7952238872 
0.7952422949 
0.7952606397 
0.7952789219 
0.7952971416 
0.7953152992 
0.7953333947 
0.7953514284 
0.7953694006 
0.7953873113 
0.7954051607 
0.7954229492 
0.7954406768 
0.7954583438 
0.7954759504 
0.7954934967 
0.7955109829 
0.7955284093 
0.7955457759 
0.7955630831 
0.7955803309 
0.7955975196 
0.7956146494 
0.7956317203 
0.7956487327 
0.7956656867 
0.7956825824 
0.7956994201 
0.7957161998 
0.7957329219 
0.7957495864 
0.7957661935 
0.7957827434 
0.7957992363 
0.7958156723 
0.7958320517 
0.7958483744 
0.7958646408 
0.7958808510 
0.7958970052 
0.7959131034 
0.7959291459 
0.7959451328 
0.7959610643 
0.7959769406 
0.7959927617 
0.7960085279 
0.7960242392 
0.7960398959 
0.7960554981 
0.7960710459 
0.7960865395 
0.7961019790 
0.7961173646 
0.7961326964 
0.7961479745 
0.7961631992 
0.7961783704 
0.7961934885 
0.7962085534 
0.7962235654 
0.7962385245 
0.7962534310 
0.7962682849 
0.7962830864 
0.7962978355 
0.7963125325 
0.7963271774 
0.7963417704 
0.7963563116 
0.7963708011 
0.7963852391 
0.7963996256 
0.7964139608 
0.7964282448 
0.7964424777 
0.7964566596 
0.7964707907 
0.7964848711 
0.7964989008 
0.7965128800 
0.7965268088 
0.7965406872 
0.7965545155 
0.7965682937 
0.7965820219 
0.7965957003 
0.7966093288 
0.7966229077 
0.7966364370 
0.7966499168 
0.7966633472 
0.7966767284 
0.7966900603 
0.7967033432 
0.7967165770 
0.7967297620 
0.7967428981 
0.7967559854 
0.7967690242 
0.7967820144 
0.7967949561 
0.7968078494 
0.7968206944 
0.7968334912 
0.7968462398 
0.7968589404 
0.7968715930 
0.7968841977 
0.7968967546 
0.7969092637 
0.7969217252 
0.7969341390 
0.7969465053 
0.7969588242 
0.7969710956 
0.7969833198 
0.7969954967 
0.7970076263 
0.7970197089 
0.7970317444 
0.7970437329 
0.7970556745 
0.7970675692 
0.7970675692 
0.7970794171 
0.7970912183 
0.7971029727 
0.7971146805 
0.7971263417 
0.7971379564 
0.7971495246 
0.7971610464 
0.7971725219 
0.7971839510 
0.7971953338 
0.7972066704 
0.7972179609 
0.7972292052 
0.7972404034 
0.7972515556 
0.7972626618 
0.7972737220 
0.7972847363 
0.7972957048 
0.7973066274 
0.7973175042 
0.7973283353 
0.7973391206 
0.7973498603 
0.7973605543 
0.7973712026 
0.7973818054 
0.7973923627 
0.7974028744 
0.7974133406 
0.7974237613 
0.7974341367 
0.7974444666 
0.7974547511 
0.7974649902 
0.7974751840 
0.7974853325 
0.7974954357 
0.7975054936 
0.7975155063 
0.7975254737 
0.7975353960 
0.7975452730 
0.7975551048 
0.7975648915 
0.7975746331 
0.7975843295 
0.7975939807 
0.7976035869 
0.7976131480 
0.7976226640 
0.7976321349 
0.7976415607 
0.7976509415 
0.7976602772 
0.7976695679 
0.7976788136 
0.7976880142 
0.7976971698 
0.7977062803 
0.7977153458 
0.7977243664 
0.7977333418 
0.7977422723 
0.7977511578 
0.7977599982 
0.7977687936 
0.7977775440 
0.7977862494 
0.7977949097 
0.7978035250 
0.7978120953 
0.7978206205 
0.7978291006 
0.7978375357 
0.7978459258 
0.7978542707 
0.7978625706 
0.7978708254 
0.7978790350 
0.7978871996 
0.7978953190 
0.7979033933 
0.7979114224 
0.7979194064 
0.7979273452 
0.7979352388 
0.7979430872 
0.7979508903 
0.7979586483 
0.7979663609 
0.7979740283 
0.7979816504 
0.7979892272 
0.7979967586 
0.7980042447 
0.7980116854 
0.7980190808 
0.7980264307 
0.7980337352 
0.7980409942 
0.7980482078 
0.7980553759 
0.7980624984 
0.7980695754 
0.7980766068 
0.7980835926 
0.7980905328 
0.7980974274 
0.7981042763 
0.7981110795 
0.7981178370 
0.7981245487 
0.7981312147 
0.7981378348 
0.7981444091 
0.7981509376 
0.7981574202 
0.7981638568 
0.7981702475 
0.7981765922 
0.7981828910 
0.7981891437 
0.7981953503 
0.7982015108 
0.7982076253 
0.7982136935 
0.7982197156 
0.7982256914 
0.7982316210 
0.7982375044 
0.7982433414 
0.7982491320 
0.7982548763 
0.7982605742 
0.7982662256 
0.7982718306 
0.7982773890 
0.7982829010 
0.7982883663 
0.7982937850 
0.7982991571 
0.7983044826 
0.7983097613 
0.7983149933 
0.7983201785 
0.7983253169 
0.7983304084 
0.7983354531 
0.7983404509 
0.7983454018 
0.7983503056 
0.7983551625 
0.7983599723 
0.7983647351 
0.7983694507 
0.7983741192 
0.7983787405 
0.7983833146 
0.7983878415 
0.7983923211 
0.7983967534 
0.7984011384 
0.7984054760 
0.7984097662 
0.7984140089 
0.7984182042 
0.7984223520 
0.7984264522 
0.7984305049 
0.7984345100 
0.7984384675 
0.7984423773 
0.7984462394 
0.7984500538 
0.7984538204 
0.7984575393 
0.7984612103 
0.7984648336 
0.7984684089 
0.7984719364 
0.7984754159 
0.7984788475 
0.7984822311 
0.7984855667 
0.7984888542 
0.7984920937 
0.7984952851 
0.7984984284 
0.7985015235 
0.7985045705 
0.7985075693 
0.7985105199 
0.7985134222 
0.7985162763 
0.7985190821 
0.7985218396 
0.7985245487 
0.7985245487 
0.7985272095 
0.7985298219 
0.7985323860 
0.7985349016 
0.7985373688 
0.7985397875 
0.7985421578 
0.7985444796 
0.7985467529 
0.7985489776 
0.7985511538 
0.7985532815 
0.7985553606 
0.7985573911 
0.7985593731 
0.7985613064 
0.7985631911 
0.7985650272 
0.7985668146 
0.7985685534 
0.7985702435 
0.7985718849 
0.7985734777 
0.7985750218 
0.7985765172 
0.7985779639 
0.7985793619 
0.7985807112 
0.7985820117 
0.7985832636 
0.7985844668 
0.7985856212 
0.7985867269 
0.7985877840 
0.7985887923 
0.7985897519 
0.7985906628 
0.7985915250 
0.7985923385 
0.7985931033 
0.7985938194 
0.7985944869 
0.7985951057 
0.7985956758 
0.7985961973 
0.7985966701 
0.7985970944 
0.7985974700 
0.7985977971 
0.7985980755 
0.7985983054 
0.7985984868 
0.7985986197 
0.7985987040 
0.7985987399 
0.7985987273 
0.7985986663 
0.7985985569 
0.7985983990 
0.7985981929 
0.7985979384 
0.7985976356 
0.7985972845 
0.7985968852 
0.7985964377 
0.7985959420 
0.7985953981 
0.7985948062 
0.7985941662 
0.7985934781 
0.7985927421 
0.7985919582 
0.7985911263 
0.7985902465 
0.7985893190 
0.7985883437 
0.7985873206 
0.7985862499 
0.7985851315 
0.7985839656 
0.7985827521 
0.7985814912 
0.7985801828 
0.7985788271 
0.7985774241 
0.7985759739 
0.7985744765 
0.7985729319 
0.7985713403 
0.7985697017 
0.7985680162 
0.7985662838 
0.7985645046 
0.7985626788 
0.7985608062 
0.7985588871 
0.7985569215 
0.7985549095 
0.7985528511 
0.7985507464 
0.7985485956 
0.7985463987 
0.7985441557 
0.7985418668 
0.7985395321 
0.7985371516 
0.7985347254 
0.7985322537 
0.7985297365 
0.7985271738 
0.7985245659 
0.7985219128 
0.7985192146 
0.7985164714 
0.7985136833 
0.7985108504 
0.7985079728 
0.7985050507 
0.7985020841 
0.7984990731 
0.7984960179 
0.7984929185 
0.7984897751 
0.7984865879 
0.7984833568 
0.7984800821 
0.7984767639 
0.7984734023 
0.7984699973 
0.7984665492 
0.7984630581 
0.7984595241 
0.7984559473 
0.7984523279 
0.7984486661 
0.7984449618 
0.7984412153 
0.7984374268 
0.7984335963 
0.7984297241 
0.7984258102 
0.7984218548 
0.7984178581 
0.7984138202 
0.7984097413 
0.7984056215 
0.7984014610 
0.7983972599 
0.7983930185 
0.7983887368 
0.7983844150 
0.7983800534 
0.7983756520 
0.7983712110 
0.7983667307 
0.7983622112 
0.7983576526 
0.7983530552 
0.7983484191 
0.7983437445 
0.7983390316 
0.7983342805 
0.7983294916 
0.7983246649 
0.7983198006 
0.7983148990 
0.7983099602 
0.7983049845 
0.7982999720 
0.7982949229 
0.7982898375 
0.7982847160 
0.7982795584 
0.7982743652 
0.7982691364 
0.7982638723 
0.7982585731 
0.7982532390 
0.7982478703 
0.7982424672 
0.7982370298 
0.7982315584 
0.7982260533 
0.7982205146 
0.7982149426 
0.7982093376 
0.7982036997 
0.7981980293 
0.7981923264 
0.7981865915 
0.7981808247 
0.7981750263 
0.7981691965 
0.7981633355 
0.7981574437 
0.7981515212 
0.7981455684 
0.7981395855 
0.7981335727 
0.7981335727 
0.7981275304 
0.7981214587 
0.7981153579 
0.7981092283 
0.7981030703 
0.7980968839 
0.7980906696 
0.7980844276 
0.7980781582 
0.7980718616 
0.7980655382 
0.7980591881 
0.7980528118 
0.7980464095 
0.7980399815 
0.7980335280 
0.7980270494 
0.7980205460 
0.7980140180 
0.7980074658 
0.7980008897 
0.7979942900 
0.7979876669 
0.7979810208 
0.7979743520 
0.7979676608 
0.7979609476 
0.7979542126 
0.7979474561 
0.7979406785 
0.7979338801 
0.7979270613 
0.7979202223 
0.7979133635 
0.7979064852 
0.7978995878 
0.7978926715 
0.7978857368 
0.7978787839 
0.7978718132 
0.7978648250 
0.7978578198 
0.7978507977 
0.7978437593 
0.7978367047 
0.7978296345 
0.7978225489 
0.7978154483 
0.7978083331 
0.7978012035 
0.7977940601 
0.7977869031 
0.7977797329 
0.7977725498 
0.7977653544 
0.7977581468 
0.7977509276 
0.7977436970 
0.7977364555 
0.7977292034 
0.7977219411 
0.7977146690 
0.7977073875 
0.7977000970 
0.7976927978 
0.7976854904 
0.7976781752 
0.7976708525 
0.7976635227 
0.7976561863 
0.7976488436 
0.7976414951 
0.7976341411 
0.7976267820 
0.7976194184 
0.7976120505 
0.7976046788 
0.7975973037 
0.7975899257 
0.7975825450 
0.7975751623 
0.7975677778 
0.7975603920 
0.7975530054 
0.7975456183 
0.7975382312 
0.7975308445 
0.7975234587 
0.7975160742 
0.7975086914 
0.7975013107 
0.7974939326 
0.7974865576 
0.7974791861 
0.7974718185 
0.7974644552 
0.7974570968 
0.7974497437 
0.7974423963 
0.7974350550 
0.7974277204 
0.7974203929 
0.7974130729 
0.7974057610 
0.7973984575 
0.7973911629 
0.7973838778 
0.7973766025 
0.7973693375 
0.7973620833 
0.7973548404 
0.7973476093 
0.7973403904 
0.7973331841 
0.7973259911 
0.7973188117 
0.7973116464 
0.7973044957 
0.7972973602 
0.7972902402 
0.7972831363 
0.7972760489 
0.7972689786 
0.7972619258 
0.7972548911 
0.7972478749 
0.7972408777 
0.7972339000 
0.7972269423 
0.7972200052 
0.7972130890 
0.7972061944 
0.7971993218 
0.7971924717 
0.7971856446 
0.7971788411 
0.7971720616 
0.7971653067 
0.7971585769 
0.7971518726 
0.7971451944 
0.7971385428 
0.7971319183 
0.7971253215 
0.7971187529 
0.7971122129 
0.7971057021 
0.7970992211 
0.7970927702 
0.7970863502 
0.7970799615 
0.7970736045 
0.7970672799 
0.7970609882 
0.7970547300 
0.7970485056 
0.7970423157 
0.7970361608 
0.7970300415 
0.7970239582 
0.7970179115 
0.7970119020 
0.7970059302 
0.7969999966 
0.7969941017 
0.7969882462 
0.7969824304 
0.7969766551 
0.7969709207 
0.7969652278 
0.7969595769 
0.7969539685 
0.7969484033 
0.7969428817 
0.7969374043 
0.7969319717 
0.7969265844 
0.7969212429 
0.7969159479 
0.7969106998 
0.7969054992 
0.7969003467 
0.7968952427 
0.7968901880 
0.7968851830 
0.7968802282 
0.7968753243 
0.7968704718 
0.7968656713 
0.7968609232 
0.7968562283 
0.7968515869 
0.7968469997 
0.7968424673 
0.7968379902 
0.7968335690 
0.7968292042 
0.7968248963 
0.7968206461 
0.7968206461 
0.7968164539 
0.7968123204 
0.7968082462 
0.7968042317 
0.7968002777 
0.7967963845 
0.7967925529 
0.7967887833 
0.7967850764 
0.7967814326 
0.7967778526 
0.7967743369 
0.7967708861 
0.7967675008 
0.7967641814 
0.7967609287 
0.7967577431 
0.7967546252 
0.7967515757 
0.7967485949 
0.7967456836 
0.7967428423 
0.7967400715 
0.7967373718 
0.7967347438 
0.7967321881 
0.7967297052 
0.7967272957 
0.7967249601 
0.7967226990 
0.7967205130 
0.7967184027 
0.7967163685 
0.7967144112 
0.7967125312 
0.7967107291 
0.7967090054 
0.7967073608 
0.7967057959 
0.7967043110 
0.7967029069 
0.7967015841 
0.7967003432 
0.7966991846 
0.7966981091 
0.7966971171 
0.7966962092 
0.7966953859 
0.7966946479 
0.7966939957 
0.7966934298 
0.7966929508 
0.7966925593 
0.7966922558 
0.7966920409 
0.7966919151 
0.7966918790 
0.7966919332 
0.7966920781 
0.7966923144 
0.7966926427 
0.7966930633 
0.7966935770 
0.7966941843 
0.7966948857 
0.7966956817 
0.7966965730 
0.7966975601 
0.7966986434 
0.7966998236 
0.7967011012 
0.7967024768 
0.7967039509 
0.7967055240 
0.7967071967 
0.7967089695 
0.7967108430 
0.7967128177 
0.7967148941 
0.7967170729 
0.7967193544 
0.7967217393 
0.7967242281 
0.7967268213 
0.7967295195 
0.7967323231 
0.7967352328 
0.7967382490 
0.7967413723 
0.7967446032 
0.7967479422 
0.7967513899 
0.7967549468 
0.7967586133 
0.7967623901 
0.7967662776 
0.7967702764 
0.7967743870 
0.7967786098 
0.7967829455 
0.7967873945 
0.7967919573 
0.7967966344 
0.7968014264 
0.7968063337 
0.7968113570 
0.7968164966 
0.7968217530 
0.7968271268 
0.7968326186 
0.7968382286 
0.7968439576 
0.7968498059 
0.7968557741 
0.7968618626 
0.7968680720 
0.7968744027 
0.7968808552 
0.7968874301 
0.7968941277 
0.7969009486 
0.7969078933 
0.7969149622 
0.7969221558 
0.7969294747 
0.7969369191 
0.7969444898 
0.7969521870 
0.7969600113 
0.7969679632 
0.7969760431 
0.7969842514 
0.7969925887 
0.7970010554 
0.7970096519 
0.7970183788 
0.7970272364 
0.7970362253 
0.7970453458 
0.7970545984 
0.7970639837 
0.7970735019 
0.7970831536 
0.7970929392 
0.7971028591 
0.7971129138 
0.7971231037 
0.7971334292 
0.7971438909 
0.7971544890 
0.7971652241 
0.7971760965 
0.7971871067 
0.7971982551 
0.7972095421 
0.7972209681 
0.7972325336 
0.7972442390 
0.7972560846 
0.7972680710 
0.7972801984 
0.7972924673 
0.7973048780 
0.7973174311 
0.7973301269 
0.7973429657 
0.7973559481 
0.7973690743 
0.7973823447 
0.7973957598 
0.7974093199 
0.7974230254 
0.7974368767 
0.7974508742 
0.7974650182 
0.7974793091 
0.7974937473 
0.7975083331 
0.7975230670 
0.7975379492 
0.7975529802 
0.7975681602 
0.7975834897 
0.7975989691 
0.7976145985 
0.7976303785 
0.7976463093 
0.7976623913 
0.7976786248 
0.7976950103 
0.7977115479 
0.7977282380 
0.7977450811 
0.7977620773 
0.7977792271 
0.7977965308 
0.7978139886 
0.7978316009 
0.7978493680 
0.7978493680 
0.7978672902 
0.7978853679 
0.7979036014 
0.7979219909 
0.7979405367 
0.7979592392 
0.7979780987 
0.7979971155 
0.7980162897 
0.7980356219 
0.7980551121 
0.7980747608 
0.7980945682 
0.7981145346 
0.7981346602 
0.7981549454 
0.7981753904 
0.7981959955 
0.7982167609 
0.7982376870 
0.7982587739 
0.7982800220 
0.7983014314 
0.7983230026 
0.7983447356 
0.7983666308 
0.7983886884 
0.7984109087 
0.7984332919 
0.7984558382 
0.7984785479 
0.7985014212 
0.7985244583 
0.7985476595 
0.7985710250 
0.7985945550 
0.7986182498 
0.7986421095 
0.7986661344 
0.7986903247 
0.7987146806 
0.7987392023 
0.7987638901 
0.7987887440 
0.7988137644 
0.7988389514 
0.7988643052 
0.7988898261 
0.7989155141 
0.7989413695 
0.7989673925 
0.7989935832 
0.7990199419 
0.7990464687 
0.7990731638 
0.7991000273 
0.7991270595 
0.7991542604 
0.7991816304 
0.7992091694 
0.7992368777 
0.7992647555 
0.7992928028 
0.7993210199 
0.7993494068 
0.7993779638 
0.7994066910 
0.7994355885 
0.7994646565 
0.7994938950 
0.7995233043 
0.7995528844 
0.7995826355 
0.7996125577 
0.7996426511 
0.7996729159 
0.7997033522 
0.7997339600 
0.7997647396 
0.7997956909 
0.7998268142 
0.7998581095 
0.7998895768 
0.7999212165 
0.7999530284 
0.7999850127 
0.8000171696 
0.8000494990 
0.8000820011 
0.8001146760 
0.8001475237 
0.8001805444 
0.8002137381 
0.8002471048 
0.8002806447 
0.8003143578 
0.8003482442 
0.8003823040 
0.8004165371 
0.8004509438 
0.8004855240 
0.8005202777 
0.8005552052 
0.8005903063 
0.8006255811 
0.8006610297 
0.8006966522 
0.8007324485 
0.8007684188 
0.8008045629 
0.8008408811 
0.8008773733 
0.8009140395 
0.8009508797 
0.8009878941 
0.8010250826 
0.8010624452 
0.8010999819 
0.8011376928 
0.8011755779 
0.8012136372 
0.8012518707 
0.8012902783 
0.8013288602 
0.8013676163 
0.8014065466 
0.8014456511 
0.8014849298 
0.8015243827 
0.8015640097 
0.8016038110 
0.8016437864 
0.8016839359 
0.8017242595 
0.8017647573 
0.8018054291 
0.8018462750 
0.8018872949 
0.8019284888 
0.8019698567 
0.8020113985 
0.8020531142 
0.8020950038 
0.8021370671 
0.8021793043 
0.8022217152 
0.8022642998 
0.8023070581 
0.8023499899 
0.8023930953 
0.8024363741 
0.8024798264 
0.8025234521 
0.8025672511 
0.8026112234 
0.8026553688 
0.8026996874 
0.8027441790 
0.8027888436 
0.8028336812 
0.8028786916 
0.8029238747 
0.8029692306 
0.8030147591 
0.8030604601 
0.8031063336 
0.8031523794 
0.8031985975 
0.8032449879 
0.8032915503 
0.8033382847 
0.8033851911 
0.8034322693 
0.8034795193 
0.8035269408 
0.8035745339 
0.8036222985 
0.8036702344 
0.8037183415 
0.8037666197 
0.8038150689 
0.8038636890 
0.8039124800 
0.8039614416 
0.8040105737 
0.8040598763 
0.8041093493 
0.8041589924 
0.8042088056 
0.8042587888 
0.8043089419 
0.8043592646 
0.8044097569 
0.8044604187 
0.8045112498 
0.8045622501 
0.8046134195 
0.8046647578 
0.8047162649 
0.8047162649 
0.8047679407 
0.8048197849 
0.8048717976 
0.8049239784 
0.8049763274 
0.8050288443 
0.8050815290 
0.8051343813 
0.8051874012 
0.8052405884 
0.8052939428 
0.8053474643 
0.8054011526 
0.8054550077 
0.8055090294 
0.8055632174 
0.8056175718 
0.8056720923 
0.8057267787 
0.8057816308 
0.8058366486 
0.8058918319 
0.8059471804 
0.8060026941 
0.8060583727 
0.8061142160 
0.8061702240 
0.8062263964 
0.8062827331 
0.8063392339 
0.8063958986 
0.8064527270 
0.8065097189 
0.8065668743 
0.8066241928 
0.8066816744 
0.8067393188 
0.8067971258 
0.8068550953 
0.8069132272 
0.8069715211 
0.8070299769 
0.8070885944 
0.8071473735 
0.8072063139 
0.8072654155 
0.8073246780 
0.8073841013 
0.8074436852 
0.8075034295 
0.8075633339 
0.8076233984 
0.8076836226 
0.8077440065 
0.8078045497 
0.8078652522 
0.8079261136 
0.8079871339 
0.8080483127 
0.8081096499 
0.8081711454 
0.8082327988 
0.8082946100 
0.8083565788 
0.8084187049 
0.8084809882 
0.8085434285 
0.8086060255 
0.8086687791 
0.8087316890 
0.8087947550 
0.8088579770 
0.8089213546 
0.8089848877 
0.8090485761 
0.8091124195 
0.8091764178 
0.8092405707 
0.8093048781 
0.8093693396 
0.8094339551 
0.8094987244 
0.8095636472 
0.8096287234 
0.8096939527 
0.8097593348 
0.8098248697 
0.8098905570 
0.8099563965 
0.8100223880 
0.8100885314 
0.8101548263 
0.8102212725 
0.8102878699 
0.8103546181 
0.8104215171 
0.8104885665 
0.8105557661 
0.8106231157 
0.8106906151 
0.8107582641 
0.8108260624 
0.8108940097 
0.8109621060 
0.8110303509 
0.8110987442 
0.8111672857 
0.8112359752 
0.8113048123 
0.8113737970 
0.8114429290 
0.8115122080 
0.8115816339 
0.8116512063 
0.8117209250 
0.8117907899 
0.8118608007 
0.8119309572 
0.8120012590 
0.8120717061 
0.8121422982 
0.8122130350 
0.8122839162 
0.8123549418 
0.8124261114 
0.8124974248 
0.8125688818 
0.8126404821 
0.8127122255 
0.8127841118 
0.8128561408 
0.8129283121 
0.8130006256 
0.8130730811 
0.8131456783 
0.8132184169 
0.8132912968 
0.8133643176 
0.8134374793 
0.8135107814 
0.8135842239 
0.8136578064 
0.8137315288 
0.8138053907 
0.8138793921 
0.8139535325 
0.8140278118 
0.8141022298 
0.8141767862 
0.8142514808 
0.8143263133 
0.8144012835 
0.8144763912 
0.8145516362 
0.8146270181 
0.8147025369 
0.8147781922 
0.8148539837 
0.8149299114 
0.8150059748 
0.8150821739 
0.8151585083 
0.8152349779 
0.8153115823 
0.8153883214 
0.8154651949 
0.8155422026 
0.8156193443 
0.8156966197 
0.8157740285 
0.8158515706 
0.8159292457 
0.8160070536 
0.8160849941 
0.8161630668 
0.8162412717 
0.8163196083 
0.8163980766 
0.8164766763 
0.8165554071 
0.8166342688 
0.8167132611 
0.8167923840 
0.8168716370 
0.8169510200 
0.8170305328 
0.8171101750 
0.8171899466 
0.8172698472 
0.8173498766 
0.8174300345 
0.8175103209 
0.8175907353 
0.8176712777 
0.8177519477 
0.8178327451 
0.8179136697 
0.8179947213 
0.8180758996 
0.8180758996 
0.8181572045 
0.8182386356 
0.8183201927 
0.8184018757 
0.8184836842 
0.8185656181 
0.8186476771 
0.8187298611 
0.8188121696 
0.8188946027 
0.8189771599 
0.8190598412 
0.8191426462 
0.8192255747 
0.8193086265 
0.8193918014 
0.8194750992 
0.8195585196 
0.8196420624 
0.8197257273 
0.8198095143 
0.8198934229 
0.8199774530 
0.8200616044 
0.8201458769 
0.8202302702 
0.8203147840 
0.8203994183 
0.8204841727 
0.8205690470 
0.8206540411 
0.8207391546 
0.8208243874 
0.8209097393 
0.8209952099 
0.8210807992 
0.8211665068 
0.8212523326 
0.8213382764 
0.8214243378 
0.8215105168 
0.8215968130 
0.8216832263 
0.8217697564 
0.8218564031 
0.8219431663 
0.8220300456 
0.8221170409 
0.8222041520 
0.8222913786 
0.8223787205 
0.8224661775 
0.8225537494 
0.8226414360 
0.8227292370 
0.8228171522 
0.8229051815 
0.8229933246 
0.8230815813 
0.8231699514 
0.8232584346 
0.8233470308 
0.8234357398 
0.8235245613 
0.8236134951 
0.8237025410 
0.8237916988 
0.8238809683 
0.8239703492 
0.8240598415 
0.8241494447 
0.8242391589 
0.8243289836 
0.8244189188 
0.8245089643 
0.8245991197 
0.8246893849 
0.8247797598 
0.8248702440 
0.8249608374 
0.8250515398 
0.8251423509 
0.8252332706 
0.8253242987 
0.8254154350 
0.8255066791 
0.8255980311 
0.8256894905 
0.8257810573 
0.8258727313 
0.8259645122 
0.8260563998 
0.8261483939 
0.8262404944 
0.8263327009 
0.8264250135 
0.8265174317 
0.8266099554 
0.8267025845 
0.8267953187 
0.8268881579 
0.8269811017 
0.8270741501 
0.8271673028 
0.8272605596 
0.8273539204 
0.8274473849 
0.8275409530 
0.8276346244 
0.8277283989 
0.8278222764 
0.8279162567 
0.8280103395 
0.8281045247 
0.8281988121 
0.8282932014 
0.8283876925 
0.8284822853 
0.8285769794 
0.8286717747 
0.8287666711 
0.8288616682 
0.8289567660 
0.8290519643 
0.8291472628 
0.8292426614 
0.8293381598 
0.8294337579 
0.8295294556 
0.8296252525 
0.8297211485 
0.8298171435 
0.8299132372 
0.8300094295 
0.8301057201 
0.8302021089 
0.8302985958 
0.8303951804 
0.8304918626 
0.8305886423 
0.8306855192 
0.8307824933 
0.8308795641 
0.8309767317 
0.8310739959 
0.8311713563 
0.8312688129 
0.8313663655 
0.8314640138 
0.8315617578 
0.8316595972 
0.8317575318 
0.8318555615 
0.8319536861 
0.8320519054 
0.8321502192 
0.8322486274 
0.8323471297 
0.8324457260 
0.8325444161 
0.8326431999 
0.8327420771 
0.8328410475 
0.8329401111 
0.8330392676 
0.8331385169 
0.8332378587 
0.8333372930 
0.8334368194 
0.8335364379 
0.8336361483 
0.8337359503 
0.8338358439 
0.8339358289 
0.8340359050 
0.8341360721 
0.8342363301 
0.8343366787 
0.8344371178 
0.8345376472 
0.8346382668 
0.8347389763 
0.8348397757 
0.8349406647 
0.8350416431 
0.8351427109 
0.8352438678 
0.8353451136 
0.8354464483 
0.8355478715 
0.8356493832 
0.8357509832 
0.8358526713 
0.8359544474 
0.8360563112 
0.8361582627 
0.8362603016 
0.8363624278 
0.8364646411 
0.8364646411 
0.8365669414 
0.8366693285 
0.8367718022 
0.8368743624 
0.8369770089 
0.8370797415 
0.8371825601 
0.8372854644 
0.8373884545 
0.8374915300 
0.8375946909 
0.8376979369 
0.8378012679 
0.8379046837 
0.8380081843 
0.8381117693 
0.8382154387 
0.8383191923 
0.8384230300 
0.8385269515 
0.8386309568 
0.8387350456 
0.8388392178 
0.8389434732 
0.8390478118 
0.8391522332 
0.8392567375 
0.8393613243 
0.8394659937 
0.8395707453 
0.8396755790 
0.8397804948 
0.8398854924 
0.8399905717 
0.8400957324 
0.8402009746 
0.8403062980 
0.8404117024 
0.8405171878 
0.8406227539 
0.8407284006 
0.8408341277 
0.8409399351 
0.8410458227 
0.8411517903 
0.8412578377 
0.8413639647 
0.8414701714 
0.8415764574 
0.8416828226 
0.8417892669 
0.8418957901 
0.8420023921 
0.8421090728 
0.8422158319 
0.8423226694 
0.8424295850 
0.8425365787 
0.8426436502 
0.8427507995 
0.8428580264 
0.8429653307 
0.8430727123 
0.8431801710 
0.8432877067 
0.8433953193 
0.8435030086 
0.8436107744 
0.8437186167 
0.8438265352 
0.8439345298 
0.8440426004 
0.8441507468 
0.8442589689 
0.8443672665 
0.8444756396 
0.8445840878 
0.8446926112 
0.8448012096 
0.8449098827 
0.8450186305 
0.8451274529 
0.8452363496 
0.8453453206 
0.8454543657 
0.8455634847 
0.8456726775 
0.8457819440 
0.8458912841 
0.8460006975 
0.8461101842 
0.8462197440 
0.8463293768 
0.8464390824 
0.8465488606 
0.8466587114 
0.8467686347 
0.8468786301 
0.8469886978 
0.8470988374 
0.8472090488 
0.8473193319 
0.8474296867 
0.8475401128 
0.8476506103 
0.8477611789 
0.8478718185 
0.8479825290 
0.8480933102 
0.8482041620 
0.8483150843 
0.8484260769 
0.8485371398 
0.8486482726 
0.8487594754 
0.8488707480 
0.8489820902 
0.8490935020 
0.8492049831 
0.8493165334 
0.8494281529 
0.8495398413 
0.8496515985 
0.8497634245 
0.8498753190 
0.8499872820 
0.8500993132 
0.8502114126 
0.8503235800 
0.8504358154 
0.8505481185 
0.8506604892 
0.8507729274 
0.8508854330 
0.8509980058 
0.8511106457 
0.8512233525 
0.8513361262 
0.8514489666 
0.8515618735 
0.8516748469 
0.8517878866 
0.8519009925 
0.8520141644 
0.8521274022 
0.8522407058 
0.8523540750 
0.8524675098 
0.8525810099 
0.8526945753 
0.8528082059 
0.8529219014 
0.8530356617 
0.8531494869 
0.8532633766 
0.8533773308 
0.8534913493 
0.8536054321 
0.8537195789 
0.8538337897 
0.8539480644 
0.8540624027 
0.8541768046 
0.8542912700 
0.8544057987 
0.8545203905 
0.8546350455 
0.8547497633 
0.8548645440 
0.8549793873 
0.8550942932 
0.8552092616 
0.8553242922 
0.8554393850 
0.8555545398 
0.8556697565 
0.8557850350 
0.8559003752 
0.8560157770 
0.8561312401 
0.8562467645 
0.8563623501 
0.8564779967 
0.8565937043 
0.8567094726 
0.8568253015 
0.8569411910 
0.8570571409 
0.8571731511 
0.8572892214 
0.8574053517 
0.8575215420 
0.8576377920 
0.8577541017 
0.8578704710 
0.8579868996 
0.8581033875 
0.8582199346 
0.8583365407 
0.8583365407 
