-0.7884034535 
-0.3796456567 
-0.3501565114 
-0.3303854628 
-0.3235839580 
-0.3193604316 
-0.3155368249 
-0.3113329565 
-0.3080532231 
-0.3061463408 
-0.3034617993 
-0.2984053168 
-0.2921206053 
-0.2863734825 
-0.2817666386 
-0.2780983498 
-0.2750636471 
-0.2724388334 
-0.2700710859 
-0.2678476187 
-0.2656748883 
-0.2634669572 
-0.2611400549 
-0.2586125942 
-0.2558120532 
-0.2526909868 
-0.2492517316 
-0.2455705718 
-0.2418007795 
-0.2381359751 
-0.2347433907 
-0.2317075056 
-0.2290174191 
-0.2265951616 
-0.2243473350 
-0.2222511289 
-0.2205122219 
-0.2195514899 
-0.2188114778 
-0.2158313850 
-0.2093429077 
-0.2007779664 
-0.1924014831 
-0.1859193538 
-0.1820434094 
-0.1808828800 
-0.1825518233 
-0.1872129452 
-0.1942598658 
-0.2016368993 
-0.2071704339 
-0.2103849628 
-0.2120939346 
-0.2132009531 
-0.2142665279 
-0.2155666677 
-0.2172142186 
-0.2192374927 
-0.2216567473 
-0.2245912700 
-0.2275250350 
-0.2264042859 
-0.2192058910 
-0.2167855297 
-0.2271807901 
-0.2451737171 
-0.2647119145 
-0.2837415467 
-0.3015991213 
-0.3177411730 
-0.3316789449 
-0.3430747611 
-0.3517947102 
-0.3579523947 
-0.3618592161 
-0.3638250494 
-0.3639522468 
-0.3621808940 
-0.3586793007 
-0.3540285420 
-0.3489637116 
-0.3441261155 
-0.3398383029 
-0.3360732934 
-0.3326200822 
-0.3291706610 
-0.3253690628 
-0.3208867983 
-0.3155637907 
-0.3096167848 
-0.3036580691 
-0.2983440747 
-0.2940174160 
-0.2906561512 
-0.2880267853 
-0.2858520928 
-0.2839076328 
-0.2820487639 
-0.2801989786 
-0.2783260193 
-0.2783260193 
-0.2764201273 
-0.2744792975 
-0.2725013476 
-0.2704808134 
-0.2684086002 
-0.2662728679 
-0.2640602414 
-0.2617568965 
-0.2593493599 
-0.2568250081 
-0.2541723151 
-0.2513809104 
-0.2484415059 
-0.2453457370 
-0.2420859523 
-0.2386549755 
-0.2350458592 
-0.2312516415 
-0.2272651145 
-0.2230786086 
-0.2186837910 
-0.2140714738 
-0.2092314218 
-0.2041521469 
-0.1988206714 
-0.1932222423 
-0.1873399710 
-0.1811543731 
-0.1746427738 
-0.1677785372 
-0.1605300635 
-0.1528594813 
-0.1447209335 
-0.1360583229 
-0.1268023416 
-0.1168665665 
-0.1061423751 
-0.0944924188 
-0.0817420812 
-0.0676655752 
-0.0519562792 
-0.0343532547 
-0.0164709488 
-0.0028130831 
0.0058118900 
0.0110734421 
0.0142993105 
0.0160647939 
0.0164581122 
0.0156715819 
0.0141469006 
0.0123397141 
0.0105703959 
0.0090102049 
0.0076271387 
0.0062878729 
0.0062360698 
0.0080240855 
0.0110981576 
0.0151845492 
0.0174857258 
0.0182242217 
0.0184145428 
0.0186690055 
0.0191879233 
0.0199832185 
0.0210194684 
0.0222580805 
0.0236621572 
0.0251947160 
0.0268188952 
0.0284997865 
0.0302064720 
0.0319135583 
0.0336020454 
0.0352595442 
0.0368799057 
0.0384624130 
0.0400107826 
0.0415322296 
0.0430367817 
0.0445369690 
0.0460480300 
0.0475888571 
0.0491841047 
0.0508683004 
0.0526937034 
0.0547456375 
0.0571729791 
0.0602455457 
0.0644149963 
0.0698630968 
0.0726469706 
0.0730780411 
0.0693549617 
0.0747094392 
0.0806834536 
0.0820458043 
0.0815454019 
0.0815454019 
0.0799678541 
0.0767267195 
0.0729446919 
0.0698826474 
0.0677642981 
0.0664839210 
0.0659794275 
0.0660664736 
0.0664609077 
0.0669423573 
0.0673886931 
0.0677332187 
0.0679522304 
0.0680626133 
0.0681012680 
0.0681047596 
0.0681017206 
0.0681110268 
0.0681411880 
0.0681921846 
0.0682591341 
0.0683355646 
0.0684155237 
0.0684947892 
0.0685712988 
0.0686448937 
0.0687166915 
0.0687884049 
0.0688617680 
0.0689381444 
0.0690183392 
0.0691025891 
0.0691906666 
0.0692820332 
0.0693759932 
0.0694718104 
0.0695687735 
0.0696662078 
0.0697634412 
0.0698597388 
0.0699542144 
0.0700457281 
0.0701327653 
0.0702132898 
0.0702845461 
0.0703427766 
0.0703827920 
0.0703973025 
0.0703758698 
0.0703032976 
0.0701573962 
0.0699070101 
0.0695159198 
0.0689773400 
0.0684618602 
0.0686700219 
0.0700114820 
0.0692872531 
0.0681690544 
0.0678750681 
0.0678710294 
0.0682820627 
0.0690687094 
0.0698478918 
0.0704557375 
0.0711412318 
0.0719032056 
0.0726894978 
0.0736247128 
0.0746242658 
0.0756330577 
0.0766725104 
0.0776285629 
0.0785452481 
0.0793800046 
0.0801406605 
0.0808766871 
0.0815390683 
0.0822362803 
0.0828580580 
0.0835588090 
0.0841496956 
0.0848803817 
0.0853838677 
0.0862235008 
0.0864319063 
0.0877726475 
0.0868083476 
0.0905768339 
0.0845142848 
0.0986485148 
0.0860916015 
0.0826869440 
0.1279555345 
0.0897489283 
0.0789414438 
0.0910825115 
0.0985610943 
0.1039544803 
0.1039544803 
0.1092404272 
0.0982162625 
0.1043041326 
0.0948463062 
0.0933444807 
0.0881770103 
0.1328242226 
0.1042446514 
0.0889889799 
0.0977716488 
0.1029957162 
0.1034690367 
0.0915526872 
0.1198073313 
0.0937107645 
0.0987556433 
0.1067219767 
0.0860647767 
0.1150160416 
0.0784346609 
0.1202930986 
0.0879699827 
0.1103614151 
0.0988244895 
0.1034847491 
0.1070848454 
0.0775125020 
0.1221415375 
0.0979610137 
0.0915354094 
0.0853870503 
0.1119901694 
0.1010546995 
0.0936473002 
0.0927495656 
0.1186141173 
0.0980053516 
0.0925260491 
0.0458357533 
0.1504388022 
0.1192731621 
0.1113543460 
0.1106592611 
0.1164221451 
0.1286884553 
0.1212914609 
0.1343967619 
0.1561509003 
0.1985000777 
0.1601270806 
0.1416919118 
0.1561072598 
0.1461623920 
0.1627146260 
0.1725322410 
0.2228557354 
0.1780385796 
0.1828089133 
0.1880909023 
0.1505859524 
0.2125121009 
0.1675704399 
0.1573808077 
0.1505673866 
0.1375492681 
0.1906819491 
0.1637468428 
0.1311406779 
0.1468124251 
0.1216050347 
0.1357014245 
0.1775805268 
0.1418654725 
0.1301053043 
0.1470970621 
0.1276437771 
0.1227679244 
0.1172710210 
0.1861751523 
0.1299874395 
0.1111719728 
0.1235393459 
0.1361877077 
0.1243010300 
0.1220236885 
0.1451943637 
0.1411558328 
0.1180907325 
0.1145147958 
0.1192513472 
0.1634460826 
0.1008292080 
0.1295835257 
0.1060928183 
0.1058760568 
0.1106499055 
0.1624215977 
0.1197431776 
0.1057211133 
0.1057211133 
0.1027699236 
0.1043556426 
0.1634602181 
0.1074167025 
0.0956983151 
0.0889619636 
0.1901614514 
0.0850185599 
0.1072956307 
0.1038117069 
0.1155565622 
0.1087365183 
0.1206556364 
0.1243124626 
0.1076185442 
0.1601882141 
0.0864738302 
0.1005926325 
0.1339134712 
0.0966644080 
0.1014738893 
0.1219769351 
0.1351369842 
0.1211104506 
0.1112724718 
0.1094353984 
0.1351989638 
0.1233928051 
0.1236770552 
0.1055938319 
0.1265365681 
0.1287763894 
0.1451330187 
0.1161117456 
0.1047572117 
0.1103941496 
0.1244268743 
0.0933159888 
0.0978559298 
0.2012808118 
0.0974791815 
0.1078883843 
0.0978507011 
0.1150374100 
0.1090250732 
0.1270192061 
0.1155244672 
0.1255368072 
0.0950575657 
0.0832046329 
0.1859159609 
0.0749808699 
0.1015372401 
0.0913050642 
0.1045323314 
0.1147320166 
0.1346498088 
0.1072783072 
0.1316339227 
0.1199351972 
0.1127276022 
0.1191764073 
0.1156032346 
0.1160770085 
0.1257823798 
0.1134502555 
0.1307180629 
0.1383048870 
0.1089481114 
0.1248870309 
0.1230297792 
0.1061231605 
0.1209519959 
0.0950018873 
0.1864568266 
0.0893433320 
0.1031972844 
0.1058714941 
0.1382231510 
0.1262972915 
0.0959577494 
0.1402558774 
0.0924505080 
0.1316501995 
0.1161598056 
0.1188188628 
0.1185092546 
0.1176756085 
0.1259779940 
0.1235096637 
0.1295400312 
0.1291657420 
0.1290114528 
0.1294717856 
0.1296843702 
0.1278894726 
0.1265697639 
0.1251467627 
0.1237903932 
0.1237903932 
0.1222966311 
0.1207527218 
0.1193111317 
0.1181527450 
0.1174071536 
0.1171199811 
0.1172421132 
0.1176306070 
0.1180897632 
0.1184469977 
0.1186162742 
0.1186139136 
0.1185291198 
0.1184735847 
0.1185354025 
0.1187527011 
0.1191101773 
0.1195538261 
0.1200158871 
0.1204400413 
0.1207975017 
0.1210896329 
0.1213391947 
0.1215762896 
0.1218254195 
0.1220979082 
0.1223910164 
0.1226924889 
0.1229876275 
0.1232656460 
0.1235230224 
0.1237632557 
0.1239939775 
0.1242231492 
0.1244559921 
0.1246936271 
0.1249335487 
0.1251713583 
0.1254028342 
0.1256254908 
0.1258391507 
0.1260455341 
0.1262472367 
0.1264466118 
0.1266449875 
0.1268424323 
0.1270380289 
0.1272304443 
0.1274185197 
0.1276016613 
0.1277799349 
0.1279538985 
0.1281242953 
0.1282917522 
0.1284565923 
0.1286188035 
0.1287781378 
0.1289342738 
0.1290869687 
0.1292361459 
0.1293819005 
0.1295244416 
0.1296640056 
0.1298007803 
0.1299348651 
0.1300662724 
0.1301949614 
0.1303208833 
0.1304440188 
0.1305643966 
0.1306820895 
0.1307971960 
0.1309098163 
0.1310200339 
0.1311279073 
0.1312334728 
0.1313367548 
0.1314377776 
0.1315365747 
0.1316331921 
0.1317276861 
0.1318201181 
0.1319105486 
0.1319990321 
0.1320856166 
0.1321703442 
0.1322532539 
0.1323343852 
0.1324137795 
0.1324914810 
0.1325675359 
0.1326419905 
0.1327148901 
0.1327862779 
0.1328561946 
0.1329246791 
0.1329917692 
0.1330575023 
0.1331219158 
0.1331219158 
0.1331850472 
0.1332469338 
0.1333076123 
0.1333671185 
0.1334254869 
0.1334827511 
0.1335389436 
0.1335940959 
0.1336482392 
0.1337014039 
0.1337536199 
0.1338049166 
0.1338553226 
0.1339048657 
0.1339535731 
0.1340014709 
0.1340485846 
0.1340949391 
0.1341405586 
0.1341854666 
0.1342296860 
0.1342732394 
0.1343161483 
0.1343584339 
0.1344001167 
0.1344412164 
0.1344817525 
0.1345217435 
0.1345612077 
0.1346001626 
0.1346386255 
0.1346766128 
0.1347141408 
0.1347512249 
0.1347878803 
0.1348241216 
0.1348599630 
0.1348954182 
0.1349305006 
0.1349652230 
0.1349995979 
0.1350336373 
0.1350673530 
0.1351007562 
0.1351338580 
0.1351666688 
0.1351991990 
0.1352314583 
0.1352634564 
0.1352952026 
0.1353267058 
0.1353579745 
0.1353890173 
0.1354198422 
0.1354504569 
0.1354808691 
0.1355110859 
0.1355411145 
0.1355709617 
0.1356006339 
0.1356301376 
0.1356594788 
0.1356886635 
0.1357176973 
0.1357465858 
0.1357753343 
0.1358039479 
0.1358324315 
0.1358607900 
0.1358890279 
0.1359171497 
0.1359451596 
0.1359730617 
0.1360008602 
0.1360285587 
0.1360561610 
0.1360836707 
0.1361110912 
0.1361384258 
0.1361656777 
0.1361928500 
0.1362199457 
0.1362469676 
0.1362739184 
0.1363008008 
0.1363276174 
0.1363543706 
0.1363810628 
0.1364076962 
0.1364342731 
0.1364607955 
0.1364872654 
0.1365136849 
0.1365400558 
0.1365663799 
0.1365926590 
0.1366188946 
0.1366450884 
0.1366712420 
0.1366712420 
0.1366973569 
0.1367234343 
0.1367494758 
0.1367754826 
0.1368014560 
0.1368273973 
0.1368533074 
0.1368791877 
0.1369050391 
0.1369308626 
0.1369566594 
0.1369824302 
0.1370081760 
0.1370338978 
0.1370595962 
0.1370852721 
0.1371109264 
0.1371365596 
0.1371621725 
0.1371877659 
0.1372133402 
0.1372388962 
0.1372644345 
0.1372899555 
0.1373154599 
0.1373409482 
0.1373664208 
0.1373918783 
0.1374173211 
0.1374427496 
0.1374681643 
0.1374935655 
0.1375189536 
0.1375443290 
0.1375696922 
0.1375950433 
0.1376203827 
0.1376457107 
0.1376710277 
0.1376963339 
0.1377216296 
0.1377469150 
0.1377721904 
0.1377974561 
0.1378227124 
0.1378479593 
0.1378731972 
0.1378984262 
0.1379236467 
0.1379488587 
0.1379740625 
0.1379992582 
0.1380244461 
0.1380496264 
0.1380747992 
0.1380999647 
0.1381251231 
0.1381502745 
0.1381754192 
0.1382005573 
0.1382256889 
0.1382508143 
0.1382759336 
0.1383010470 
0.1383261547 
0.1383512568 
0.1383763535 
0.1384014450 
0.1384265314 
0.1384516130 
0.1384766899 
0.1385017623 
0.1385268304 
0.1385518944 
0.1385769545 
0.1386020109 
0.1386270639 
0.1386521135 
0.1386771601 
0.1387022038 
0.1387272449 
0.1387522837 
0.1387773203 
0.1388023551 
0.1388273882 
0.1388524200 
0.1388774507 
0.1389024806 
0.1389275100 
0.1389525391 
0.1389775684 
0.1390025980 
0.1390276283 
0.1390526597 
0.1390776925 
0.1391027270 
0.1391277636 
0.1391528027 
0.1391778446 
0.1391778446 
0.1392028897 
0.1392279385 
0.1392529914 
0.1392780487 
0.1393031109 
0.1393281784 
0.1393532517 
0.1393783314 
0.1394034177 
0.1394285113 
0.1394536127 
0.1394787223 
0.1395038407 
0.1395289684 
0.1395541060 
0.1395792540 
0.1396044130 
0.1396295837 
0.1396547665 
0.1396799622 
0.1397051714 
0.1397303946 
0.1397556326 
0.1397808860 
0.1398061554 
0.1398314417 
0.1398567455 
0.1398820675 
0.1399074085 
0.1399327691 
0.1399581502 
0.1399835526 
0.1400089769 
0.1400344241 
0.1400598949 
0.1400853902 
0.1401109108 
0.1401364575 
0.1401620313 
0.1401876329 
0.1402132634 
0.1402389235 
0.1402646142 
0.1402903365 
0.1403160912 
0.1403418793 
0.1403677019 
0.1403935598 
0.1404194540 
0.1404453856 
0.1404713556 
0.1404973649 
0.1405234147 
0.1405495059 
0.1405756396 
0.1406018169 
0.1406280388 
0.1406543065 
0.1406806209 
0.1407069833 
0.1407333946 
0.1407598561 
0.1407863688 
0.1408129339 
0.1408395525 
0.1408662258 
0.1408929549 
0.1409197409 
0.1409465851 
0.1409734885 
0.1410004524 
0.1410274779 
0.1410545661 
0.1410817184 
0.1411089358 
0.1411362196 
0.1411635709 
0.1411909909 
0.1412184807 
0.1412460417 
0.1412736750 
0.1413013816 
0.1413291630 
0.1413570201 
0.1413849542 
0.1414129665 
0.1414410581 
0.1414692302 
0.1414974840 
0.1415258206 
0.1415542412 
0.1415827469 
0.1416113388 
0.1416400181 
0.1416687859 
0.1416976433 
0.1417265914 
0.1417556313 
0.1417847640 
0.1417847640 
0.1418139908 
0.1418433125 
0.1418727304 
0.1419022453 
0.1419318584 
0.1419615706 
0.1419913830 
0.1420212965 
0.1420513122 
0.1420814310 
0.1421116538 
0.1421419816 
0.1421724153 
0.1422029559 
0.1422336043 
0.1422643613 
0.1422952279 
0.1423262049 
0.1423572932 
0.1423884937 
0.1424198073 
0.1424512348 
0.1424827772 
0.1425144353 
0.1425462100 
0.1425781023 
0.1426101132 
0.1426422436 
0.1426744947 
0.1427068677 
0.1427393639 
0.1427719847 
0.1428047320 
0.1428376079 
0.1428706149 
0.1429037563 
0.1429370364 
0.1429704611 
0.1430040388 
0.1430377816 
0.1430717081 
0.1431058482 
0.1431402523 
0.1431750103 
0.1432102955 
0.1432464718 
0.1432843975 
0.1433264298 
0.1433806076 
0.1434847697 
0.1439203268 
0.1432799975 
0.1334706517 
0.1615593825 
0.1330244926 
0.1336435833 
0.1579892162 
0.1351907235 
0.1344258381 
0.1572181207 
0.1360997901 
0.1318391961 
0.1587471531 
0.1282930587 
0.1511962092 
0.1272531047 
0.1611116616 
0.1232764283 
0.1572959983 
0.1273987952 
0.1600578772 
0.1246457432 
0.1567525626 
0.1290024802 
0.1577315804 
0.1262048973 
0.1569184825 
0.1287887383 
0.1575166355 
0.1273093251 
0.1576445814 
0.1289959942 
0.1577480406 
0.1282279861 
0.1580047166 
0.1293770596 
0.1576346144 
0.1290222110 
0.1579289896 
0.1296859106 
0.1574606112 
0.1296209271 
0.1578070727 
0.1299641251 
0.1574502041 
0.1301006631 
0.1577370173 
0.1302771281 
0.1575127836 
0.1575127836 
0.1304975720 
0.1576954641 
0.1305999186 
0.1575903643 
0.1308208811 
0.1576979554 
0.1309029124 
0.1576824697 
0.1310901165 
0.1577526824 
0.1311744465 
0.1577893652 
0.1313222884 
0.1578482484 
0.1314100693 
0.1579110867 
0.1315246283 
0.1579738811 
0.1316097883 
0.1580505397 
0.1316997588 
0.1581234477 
0.1317769867 
0.1582089832 
0.1318492520 
0.1582926517 
0.1319157741 
0.1583853024 
0.1319745150 
0.1584784660 
0.1320296294 
0.1585776754 
0.1320771809 
0.1586788767 
0.1321213974 
0.1587842930 
0.1321591770 
0.1588922876 
0.1321935009 
0.1590034480 
0.1322225355 
0.1591172445 
0.1322480659 
0.1592336019 
0.1322692363 
0.1593524167 
0.1322870153 
0.1594734067 
0.1323011481 
0.1595965960 
0.1323121231 
0.1597216765 
0.1323200080 
0.1598486920 
0.1323250310 
0.1599773666 
0.1323274147 
0.1601077366 
0.1323272503 
0.1602395671 
0.1323248274 
0.1603728887 
0.1323201609 
0.1605074987 
0.1323135680 
0.1606434335 
0.1323050100 
0.1607805086 
0.1322948213 
0.1609187817 
0.1322829086 
0.1610580670 
0.1322696357 
0.1611984668 
0.1322548305 
0.1613397615 
0.1322389252 
0.1614821416 
0.1322216093 
0.1616252879 
0.1322034757 
0.1617695781 
0.1321839331 
0.1619144326 
0.1321639615 
0.1620606781 
0.1321423225 
0.1622070279 
0.1321209972 
0.1623555372 
0.1320970445 
0.1625027992 
0.1320753229 
0.1626547318 
0.1320477546 
0.1628007266 
0.1320285745 
0.1629606828 
0.1319918708 
0.1319918708 
0.1630959267 
0.1319869477 
0.1632847804 
0.1319164171 
0.1633621619 
0.1319812987 
0.1636885976 
0.1317537484 
0.1634362691 
0.1322036088 
0.1645232664 
0.1311762572 
0.1620646223 
0.1345044756 
0.1660307353 
0.1301104382 
0.1560838342 
0.1435256265 
0.1554504450 
0.1390931585 
0.1609310583 
0.1319948938 
0.1691377443 
0.1298903882 
0.1554458811 
0.1397007201 
0.1589108288 
0.1369536234 
0.1600574455 
0.1344247353 
0.1577199166 
0.1325995266 
0.1647141148 
0.1298340171 
0.1582850148 
0.1443202682 
0.1540198885 
0.1482415220 
0.1491667103 
0.1510688631 
0.1481573633 
0.1477115763 
0.1547294457 
0.1477521771 
0.1495434511 
0.1549662304 
0.1485944982 
0.1392764146 
0.1611934787 
0.1397232574 
0.1637997918 
0.1334559177 
0.1689447469 
0.1298493936 
0.1551625175 
0.1402479376 
0.1613416362 
0.1344888474 
0.1647983969 
0.1328631232 
0.1609625827 
0.1337791177 
0.1717973963 
0.1325947410 
0.1577238358 
0.1320554858 
0.1428791099 
0.1252366366 
0.1442418169 
0.1202151408 
0.1445125158 
0.1208656144 
0.1397840094 
0.1183723199 
0.1338296070 
0.1159184591 
0.1351936385 
0.1258872010 
0.1518417125 
0.1245397322 
0.1414252420 
0.1269820429 
0.1288519367 
0.1172324260 
0.1214257570 
0.1097346422 
0.1429435216 
0.1305384055 
0.1709892363 
0.1545338893 
0.1883605535 
0.1625456911 
0.1859074747 
0.1703872454 
0.1659470330 
0.1673254241 
0.1568688788 
0.1707923762 
0.1520015411 
0.1520015411 
0.1773756075 
0.1545607078 
0.1793431468 
0.1551020800 
0.1796551666 
0.1574990129 
0.1785096102 
0.1560162056 
0.1796533693 
0.1586919562 
0.1795595118 
0.1570679706 
0.1808913808 
0.1593748399 
0.1791126828 
0.1563638576 
0.1796308398 
0.1585890666 
0.1784306943 
0.1564491788 
0.1805497841 
0.1596577527 
0.1801599434 
0.1576827941 
0.1814973834 
0.1609184178 
0.1797641652 
0.1579125725 
0.1813208840 
0.1605935282 
0.1799522625 
0.1579030273 
0.1815183400 
0.1608173308 
0.1802067529 
0.1581022916 
0.1816211534 
0.1611219972 
0.1800334823 
0.1582085127 
0.1816420666 
0.1611104622 
0.1801401143 
0.1582128823 
0.1816173786 
0.1611335164 
0.1799817357 
0.1581356076 
0.1814766672 
0.1610376729 
0.1798410833 
0.1580450684 
0.1813750870 
0.1609723687 
0.1797339738 
0.1579522833 
0.1812350024 
0.1608811056 
0.1795143602 
0.1578042397 
0.1810406298 
0.1607026970 
0.1793300574 
0.1576336828 
0.1808499987 
0.1605516630 
0.1791179419 
0.1574652504 
0.1806441336 
0.1603804577 
0.1788881581 
0.1572809586 
0.1804256037 
0.1601848894 
0.1786679805 
0.1570878297 
0.1802022088 
0.1599922961 
0.1784316820 
0.1568932042 
0.1799734015 
0.1597892684 
0.1782005313 
0.1566973113 
0.1797451671 
0.1595861502 
0.1779714901 
0.1565031845 
0.1795165352 
0.1593822541 
0.1777419227 
0.1563108893 
0.1792887872 
0.1591768051 
0.1775196238 
0.1561228015 
0.1790649978 
0.1589757210 
0.1773013549 
0.1773013549 
0.1559405687 
0.1788447827 
0.1587767495 
0.1770892639 
0.1557640138 
0.1786291012 
0.1585812864 
0.1768846204 
0.1555943509 
0.1784188077 
0.1583908802 
0.1766866660 
0.1554321869 
0.1782140665 
0.1582050302 
0.1764967342 
0.1552777461 
0.1780153615 
0.1580246045 
0.1763147045 
0.1551314428 
0.1778228002 
0.1578497234 
0.1761406290 
0.1549934369 
0.1776365147 
0.1576804471 
0.1759748681 
0.1548638972 
0.1774566139 
0.1575170238 
0.1758172360 
0.1547429094 
0.1772830262 
0.1573593403 
0.1756677761 
0.1546304811 
0.1771157216 
0.1572073971 
0.1755264479 
0.1545266279 
0.1769546031 
0.1570611370 
0.1753930956 
0.1544313119 
0.1767995242 
0.1569204066 
0.1752676320 
0.1543444762 
0.1766503326 
0.1567850779 
0.1751498985 
0.1542660554 
0.1765068354 
0.1566549757 
0.1750397256 
0.1541959713 
0.1763688257 
0.1565299065 
0.1749369483 
0.1541341456 
0.1762360792 
0.1564096700 
0.1748413741 
0.1540805001 
0.1761083513 
0.1562940488 
0.1747528109 
0.1540349630 
0.1759853866 
0.1561828233 
0.1746710594 
0.1539974731 
0.1758669140 
0.1560757722 
0.1745959106 
0.1539679819 
0.1757526483 
0.1559726765 
0.1745271505 
0.1539464569 
0.1756422909 
0.1558733277 
0.1744645547 
0.1539328844 
0.1755355277 
0.1557775337 
0.1744078861 
0.1539272692 
0.1754320289 
0.1556851284 
0.1743568909 
0.1539296348 
0.1753314486 
0.1555959847 
0.1743112909 
0.1539400192 
0.1752334243 
0.1555100296 
0.1555100296 
0.1742707756 
0.1539584674 
0.1751375790 
0.1554272663 
0.1742349907 
0.1539850174 
0.1750435264 
0.1553477996 
0.1742035252 
0.1540196771 
0.1749508809 
0.1552718686 
0.1741758968 
0.1540623894 
0.1748592759 
0.1551998820 
0.1741515366 
0.1541129823 
0.1747683941 
0.1551324540 
0.1741297776 
0.1541711035 
0.1746780125 
0.1550704301 
0.1741098503 
0.1542361434 
0.1745880617 
0.1550148913 
0.1740908913 
0.1543071594 
0.1744986953 
0.1549671164 
0.1740719716 
0.1543828288 
0.1744103518 
0.1549284857 
0.1740521490 
0.1544614659 
0.1743237788 
0.1549003206 
0.1740305423 
0.1545411411 
0.1742399858 
0.1548836750 
0.1740064198 
0.1546199139 
0.1741601014 
0.1548791265 
0.1739792854 
0.1546961395 
0.1740851539 
0.1548866345 
0.1739489421 
0.1547687569 
0.1740158430 
0.1549055221 
0.1739155174 
0.1548374477 
0.1739523961 
0.1549345953 
0.1738794396 
0.1549026070 
0.1738945690 
0.1549723627 
0.1738413686 
0.1549651508 
0.1738417781 
0.1550172834 
0.1738020945 
0.1550262479 
0.1737932926 
0.1550679732 
0.1737624275 
0.1550870739 
0.1737484047 
0.1551233271 
0.1737231006 
0.1551486426 
0.1737065334 
0.1551825520 
0.1736847076 
0.1552117305 
0.1736672562 
0.1552451332 
0.1736476794 
0.1552768730 
0.1736302943 
0.1553107671 
0.1736122956 
0.1553444041 
0.1735954760 
0.1553792892 
0.1735787151 
0.1554145111 
0.1735626980 
0.1554506152 
0.1735470120 
0.1554872851 
0.1735318950 
0.1735318950 
0.1555247000 
0.1735172062 
0.1555627588 
0.1735030185 
0.1556015131 
0.1734892858 
0.1556409318 
0.1734760254 
0.1556810261 
0.1734632207 
0.1557217850 
0.1734508719 
0.1557632078 
0.1734389705 
0.1558052886 
0.1734275119 
0.1558480233 
0.1734164893 
0.1558914067 
0.1734058968 
0.1559354338 
0.1733957278 
0.1559800994 
0.1733859760 
0.1560253983 
0.1733766349 
0.1560713249 
0.1733676979 
0.1561178740 
0.1733591584 
0.1561650400 
0.1733510100 
0.1562128175 
0.1733432459 
0.1562612012 
0.1733358597 
0.1563101855 
0.1733288448 
0.1563597652 
0.1733221946 
0.1564099349 
0.1733159028 
0.1564606893 
0.1733099627 
0.1565120232 
0.1733043681 
0.1565639315 
0.1732991124 
0.1566164091 
0.1732941893 
0.1566694509 
0.1732895924 
0.1567230520 
0.1732853155 
0.1567772076 
0.1732813523 
0.1568319128 
0.1732776963 
0.1568871630 
0.1732743415 
0.1569429533 
0.1732712816 
0.1569992793 
0.1732685103 
0.1570561364 
0.1732660214 
0.1571135201 
0.1732638087 
0.1571714261 
0.1732618659 
0.1572298500 
0.1732601870 
0.1572887875 
0.1732587655 
0.1573482344 
0.1732575953 
0.1574081865 
0.1732566702 
0.1574686397 
0.1732559837 
0.1575295898 
0.1732555297 
0.1575910330 
0.1732553017 
0.1576529651 
0.1732552933 
0.1577153823 
0.1732554982 
0.1577782806 
0.1732559099 
0.1578416561 
0.1732565219 
0.1579055051 
0.1732573276 
0.1579698238 
0.1732583205 
0.1580346083 
0.1732594937 
0.1580998549 
0.1580998549 
0.1732608408 
0.1581655600 
0.1732623547 
0.1582317198 
0.1732640288 
0.1582983308 
0.1732658561 
0.1583653894 
0.1732678296 
0.1584328918 
0.1732699423 
0.1585008348 
0.1732721871 
0.1585692146 
0.1732745567 
0.1586380279 
0.1732770441 
0.1587072711 
0.1732796417 
0.1587769410 
0.1732823422 
0.1588470341 
0.1732851382 
0.1589175471 
0.1732880220 
0.1589884767 
0.1732909861 
0.1590598197 
0.1732940228 
0.1591315729 
0.1732971242 
0.1592037331 
0.1733002825 
0.1592762973 
0.1733034898 
0.1593492624 
0.1733067381 
0.1594226255 
0.1733100192 
0.1594963836 
0.1733133251 
0.1595705340 
0.1733166475 
0.1596450738 
0.1733199780 
0.1597200003 
0.1733233083 
0.1597953110 
0.1733266300 
0.1598710034 
0.1733299344 
0.1599470749 
0.1733332130 
0.1600235233 
0.1733364571 
0.1601003463 
0.1733396579 
0.1601775419 
0.1733428066 
0.1602551079 
0.1733458943 
0.1603330425 
0.1733489119 
0.1604113440 
0.1733518505 
0.1604900107 
0.1733547009 
0.1605690411 
0.1733574539 
0.1606484339 
0.1733601002 
0.1607281878 
0.1733626303 
0.1608083019 
0.1733650349 
0.1608887751 
0.1733673045 
0.1609696069 
0.1733694293 
0.1610507967 
0.1733713997 
0.1611323441 
0.1733732059 
0.1612142491 
0.1733748380 
0.1612965116 
0.1733762859 
0.1613791320 
0.1733775397 
0.1614621108 
0.1733785891 
0.1615454485 
0.1733794238 
0.1616291464 
0.1733800333 
0.1617132054 
0.1733804072 
0.1617976272 
0.1733805348 
0.1733805348 
0.1618824133 
0.1733804052 
0.1619675659 
0.1733800075 
0.1620530873 
0.1733793305 
0.1621389800 
0.1733783632 
0.1622252469 
0.1733770940 
0.1623118913 
0.1733755113 
0.1623989167 
0.1733736033 
0.1624863272 
0.1733713581 
0.1625741268 
0.1733687634 
0.1626623204 
0.1733658068 
0.1627509129 
0.1733624756 
0.1628399099 
0.1733587570 
0.1629293171 
0.1733546377 
0.1630191410 
0.1733501043 
0.1631093883 
0.1733451428 
0.1632000663 
0.1733397393 
0.1632911828 
0.1733338792 
0.1633827460 
0.1733275477 
0.1634747648 
0.1733207296 
0.1635672486 
0.1733134092 
0.1636602074 
0.1733055704 
0.1637536517 
0.1732971966 
0.1638475930 
0.1732882707 
0.1639420430 
0.1732787752 
0.1640370146 
0.1732686917 
0.1641325209 
0.1732580016 
0.1642285763 
0.1732466853 
0.1643251956 
0.1732347228 
0.1644223948 
0.1732220932 
0.1645201905 
0.1732087748 
0.1646186003 
0.1731947453 
0.1647176428 
0.1731799814 
0.1648173376 
0.1731644589 
0.1649177055 
0.1731481526 
0.1650187681 
0.1731310365 
0.1651205484 
0.1731130833 
0.1652230704 
0.1730942647 
0.1653263595 
0.1730745514 
0.1654304421 
0.1730539127 
0.1655353463 
0.1730323168 
0.1656411011 
0.1730097305 
0.1657477371 
0.1729861195 
0.1658552861 
0.1729614482 
0.1659637815 
0.1729356795 
0.1660732578 
0.1729087752 
0.1661837507 
0.1728806959 
0.1662952973 
0.1728514011 
0.1664079356 
0.1728208491 
0.1665217044 
0.1727889978 
0.1666366435 
0.1666366435 
0.1727558042 
0.1667527925 
0.1727212252 
0.1668701911 
0.1726852181 
0.1669888785 
0.1726477409 
0.1671088923 
0.1726087535 
0.1672302679 
0.1725682179 
0.1673530373 
0.1725261003 
0.1674772280 
0.1724823719 
0.1676028608 
0.1724370109 
0.1677299485 
0.1723900047 
0.1678584927 
0.1723413526 
0.1679884815 
0.1722910690 
0.1681198857 
0.1722391867 
0.1682526551 
0.1721857614 
0.1683867138 
0.1721308768 
0.1685219552 
0.1720746493 
0.1686582365 
0.1720172345 
0.1687953729 
0.1719588326 
0.1689331317 
0.1718996951 
0.1690712269 
0.1718401295 
0.1692093146 
0.1717805044 
0.1693469897 
0.1717212520 
0.1694837852 
0.1716628679 
0.1696191749 
0.1716059081 
0.1697525794 
0.1715509810 
0.1698833784 
0.1714987345 
0.1700109264 
0.1714498386 
0.1701345757 
0.1714049619 
0.1702537020 
0.1713647452 
0.1703677349 
0.1713297721 
0.1704761877 
0.1713005402 
0.1705786858 
0.1712774349 
0.1706749908 
0.1712607091 
0.1707650151 
0.1712504704 
0.1708488283 
0.1712466778 
0.1709266516 
0.1712491483 
0.1709988419 
0.1712575715 
0.1710658670 
0.1712715325 
0.1711282747 
0.1712905375 
0.1711866585 
0.1713140422 
0.1712416241 
0.1713414792 
0.1712937590 
0.1713722821 
0.1713436078 
0.1714059059 
0.1713916540 
0.1714418417 
0.1714383096 
0.1714796274 
0.1714839114 
0.1715188530 
0.1715287220 
0.1715591625 
0.1715729369 
0.1716002526 
0.1716166925 
0.1716418692 
0.1716600770 
0.1716838026 
0.1716838026 
0.1717031402 
0.1717258819 
0.1717459039 
0.1717679697 
0.1717883701 
0.1718099563 
0.1718305282 
0.1718517554 
0.1718723603 
0.1718932992 
0.1719138459 
0.1719345354 
0.1719549639 
0.1719754238 
0.1719956955 
0.1720159344 
0.1720360241 
0.1720560451 
0.1720759369 
0.1720957402 
0.1721154244 
0.1721350095 
0.1721544805 
0.1721738471 
0.1721931023 
0.1722122508 
0.1722312896 
0.1722502213 
0.1722690449 
0.1722877620 
0.1723063727 
0.1723248783 
0.1723432795 
0.1723615774 
0.1723797733 
0.1723978682 
0.1724158635 
0.1724337606 
0.1724515608 
0.1724692656 
0.1724868766 
0.1725043952 
0.1725218232 
0.1725391621 
0.1725564136 
0.1725735794 
0.1725906612 
0.1726076608 
0.1726245799 
0.1726414203 
0.1726581838 
0.1726748722 
0.1726914873 
0.1727080309 
0.1727245048 
0.1727409108 
0.1727572508 
0.1727735265 
0.1727897397 
0.1728058922 
0.1728219859 
0.1728380224 
0.1728540036 
0.1728699311 
0.1728858068 
0.1729016323 
0.1729174094 
0.1729331397 
0.1729488248 
0.1729644665 
0.1729800663 
0.1729956259 
0.1730111468 
0.1730266306 
0.1730420789 
0.1730574930 
0.1730728746 
0.1730882251 
0.1731035459 
0.1731188384 
0.1731341040 
0.1731493441 
0.1731645600 
0.1731797530 
0.1731949244 
0.1732100755 
0.1732252074 
0.1732403213 
0.1732554185 
0.1732705001 
0.1732855672 
0.1733006208 
0.1733156621 
0.1733306920 
0.1733457116 
0.1733607218 
0.1733757237 
0.1733907181 
0.1734057059 
0.1734057059 
0.1734206880 
0.1734356652 
0.1734506383 
0.1734656082 
0.1734805756 
0.1734955413 
0.1735105059 
0.1735254701 
0.1735404346 
0.1735554000 
0.1735703670 
0.1735853362 
0.1736003080 
0.1736152830 
0.1736302618 
0.1736452448 
0.1736602326 
0.1736752255 
0.1736902239 
0.1737052284 
0.1737202392 
0.1737352567 
0.1737502813 
0.1737653132 
0.1737803529 
0.1737954004 
0.1738104562 
0.1738255204 
0.1738405933 
0.1738556751 
0.1738707658 
0.1738858659 
0.1739009752 
0.1739160941 
0.1739312226 
0.1739463607 
0.1739615087 
0.1739766665 
0.1739918343 
0.1740070120 
0.1740221997 
0.1740373973 
0.1740526050 
0.1740678226 
0.1740830502 
0.1740982877 
0.1741135350 
0.1741287921 
0.1741440589 
0.1741593354 
0.1741746214 
0.1741899168 
0.1742052215 
0.1742205354 
0.1742358584 
0.1742511903 
0.1742665309 
0.1742818801 
0.1742972378 
0.1743126038 
0.1743279779 
0.1743433598 
0.1743587495 
0.1743741467 
0.1743895512 
0.1744049628 
0.1744203813 
0.1744358065 
0.1744512381 
0.1744666759 
0.1744821198 
0.1744975694 
0.1745130245 
0.1745284849 
0.1745439504 
0.1745594206 
0.1745748954 
0.1745903745 
0.1746058576 
0.1746213445 
0.1746368350 
0.1746523287 
0.1746678255 
0.1746833251 
0.1746988271 
0.1747143314 
0.1747298377 
0.1747453457 
0.1747608552 
0.1747763658 
0.1747918775 
0.1748073898 
0.1748229026 
0.1748384155 
0.1748539283 
0.1748694408 
0.1748849527 
0.1749004638 
0.1749159737 
0.1749159737 
0.1749314823 
0.1749469893 
0.1749624944 
0.1749779973 
0.1749934979 
0.1750089959 
0.1750244911 
0.1750399831 
0.1750554718 
0.1750709569 
0.1750864381 
0.1751019152 
0.1751173881 
0.1751328564 
0.1751483198 
0.1751637783 
0.1751792314 
0.1751946790 
0.1752101209 
0.1752255568 
0.1752409864 
0.1752564096 
0.1752718260 
0.1752872356 
0.1753026379 
0.1753180327 
0.1753334199 
0.1753487992 
0.1753641703 
0.1753795329 
0.1753948869 
0.1754102319 
0.1754255677 
0.1754408941 
0.1754562107 
0.1754715172 
0.1754868135 
0.1755020991 
0.1755173738 
0.1755326373 
0.1755478893 
0.1755631294 
0.1755783573 
0.1755935726 
0.1756087750 
0.1756239641 
0.1756391394 
0.1756543006 
0.1756694473 
0.1756845788 
0.1756996949 
0.1757147949 
0.1757298784 
0.1757449446 
0.1757599932 
0.1757750233 
0.1757900344 
0.1758050257 
0.1758199965 
0.1758349459 
0.1758498730 
0.1758647769 
0.1758796567 
0.1758945112 
0.1759093393 
0.1759241398 
0.1759389112 
0.1759536523 
0.1759683615 
0.1759830370 
0.1759976771 
0.1760122798 
0.1760268430 
0.1760413645 
0.1760558417 
0.1760702719 
0.1760846522 
0.1760989793 
0.1761132499 
0.1761274599 
0.1761416053 
0.1761556814 
0.1761696833 
0.1761836053 
0.1761974414 
0.1762111848 
0.1762248282 
0.1762383633 
0.1762517812 
0.1762650716 
0.1762782235 
0.1762912243 
0.1763040601 
0.1763167155 
0.1763291729 
0.1763414127 
0.1763534130 
0.1763651489 
0.1763765921 
0.1763765921 
0.1763877108 
0.1763984685 
0.1764088237 
0.1764187289 
0.1764281295 
0.1764369627 
0.1764451557 
0.1764526245 
0.1764592715 
0.1764649836 
0.1764696295 
0.1764730583 
0.1764750984 
0.1764755601 
0.1764742464 
0.1764709791 
0.1764656590 
0.1764583812 
0.1764495961 
0.1764400053 
0.1764282229 
0.1763973156 
0.1762683419 
0.1758842492 
0.1755973758 
0.1763526286 
0.1767673060 
0.1766399327 
0.1764625761 
0.1763776856 
0.1763378286 
0.1761435359 
0.1755824836 
0.1745207083 
0.1730752708 
0.1716152686 
0.1704532395 
0.1696774453 
0.1692136525 
0.1689489099 
0.1688305741 
0.1688955349 
0.1692428156 
0.1699689314 
0.1710995700 
0.1725564803 
0.1741775454 
0.1757713923 
0.1771764194 
0.1783026370 
0.1791444026 
0.1797634906 
0.1802534626 
0.1807019467 
0.1811648148 
0.1816582451 
0.1821665017 
0.1826584225 
0.1831046155 
0.1834891879 
0.1838132074 
0.1840907098 
0.1843406343 
0.1845787894 
0.1848128948 
0.1850417832 
0.1852580098 
0.1854520744 
0.1856163452 
0.1857473626 
0.1858461114 
0.1859166882 
0.1859642710 
0.1859933161 
0.1860065698 
0.1860050152 
0.1859884925 
0.1859565550 
0.1859091630 
0.1858469971 
0.1857713832 
0.1856839771 
0.1855864053 
0.1854800166 
0.1853658061 
0.1852444863 
0.1851166285 
0.1849827947 
0.1848436120 
0.1846997791 
0.1845520270 
0.1844010671 
0.1842475517 
0.1840920592 
0.1839351003 
0.1837771355 
0.1836185918 
0.1834598731 
0.1833013624 
0.1833013624 
0.1831434198 
0.1829863784 
0.1828305416 
0.1826761832 
0.1825235487 
0.1823728577 
0.1822243065 
0.1820780697 
0.1819343011 
0.1817931346 
0.1816546851 
0.1815190485 
0.1813863032 
0.1812565106 
0.1811297165 
0.1810059520 
0.1808852348 
0.1807675700 
0.1806529516 
0.1805413632 
0.1804327798 
0.1803271680 
0.1802244877 
0.1801246933 
0.1800277341 
0.1799335555 
0.1798421004 
0.1797533090 
0.1796671205 
0.1795834731 
0.1795023048 
0.1794235540 
0.1793471595 
0.1792730615 
0.1792012012 
0.1791315212 
0.1790639660 
0.1789984818 
0.1789350164 
0.1788735197 
0.1788139435 
0.1787562412 
0.1787003682 
0.1786462817 
0.1785939405 
0.1785433048 
0.1784943378 
0.1784469993 
0.1784012667 
0.1783570633 
0.1783145128 
0.1782729922 
0.1782348122 
0.1781902861 
0.1781809309 
0.1780204531 
0.1785775981 
0.1756256498 
0.1874957519 
0.1578093043 
0.1962864755 
0.1573655450 
0.1855578610 
0.1764042671 
0.1668121406 
0.1818149638 
0.1744651842 
0.1572086053 
0.1656591934 
0.1347062730 
0.1547436760 
0.1579817162 
0.1523653481 
0.1541136651 
0.1559612522 
0.1565819344 
0.1581644013 
0.1606294575 
0.1635506674 
0.1668827383 
0.1704934183 
0.1741757556 
0.1777940606 
0.1813161973 
0.1848357740 
0.1886427753 
0.1934293083 
0.2006735289 
0.2094307318 
0.1997754315 
0.2017281074 
0.1936915630 
0.1933925844 
0.1923490534 
0.1909347843 
0.1876890573 
0.1836596436 
0.1789868805 
0.1744696525 
0.1744696525 
0.1709184039 
0.1693442223 
0.1702812108 
0.1733165619 
0.1774332202 
0.1815719697 
0.1847322003 
0.1864108161 
0.1866845095 
0.1860678164 
0.1852275908 
0.1847435143 
0.1849399715 
0.1858419856 
0.1872305682 
0.1887553184 
0.1900739523 
0.1909738502 
0.1914251365 
0.1915531895 
0.1915593410 
0.1916340926 
0.1918951079 
0.1923626015 
0.1929704313 
0.1936037862 
0.1941482919 
0.1945316697 
0.1947431055 
0.1948265257 
0.1948553477 
0.1949018455 
0.1950129449 
0.1951990937 
0.1954372501 
0.1956845925 
0.1958967262 
0.1960434440 
0.1961168762 
0.1961304267 
0.1961105551 
0.1960856457 
0.1960763408 
0.1960902972 
0.1961222635 
0.1961584655 
0.1961830519 
0.1961840467 
0.1961568597 
0.1961046021 
0.1960357066 
0.1959601929 
0.1958861208 
0.1958173952 
0.1957534041 
0.1956902541 
0.1956228778 
0.1955471263 
0.1954611345 
0.1953656300 
0.1952632877 
0.1951575375 
0.1950513442 
0.1949463810 
0.1948428023 
0.1947395759 
0.1946351513 
0.1945281694 
0.1944179632 
0.1943047178 
0.1941893042 
0.1940729069 
0.1939566152 
0.1938411242 
0.1937266273 
0.1936128978 
0.1934994944 
0.1933859963 
0.1932721809 
0.1931580956 
0.1930440211 
0.1929303594 
0.1928175015 
0.1927057237 
0.1925951418 
0.1924857277 
0.1923773698 
0.1922699477 
0.1921633932 
0.1920577190 
0.1919530132 
0.1918494068 
0.1917470332 
0.1916459929 
0.1915463368 
0.1914480675 
0.1913511570 
0.1912555692 
0.1911612805 
0.1911612805 
0.1910682902 
0.1909766205 
0.1908863083 
0.1907973922 
0.1907099017 
0.1906238507 
0.1905392376 
0.1904560495 
0.1903742694 
0.1902938825 
0.1902148802 
0.1901372606 
0.1900610263 
0.1899861809 
0.1899127251 
0.1898406553 
0.1897699625 
0.1897006340 
0.1896326551 
0.1895660114 
0.1895006898 
0.1894366793 
0.1893739703 
0.1893125533 
0.1892524183 
0.1891935541 
0.1891359475 
0.1890795844 
0.1890244498 
0.1889705288 
0.1889178067 
0.1888662695 
0.1888159037 
0.1887666958 
0.1887186324 
0.1886716997 
0.1886258834 
0.1885811692 
0.1885375422 
0.1884949878 
0.1884534915 
0.1884130391 
0.1883736166 
0.1883352102 
0.1882978060 
0.1882613904 
0.1882259496 
0.1881914699 
0.1881579376 
0.1881253392 
0.1880936613 
0.1880628906 
0.1880330140 
0.1880040188 
0.1879758921 
0.1879486214 
0.1879221943 
0.1878965983 
0.1878718212 
0.1878478509 
0.1878246756 
0.1878022834 
0.1877806628 
0.1877598023 
0.1877396907 
0.1877203169 
0.1877016698 
0.1876837388 
0.1876665131 
0.1876499821 
0.1876341356 
0.1876189633 
0.1876044551 
0.1875906012 
0.1875773917 
0.1875648171 
0.1875528679 
0.1875415347 
0.1875308084 
0.1875206799 
0.1875111403 
0.1875021808 
0.1874937928 
0.1874859677 
0.1874786972 
0.1874719730 
0.1874657871 
0.1874601313 
0.1874549979 
0.1874503790 
0.1874462670 
0.1874426545 
0.1874395339 
0.1874368981 
0.1874347398 
0.1874330519 
0.1874318276 
0.1874310599 
0.1874307421 
0.1874307421 
0.1874308676 
0.1874314298 
0.1874324222 
0.1874338386 
0.1874356726 
0.1874379181 
0.1874405691 
0.1874436195 
0.1874470635 
0.1874508953 
0.1874551092 
0.1874596995 
0.1874646607 
0.1874699873 
0.1874756740 
0.1874817155 
0.1874881064 
0.1874948418 
0.1875019165 
0.1875093255 
0.1875170639 
0.1875251268 
0.1875335095 
0.1875422072 
0.1875512153 
0.1875605292 
0.1875701444 
0.1875800564 
0.1875902609 
0.1876007535 
0.1876115300 
0.1876225861 
0.1876339177 
0.1876455208 
0.1876573912 
0.1876695251 
0.1876819185 
0.1876945675 
0.1877074683 
0.1877206173 
0.1877340106 
0.1877476446 
0.1877615158 
0.1877756205 
0.1877899553 
0.1878045168 
0.1878193014 
0.1878343059 
0.1878495269 
0.1878649613 
0.1878806056 
0.1878964569 
0.1879125119 
0.1879287675 
0.1879452207 
0.1879618686 
0.1879787081 
0.1879957363 
0.1880129503 
0.1880303473 
0.1880479244 
0.1880656790 
0.1880836083 
0.1881017095 
0.1881199801 
0.1881384174 
0.1881570189 
0.1881757819 
0.1881947040 
0.1882137828 
0.1882330157 
0.1882524003 
0.1882719343 
0.1882916154 
0.1883114412 
0.1883314095 
0.1883515179 
0.1883717644 
0.1883921467 
0.1884126626 
0.1884333101 
0.1884540870 
0.1884749913 
0.1884960209 
0.1885171738 
0.1885384482 
0.1885598419 
0.1885813531 
0.1886029799 
0.1886247205 
0.1886465729 
0.1886685354 
0.1886906061 
0.1887127834 
0.1887350655 
0.1887574506 
0.1887799370 
0.1888025232 
0.1888252074 
0.1888252074 
0.1888479881 
0.1888708637 
0.1888938325 
0.1889168930 
0.1889400438 
0.1889632832 
0.1889866099 
0.1890100223 
0.1890335191 
0.1890570987 
0.1890807599 
0.1891045012 
0.1891283213 
0.1891522188 
0.1891761924 
0.1892002409 
0.1892243630 
0.1892485573 
0.1892728227 
0.1892971579 
0.1893215618 
0.1893460331 
0.1893705707 
0.1893951735 
0.1894198402 
0.1894445699 
0.1894693613 
0.1894942135 
0.1895191253 
0.1895440958 
0.1895691238 
0.1895942084 
0.1896193486 
0.1896445433 
0.1896697917 
0.1896950927 
0.1897204455 
0.1897458490 
0.1897713025 
0.1897968050 
0.1898223555 
0.1898479533 
0.1898735976 
0.1898992874 
0.1899250219 
0.1899508003 
0.1899766219 
0.1900024858 
0.1900283912 
0.1900543375 
0.1900803238 
0.1901063494 
0.1901324136 
0.1901585157 
0.1901846549 
0.1902108306 
0.1902370422 
0.1902632888 
0.1902895700 
0.1903158849 
0.1903422331 
0.1903686138 
0.1903950265 
0.1904214705 
0.1904479453 
0.1904744502 
0.1905009848 
0.1905275484 
0.1905541404 
0.1905807604 
0.1906074078 
0.1906340820 
0.1906607826 
0.1906875090 
0.1907142608 
0.1907410374 
0.1907678384 
0.1907946632 
0.1908215115 
0.1908483827 
0.1908752764 
0.1909021922 
0.1909291296 
0.1909560882 
0.1909830676 
0.1910100673 
0.1910370871 
0.1910641263 
0.1910911847 
0.1911182620 
0.1911453576 
0.1911724712 
0.1911996026 
0.1912267512 
0.1912539168 
0.1912810990 
0.1913082975 
0.1913355119 
0.1913627420 
0.1913627420 
0.1913899873 
0.1914172477 
0.1914445227 
0.1914718121 
0.1914991155 
0.1915264328 
0.1915537635 
0.1915811074 
0.1916084643 
0.1916358339 
0.1916632158 
0.1916906099 
0.1917180159 
0.1917454336 
0.1917728626 
0.1918003027 
0.1918277538 
0.1918552156 
0.1918826878 
0.1919101702 
0.1919376627 
0.1919651649 
0.1919926768 
0.1920201980 
0.1920477284 
0.1920752678 
0.1921028160 
0.1921303728 
0.1921579380 
0.1921855114 
0.1922130929 
0.1922406822 
0.1922682793 
0.1922958839 
0.1923234959 
0.1923511151 
0.1923787413 
0.1924063745 
0.1924340144 
0.1924616609 
0.1924893139 
0.1925169732 
0.1925446386 
0.1925723101 
0.1925999876 
0.1926276708 
0.1926553596 
0.1926830540 
0.1927107538 
0.1927384589 
0.1927661692 
0.1927938845 
0.1928216048 
0.1928493299 
0.1928770597 
0.1929047942 
0.1929325332 
0.1929602767 
0.1929880245 
0.1930157765 
0.1930435327 
0.1930712930 
0.1930990572 
0.1931268253 
0.1931545973 
0.1931823729 
0.1932101522 
0.1932379351 
0.1932657215 
0.1932935113 
0.1933213044 
0.1933491008 
0.1933769004 
0.1934047032 
0.1934325091 
0.1934603180 
0.1934881298 
0.1935159446 
0.1935437622 
0.1935715825 
0.1935994056 
0.1936272314 
0.1936550598 
0.1936828908 
0.1937107244 
0.1937385604 
0.1937663988 
0.1937942397 
0.1938220828 
0.1938499283 
0.1938777761 
0.1939056261 
0.1939334783 
0.1939613326 
0.1939891891 
0.1940170477 
0.1940449083 
0.1940727709 
0.1941006355 
0.1941006355 
0.1941285021 
0.1941563706 
0.1941842410 
0.1942121133 
0.1942399875 
0.1942678635 
0.1942957413 
0.1943236208 
0.1943515022 
0.1943793852 
0.1944072700 
0.1944351565 
0.1944630447 
0.1944909346 
0.1945188261 
0.1945467192 
0.1945746140 
0.1946025104 
0.1946304083 
0.1946583079 
0.1946862090 
0.1947141117 
0.1947420159 
0.1947699216 
0.1947978289 
0.1948257377 
0.1948536481 
0.1948815599 
0.1949094733 
0.1949373881 
0.1949653044 
0.1949932222 
0.1950211415 
0.1950490623 
0.1950769845 
0.1951049083 
0.1951328335 
0.1951607601 
0.1951886883 
0.1952166179 
0.1952445489 
0.1952724815 
0.1953004155 
0.1953283510 
0.1953562879 
0.1953842264 
0.1954121663 
0.1954401077 
0.1954680506 
0.1954959949 
0.1955239408 
0.1955518882 
0.1955798370 
0.1956077874 
0.1956357393 
0.1956636927 
0.1956916477 
0.1957196042 
0.1957475622 
0.1957755217 
0.1958034829 
0.1958314455 
0.1958594098 
0.1958873756 
0.1959153431 
0.1959433121 
0.1959712827 
0.1959992549 
0.1960272288 
0.1960552043 
0.1960831815 
0.1961111603 
0.1961391407 
0.1961671229 
0.1961951067 
0.1962230923 
0.1962510795 
0.1962790685 
0.1963070591 
0.1963350516 
0.1963630458 
0.1963910417 
0.1964190395 
0.1964470390 
0.1964750404 
0.1965030435 
0.1965310485 
0.1965590553 
0.1965870640 
0.1966150746 
0.1966430870 
0.1966711013 
0.1966991176 
0.1967271357 
0.1967551558 
0.1967831779 
0.1968112019 
0.1968392279 
0.1968672558 
0.1968672558 
0.1968952858 
0.1969233178 
0.1969513518 
0.1969793879 
0.1970074261 
0.1970354663 
0.1970635086 
0.1970915530 
0.1971195995 
0.1971476482 
0.1971756990 
0.1972037520 
0.1972318071 
0.1972598644 
0.1972879240 
0.1973159857 
0.1973440497 
0.1973721160 
0.1974001845 
0.1974282553 
0.1974563284 
0.1974844038 
0.1975124815 
0.1975405616 
0.1975686440 
0.1975967288 
0.1976248159 
0.1976529055 
0.1976809975 
0.1977090918 
0.1977371887 
0.1977652880 
0.1977933898 
0.1978214940 
0.1978496008 
0.1978777100 
0.1979058218 
0.1979339362 
0.1979620531 
0.1979901726 
0.1980182946 
0.1980464193 
0.1980745466 
0.1981026765 
0.1981308091 
0.1981589443 
0.1981870822 
0.1982152228 
0.1982433661 
0.1982715121 
0.1982996609 
0.1983278124 
0.1983559666 
0.1983841236 
0.1984122835 
0.1984404461 
0.1984686115 
0.1984967798 
0.1985249509 
0.1985531249 
0.1985813017 
0.1986094815 
0.1986376641 
0.1986658496 
0.1986940381 
0.1987222295 
0.1987504239 
0.1987786212 
0.1988068216 
0.1988350249 
0.1988632312 
0.1988914405 
0.1989196529 
0.1989478683 
0.1989760868 
0.1990043084 
0.1990325330 
0.1990607608 
0.1990889916 
0.1991172256 
0.1991454627 
0.1991737030 
0.1992019464 
0.1992301930 
0.1992584428 
0.1992866958 
0.1993149520 
0.1993432114 
0.1993714741 
0.1993997400 
0.1994280092 
0.1994562816 
0.1994845574 
0.1995128364 
0.1995411187 
0.1995694044 
0.1995976934 
0.1996259857 
0.1996542814 
0.1996542814 
