0.2844839654 1
0.2743492178 1
0.2777317686 1
0.2807677491 1
0.2848862456 1
0.2896746602 1
0.2946192091 1
0.2991757397 1
0.3028558839 1
0.3053465515 1
0.3065776295 1
0.3066850184 1
0.3059101268 1
0.3045091376 1
0.3027033931 1
0.3006641145 1
0.2985148981 1
0.2963402671 1
0.2941948385 1
0.2921113115 1
0.2901069530 1
0.2881886854 1
0.2863569439 1
0.2846084634 1
0.2829381523 1
0.2813402313 1
0.2798088262 1
0.2783381968 1
0.2769227560 1
0.2755569899 1
0.2742353497 1
0.2729521500 1
0.2717014888 1
0.2704771953 1
0.2692728047 1
0.2680815614 1
0.2668964537 1
0.2657102802 1
0.2645157511 1
0.2633056185 1
0.2620728320 1
0.2608107038 1
0.2595130678 1
0.2581744117 1
0.2567899665 1
0.2553557427 1
0.2538685158 1
0.2523257729 1
0.2507256453 1
0.2490668535 1
0.2473486922 1
0.2455710797 1
0.2437346860 1
0.2418411523 1
0.2398933965 1
0.2378959855 1
0.2358555232 1
0.2337809714 1
0.2316838000 1
0.2295778655 1
0.2274789649 1
0.2254040803 1
0.2233704158 1
0.2213943766 1
0.2194906515 1
0.2176715196 1
0.2159464413 1
0.2143219285 1
0.2128016484 1
0.2113866910 1
0.2100759343 1
0.2088664495 1
0.2077539056 1
0.2067329468 1
0.2057975279 1
0.2049412015 1
0.2041573553 1
0.2034394025 1
0.2027809296 1
0.2021758053 1
0.2016182577 1
0.2011029244 1
0.2006248800 1
0.2001796460 1
0.1997631875 1
0.1993718995 1
0.1990025853 1
0.1986524310 1
0.1983189762 1
0.1980000835 1
0.1976939078 1
0.1973988657 1
0.1971136068 1
0.1968369861 1
0.1965680384 1
0.1963059552 1
0.1960500631 1
0.1957998050 1
0.1955547227 1
0.1953144423 1
0.1950786605 1
0.1948471331 1
0.1946196655 1
0.1943961032 1
0.1941763253 1
0.1939602376 1
0.1937477675 1
0.1935388597 1
0.1933334719 1
0.1931315726 1
0.1929331378 1
0.1927381491 1
0.1925465923 1
0.1923584562 1
0.1921737308 1
0.1919924074 1
0.1918144776 1
0.1916399330 1
0.1914687648 1
0.1913009641 1
0.1911365212 1
0.1909754261 1
0.1908176684 1
0.1906632376 1
0.1905121229 1
0.1903643139 1
0.1902198004 1
0.1900785726 1
0.1899406217 1
0.1898059397 1
0.1896745202 1
0.1895463577 1
0.1894214489 1
0.1892997920 1
0.1891813877 1
0.1890662388 1
0.1889543506 1
0.1888457314 1
0.1887403924 1
0.1886383478 1
0.1885396154 1
0.1884442165 1
0.1883521762 1
0.1882635235 1
0.1881782920 1
0.1880965193 1
0.1880182478 1
0.1879435250 1
0.1878724032 1
0.1878049402 1
0.1877411993 1
0.1876812499 1
0.1876251670 1
0.1875730323 1
0.1875249340 1
0.1874809667 1
0.1874412325 1
0.1874058404 1
0.1873749065 1
0.1873485548 1
0.1873269164 1
0.1873101299 1
0.1872983410 1
0.1872917026 1
0.1872903736 1
0.1872945186 1
0.1873043066 1
0.1873199093 1
0.1873414991 1
0.1873692460 1
0.1874033140 1
0.1874438555 1
0.1874910055 1
0.1875448723 1
0.1876055268 1
0.1876729878 1
0.1877472041 1
0.1878280306 1
0.1879151981 1
0.1880082754 1
0.1881066201 1
0.1882093185 1
0.1883151085 1
0.1884222871 1
0.1885285965 1
0.1886310920 1
0.1887259928 1
0.1888085271 1
0.1888727922 1
0.1889116706 1
0.1889168674 1
0.1888791693 1
0.1887890541 1
0.1886377911 1
0.1884191251 1
0.1881314933 1
0.1877804062 1
0.1873800762 1
0.1869526858 1
0.5429884350 0
0.1865236957 1
0.1861138360 1
0.1857323944 1
0.1853770974 1
0.1850404365 1
0.1847169611 1
0.1844069183 1
0.1841156857 1
0.1838507746 1
0.1836183033 1
0.1834202401 1
0.1832531120 1
0.1831082889 1
0.1829734403 1
0.1828344835 1
0.1826773685 1
0.1824892842 1
0.1822591702 1
0.1819776492 1
0.1816366127 1
0.1812287113 1
0.1807469565 1
0.1801845778 1
0.1795352043 1
0.1787933705 1
0.1779552696 1
0.1770196051 1
0.1759883366 1
0.1748671077 1
0.1736652018 1
0.1723949877 1
0.1710709549 1
0.1697085430 1
0.1683229983 1
0.1669284442 1
0.1655372654 1
0.1641598102 1
0.1628043554 1
0.1614772504 1
0.1601831589 1
0.1589253351 1
0.1577058931 1
0.1565260448 1
0.1553862990 1
0.1542866208 1
0.1532265544 1
0.1522053174 1
0.1512218717 1
0.1502749770 1
0.1493632324 1
0.1484851086 1
0.1476389732 1
0.1468231111 1
0.1460357386 1
0.1452750120 1
0.1445390297 1
0.1438258252 1
0.1431333486 1
0.1424594329 1
0.1418017388 1
0.1411576689 1
0.1405242352 1
0.1398978558 1
0.1392740370 1
0.1386468667 1
0.1380081833 1
0.1373461721 1
0.1366429102 1
0.1358699398 1
0.1349801054 1
0.1338926472 1
0.1324687851 1
0.1304886632 1
0.1277044221 1
0.1241396940 1
0.1205277702 1
0.1180046960 1
0.1169717548 1
0.1170345821 1
0.1178032834 1
0.1191300173 1
0.1210976678 1
0.1240505748 1
0.1286913364 1
0.1360942365 1
0.1462438145 1
0.1536092425 1
0.1543683176 1
0.1523654903 1
0.1497340126 1
0.1468065843 1
0.1435471675 1
0.1401327813 1
0.1369105260 1
0.1341417618 1
0.1319089695 1
0.1301715536 1
0.1288411640 1
0.1278270997 1
0.1270540211 1
0.1264643409 1
0.1260145809 1
0.1256708118 1
0.1254053267 1
0.1251949322 1
0.1250204018 1
0.1248664301 1
0.1247215740 1
0.1245779395 1
0.1244306045 1
0.1242769046 1
0.1241157332 1
0.1239469655 1
0.1237710490 1
0.1235887499 1
0.1234010114 1
0.1232088776 1
0.1230134452 1
0.1228158235 1
0.1226170951 1
0.1224182794 1
0.1222203032 1
0.1220239806 1
0.1218300029 1
0.1216389370 1
0.1214512281 1
0.1212672049 1
0.1210870834 1
0.1209109693 1
0.1207388564 1
0.1205706213 1
0.1204060125 1
0.1202446324 1
0.1200859095 1
0.1199290552 1
0.1197729974 1
0.1196162800 1
0.1194569034 1
0.1192920730 1
0.1191177853 1
0.1189281258 1
0.1187140244 1
0.1184609344 1
0.1181442299 1
0.1177193930 1
0.1170992336 1
0.1160958965 1
0.1142628026 1
0.1105157587 1
0.1032034078 1
0.0941507947 1
0.0887510282 1
0.0872879855 1
0.0876741327 1
0.0887414555 1
0.0899876288 1
0.0912325698 1
0.0924406707 1
0.0936208993 1
0.0947716957 1
0.0958712655 1
0.0968963712 1
0.0978472605 1
0.0987347530 1
0.0994482517 1
0.0994454658 1
0.0979301736 1
0.0951617953 1
0.0922140886 1
0.0896881247 1
0.0876698111 1
0.0860701469 1
0.0847849662 1
0.0837337029 1
0.0828611582 1
0.0821301410 1
0.0815140426 1
0.0809914488 1
0.0805435223 1
0.0801536124 1
0.0798079754 1
0.0794963602 1
0.0792118164 1
0.0789498017 1
0.0787070979 1
0.0784810175 1
0.0782690957 1
0.0780691589 1
0.0778795117 1
0.0776990198 1
0.0775270080 1
0.0773630328 1
0.0772066523 1
0.0770572942 1
0.0769142496 1
0.0767767542 1
0.0766440909 1
0.0765156565 1
0.0763909758 1
0.3487501500 0
0.0762696742 1
0.0761514398 1
0.0760359975 1
0.0759231052 1
0.0758125632 1
0.0757042257 1
0.0755980032 1
0.0754938524 1
0.0753917598 1
0.0752917242 1
0.0751937450 1
0.0750978168 1
0.0750039291 1
0.0749120682 1
0.0748222183 1
0.0747343605 1
0.0746484716 1
0.0745645223 1
0.0744824777 1
0.0744022979 1
0.0743239401 1
0.0742473602 1
0.0741725144 1
0.0740993592 1
0.0740278518 1
0.0739579498 1
0.0738896113 1
0.0738227947 1
0.0737574592 1
0.0736935648 1
0.0736310726 1
0.0735699443 1
0.0735101423 1
0.0734516300 1
0.0733943711 1
0.0733383298 1
0.0732834714 1
0.0732297617 1
0.0731771674 1
0.0731256562 1
0.0730751966 1
0.0730257579 1
0.0729773104 1
0.0729298254 1
0.0728832751 1
0.0728376326 1
0.0727928720 1
0.0727489682 1
0.0727058971 1
0.0726636355 1
0.0726221609 1
0.0725814518 1
0.0725414872 1
0.0725022472 1
0.0724637125 1
0.0724258643 1
0.0723886849 1
0.0723521569 1
0.0723162638 1
0.0722809894 1
0.0722463185 1
0.0722122360 1
0.0721787278 1
0.0721457800 1
0.0721133794 1
0.0720815131 1
0.0720501688 1
0.0720193346 1
0.0719889990 1
0.0719591510 1
0.0719297799 1
0.0719008754 1
0.0718724276 1
0.0718444269 1
0.0718168640 1
0.0717897299 1
0.0717630161 1
0.0717367141 1
0.0717108159 1
0.0716853136 1
0.0716601997 1
0.0716354668 1
0.0716111079 1
0.0715871162 1
0.0715634848 1
0.0715402075 1
0.0715172780 1
0.0714946901 1
0.0714724380 1
0.0714505160 1
0.0714289185 1
0.0714076402 1
0.0713866758 1
0.0713660202 1
0.0713456685 1
0.0713256158 1
0.0713058574 1
0.0712863888 1
0.0712672055 1
0.0712483032 1
0.0712296775 1
0.0712113245 1
0.0711932399 1
0.0711754199 1
0.0711578606 1
0.0711405583 1
0.0711235092 1
0.0711067097 1
0.0710901563 1
0.0710738456 1
0.0710577740 1
0.0710419382 1
0.0710263351 1
0.0710109613 1
0.0709958137 1
0.0709808892 1
0.0709661847 1
0.0709516972 1
0.0709374237 1
0.0709233614 1
0.0709095074 1
0.0708958587 1
0.0708824126 1
0.0708691664 1
0.0708561173 1
0.0708432626 1
0.0708305997 1
0.0708181258 1
0.0708058385 1
0.0707937351 1
0.0707818131 1
0.0707700699 1
0.0707585031 1
0.0707471101 1
0.0707358885 1
0.0707248358 1
0.0707139497 1
0.0707032277 1
0.0706926674 1
0.0706822665 1
0.0706720226 1
0.0706619334 1
0.0706519966 1
0.0706422098 1
0.0706325708 1
0.0706230772 1
0.0706137269 1
0.0706045175 1
0.0705954469 1
0.0705865128 1
0.0705777129 1
0.0705690451 1
0.0705605072 1
0.0705520970 1
0.0705438124 1
0.0705356511 1
0.0705276111 1
0.0705196901 1
0.0705118861 1
0.0705041970 1
0.0704966206 1
0.0704891549 1
0.0704817977 1
0.0704745471 1
0.0704674009 1
0.0704603571 1
0.0704534137 1
0.0704465687 1
0.0704398200 1
0.0704331656 1
0.0704266036 1
0.0704201319 1
0.0704137487 1
0.0704074520 1
0.0704012398 1
0.0703951102 1
0.0703890614 1
0.0703830913 1
0.0703771983 1
0.0703713803 1
0.0703656356 1
0.0703599624 1
0.0703543587 1
0.0703488228 1
0.0703433530 1
0.0703379475 1
0.0703326045 1
0.0703273223 1
0.0703220992 1
0.0703169335 1
0.0703118235 1
0.0703067676 1
0.0703017642 1
0.0702968116 1
0.0702919082 1
0.0702870525 1
0.0702822429 1
0.0702774779 1
0.0702727560 1
0.3340326651 0
0.0702680757 1
0.0702634354 1
0.0702588338 1
0.0702542695 1
0.0702497410 1
0.0702452470 1
0.0702407861 1
0.0702363569 1
0.0702319582 1
0.0702275887 1
0.0702232471 1
0.0702189322 1
0.0702146427 1
0.0702103775 1
0.0702061354 1
0.0702019152 1
0.0701977159 1
0.0701935363 1
0.0701893753 1
0.0701852320 1
0.0701811053 1
0.0701769941 1
0.0701728976 1
0.0701688147 1
0.0701647445 1
0.0701606862 1
0.0701566389 1
0.0701526016 1
0.0701485736 1
0.0701445540 1
0.0701405422 1
0.0701365372 1
0.0701325384 1
0.0701285450 1
0.0701245564 1
0.0701205719 1
0.0701165908 1
0.0701126126 1
0.0701086365 1
0.0701046621 1
0.0701006888 1
0.0700967159 1
0.0700927431 1
0.0700887698 1
0.0700847956 1
0.0700808199 1
0.0700768423 1
0.0700728625 1
0.0700688800 1
0.0700648944 1
0.0700609054 1
0.0700569127 1
0.0700529158 1
0.0700489146 1
0.0700449086 1
0.0700408977 1
0.0700368816 1
0.0700328600 1
0.0700288326 1
0.0700247994 1
0.0700207601 1
0.0700167145 1
0.0700126625 1
0.0700086038 1
0.0700045384 1
0.0700004661 1
0.0699963868 1
0.0699923004 1
0.0699882069 1
0.0699841060 1
0.0699799979 1
0.0699758824 1
0.0699717594 1
0.0699676290 1
0.0699634910 1
0.0699593456 1
0.0699551927 1
0.0699510322 1
0.0699468642 1
0.0699426888 1
0.0699385059 1
0.0699343155 1
0.0699301178 1
0.0699259128 1
0.0699217004 1
0.0699174809 1
0.0699132542 1
0.0699090204 1
0.0699047796 1
0.0699005319 1
0.0698962774 1
0.0698920161 1
0.0698877482 1
0.0698834738 1
0.0698791929 1
0.0698749057 1
0.0698706123 1
0.0698663128 1
0.0698620073 1
0.0698576960 1
0.0698533789 1
0.0698490562 1
0.0698447281 1
0.0698403946 1
0.0698360559 1
0.0698317121 1
0.0698273634 1
0.0698230098 1
0.0698186516 1
0.0698142888 1
0.0698099216 1
0.0698055502 1
0.0698011746 1
0.0697967951 1
0.0697924117 1
0.0697880246 1
0.0697836340 1
0.0697792399 1
0.0697748425 1
0.0697704420 1
0.0697660385 1
0.0697616321 1
0.0697572230 1
0.0697528112 1
0.0697483970 1
0.0697439805 1
0.0697395617 1
0.0697351409 1
0.0697307181 1
0.0697262935 1
0.0697218673 1
0.0697174395 1
0.0697130102 1
0.0697085796 1
0.0697041478 1
0.0696997150 1
0.0696952812 1
0.0696908466 1
0.0696864112 1
0.0696819752 1
0.0696775387 1
0.0696731018 1
0.0696686647 1
0.0696642273 1
0.0696597899 1
0.0696553525 1
0.0696509152 1
0.0696464781 1
0.0696420413 1
0.0696376050 1
0.0696331691 1
0.0696287338 1
0.0696242992 1
0.0696198653 1
0.0696154323 1
0.0696110002 1
0.0696065691 1
0.0696021391 1
0.0695977102 1
0.0695932825 1
0.0695888562 1
0.0695844312 1
0.0695800076 1
0.0695755855 1
0.0695711650 1
0.0695667461 1
0.0695623288 1
0.0695579133 1
0.0695534996 1
0.0695490877 1
0.0695446777 1
0.0695402696 1
0.0695358635 1
0.0695314595 1
0.0695270575 1
0.0695226576 1
0.0695182599 1
0.0695138644 1
0.0695094711 1
0.0695050801 1
0.0695006914 1
0.0694963050 1
0.0694919209 1
0.0694875392 1
0.0694831600 1
0.0694787832 1
0.0694744088 1
0.0694700369 1
0.0694656675 1
0.0694613006 1
0.0694569363 1
0.0694525745 1
0.0694482152 1
0.0694438585 1
0.0694395044 1
0.0694351529 1
0.0694308040 1
0.0694264577 1
0.0694221140 1
0.3340599075 0
0.0694177729 1
0.0694134344 1
0.0694090985 1
0.0694047653 1
0.0694004346 1
0.0693961066 1
0.0693917811 1
0.0693874583 1
0.0693831380 1
0.0693788203 1
0.0693745052 1
0.0693701927 1
0.0693658827 1
0.0693615752 1
0.0693572703 1
0.0693529678 1
0.0693486679 1
0.0693443704 1
0.0693400753 1
0.0693357827 1
0.0693314926 1
0.0693272048 1
0.0693229194 1
0.0693186363 1
0.0693143555 1
0.0693100771 1
0.0693058009 1
0.0693015269 1
0.0692972552 1
0.0692929856 1
0.0692887183 1
0.0692844530 1
0.0692801898 1
0.0692759287 1
0.0692716696 1
0.0692674125 1
0.0692631574 1
0.0692589042 1
0.0692546528 1
0.0692504034 1
0.0692461557 1
0.0692419098 1
0.0692376656 1
0.0692334231 1
0.0692291823 1
0.0692249431 1
0.0692207054 1
0.0692164692 1
0.0692122346 1
0.0692080013 1
0.0692037695 1
0.0691995390 1
0.0691953097 1
0.0691910818 1
0.0691868550 1
0.0691826294 1
0.0691784048 1
0.0691741813 1
0.0691699589 1
0.0691657373 1
0.0691615167 1
0.0691572968 1
0.0691530778 1
0.0691488595 1
0.0691446419 1
0.0691404249 1
0.0691362085 1
0.0691319926 1
0.0691277771 1
0.0691235620 1
0.0691193473 1
0.0691151329 1
0.0691109186 1
0.0691067045 1
0.0691024905 1
0.0690982766 1
0.0690940626 1
0.0690898485 1
0.0690856343 1
0.0690814199 1
0.0690772052 1
0.0690729901 1
0.0690687746 1
0.0690645587 1
0.0690603422 1
0.0690561250 1
0.0690519073 1
0.0690476887 1
0.0690434693 1
0.0690392491 1
0.0690350279 1
0.0690308056 1
0.0690265823 1
0.0690223578 1
0.0690181320 1
0.0690139049 1
0.0690096764 1
0.0690054465 1
0.0690012150 1
0.0689969819 1
0.0689927470 1
0.0689885104 1
0.0689842720 1
0.0689800316 1
0.0689757892 1
0.0689715447 1
0.0689672981 1
0.0689630492 1
0.0689587979 1
0.0689545443 1
0.0689502881 1
0.0689460293 1
0.0689417679 1
0.0689375037 1
0.0689332367 1
0.0689289667 1
0.0689246938 1
0.0689204177 1
0.0689161384 1
0.0689118558 1
0.0689075699 1
0.0689032805 1
0.0688989875 1
0.0688946909 1
0.0688903905 1
0.0688860863 1
0.0688817781 1
0.0688774659 1
0.0688731496 1
0.0688688290 1
0.0688645041 1
0.0688601748 1
0.0688558409 1
0.0688515024 1
0.0688471592 1
0.0688428111 1
0.0688384581 1
0.0688341000 1
0.0688297368 1
0.0688253683 1
0.0688209944 1
0.0688166150 1
0.0688122300 1
0.0688078394 1
0.0688034429 1
0.0687990404 1
0.0687946320 1
0.0687902173 1
0.0687857964 1
0.0687813690 1
0.0687769352 1
0.0687724946 1
0.0687680474 1
0.0687635932 1
0.0687591320 1
0.0687546637 1
0.0687501880 1
0.0687457050 1
0.0687412145 1
0.0687367163 1
0.0687322103 1
0.0687276964 1
0.0687231744 1
0.0687186442 1
0.0687141057 1
0.0687095586 1
0.0687050030 1
0.0687004386 1
0.0686958652 1
0.0686912828 1
0.0686866912 1
0.0686820903 1
0.0686774798 1
0.0686728597 1
0.0686682297 1
0.0686635898 1
0.0686589397 1
0.0686542793 1
0.0686496084 1
0.0686449270 1
0.0686402347 1
0.0686355315 1
0.0686308171 1
0.0686260914 1
0.0686213542 1
0.0686166054 1
0.0686118447 1
0.0686070720 1
0.0686022871 1
0.0685974898 1
0.0685926799 1
0.0685878572 1
0.0685830216 1
0.0685781727 1
0.0685733105 1
0.0685684348 1
0.0685635452 1
0.0685586417 1
0.0685537240 1
0.3242619345 0
0.0685487918 1
0.0685438451 1
0.0685388835 1
0.0685339068 1
0.0685289148 1
0.0685239073 1
0.0685188840 1
0.0685138448 1
0.0685087893 1
0.0685037174 1
0.0684986287 1
0.0684935231 1
0.0684884002 1
0.0684832599 1
0.0684781018 1
0.0684729257 1
0.0684677314 1
0.0684625185 1
0.0684572868 1
0.0684520360 1
0.0684467658 1
0.0684414759 1
0.0684361661 1
0.0684308359 1
0.0684254853 1
0.0684201137 1
0.0684147209 1
0.0684093066 1
0.0684038705 1
0.0683984122 1
0.0683929315 1
0.0683874278 1
0.0683819010 1
0.0683763507 1
0.0683707765 1
0.0683651780 1
0.0683595549 1
0.0683539068 1
0.0683482333 1
0.0683425340 1
0.0683368086 1
0.0683310566 1
0.0683252776 1
0.0683194713 1
0.0683136371 1
0.0683077747 1
0.0683018836 1
0.0682959634 1
0.0682900136 1
0.0682840337 1
0.0682780233 1
0.0682719820 1
0.0682659091 1
0.0682598043 1
0.0682536670 1
0.0682474966 1
0.0682412927 1
0.0682350548 1
0.0682287822 1
0.0682224745 1
0.0682161310 1
0.0682097512 1
0.0682033345 1
0.0681968803 1
0.0681903880 1
0.0681838569 1
0.0681772864 1
0.0681706758 1
0.0681640246 1
0.0681573319 1
0.0681505972 1
0.0681438197 1
0.0681369987 1
0.0681301335 1
0.0681232232 1
0.0681162672 1
0.0681092647 1
0.0681022148 1
0.0680951168 1
0.0680879697 1
0.0680807728 1
0.0680735252 1
0.0680662259 1
0.0680588742 1
0.0680514690 1
0.0680440093 1
0.0680364943 1
0.0680289230 1
0.0680212942 1
0.0680136070 1
0.0680058603 1
0.0679980530 1
0.0679901840 1
0.0679822521 1
0.0679742562 1
0.0679661951 1
0.0679580676 1
0.0679498724 1
0.0679416082 1
0.0679332737 1
0.0679248676 1
0.0679163885 1
0.0679078349 1
0.0678992054 1
0.0678904985 1
0.0678817128 1
0.0678728465 1
0.0678638982 1
0.0678548662 1
0.0678457487 1
0.0678365442 1
0.0678272507 1
0.0678178664 1
0.0678083895 1
0.0677988181 1
0.0677891502 1
0.0677793837 1
0.0677695165 1
0.0677595466 1
0.0677494717 1
0.0677392895 1
0.0677289977 1
0.0677185940 1
0.0677080758 1
0.0676974406 1
0.0676866858 1
0.0676758088 1
0.0676648067 1
0.0676536768 1
0.0676424160 1
0.0676310214 1
0.0676194899 1
0.0676078182 1
0.0675960030 1
0.0675840410 1
0.0675719287 1
0.0675596624 1
0.0675472383 1
0.0675346527 1
0.0675219015 1
0.0675089806 1
0.0674958859 1
0.0674826128 1
0.0674691569 1
0.0674555136 1
0.0674416779 1
0.0674276449 1
0.0674134094 1
0.0673989660 1
0.0673843093 1
0.0673694335 1
0.0673543326 1
0.0673390005 1
0.0673234309 1
0.0673076171 1
0.0672915523 1
0.0672752295 1
0.0672586413 1
0.0672417800 1
0.0672246378 1
0.0672072064 1
0.0671894773 1
0.0671714416 1
0.0671530902 1
0.0671344134 1
0.0671154013 1
0.0670960435 1
0.0670763292 1
0.0670562473 1
0.0670357861 1
0.0670149333 1
0.0669936763 1
0.0669720019 1
0.0669498963 1
0.0669273450 1
0.0669043331 1
0.0668808449 1
0.0668568640 1
0.0668323732 1
0.0668073548 1
0.0667817898 1
0.0667556588 1
0.0667289412 1
0.0667016155 1
0.0666736593 1
0.0666450488 1
0.0666157593 1
0.0665857649 1
0.0665550382 1
0.0665235505 1
0.0664912718 1
0.0664581703 1
0.0664242126 1
0.0663893637 1
0.0663535866 1
0.0663168422 1
0.0662790896 1
0.0662402852 1
0.0662003833 1
0.2928872709 0
0.0661593354 1
0.0661170905 1
0.0660735943 1
0.0660287896 1
0.0659826158 1
0.0659350083 1
0.0658858991 1
0.0658352157 1
0.0657828812 1
0.0657288138 1
0.0656729266 1
0.0656151270 1
0.0655553163 1
0.0654933895 1
0.0654292345 1
0.0653627315 1
0.0652937526 1
0.0652221612 1
0.0651478109 1
0.0650705450 1
0.0649901958 1
0.0649065832 1
0.0648195142 1
0.0647287812 1
0.0646341617 1
0.0645354161 1
0.0644322868 1
0.0643244967 1
0.0642117475 1
0.0640937179 1
0.0639700622 1
0.0638404079 1
0.0637043542 1
0.0635614698 1
0.0634112912 1
0.0632533206 1
0.0630870246 1
0.0629118325 1
0.0627271364 1
0.0625322903 1
0.0623266126 1
0.0621093883 1
0.0618798751 1
0.0616373119 1
0.0613809323 1
0.0611099835 1
0.0608237536 1
0.0605216086 1
0.0602030427 1
0.0598677443 1
0.0595156821 1
0.0591472130 1
0.0587632152 1
0.0583652436 1
0.0579557034 1
0.0575380267 1
0.0571168272 1
0.0566979937 1
0.0562886711 1
0.0558970704 1
0.0555320610 1
0.0552025310 1
0.0549165604 1
0.0546805261 1
0.0544983111 1
0.0543708046 1
0.0542958231 1
0.0542684763 1
0.0542818846 1
0.0543280719 1
0.0543988433 1
0.0544865021 1
0.0545843328 1
0.0546868495 1
0.0547898473 1
0.0548903139 1
0.0549862551 1
0.0550764774 1
0.0551603662 1
0.0552376864 1
0.0553084254 1
0.0553726855 1
0.0554306234 1
0.0554824239 1
0.0555282952 1
0.0555684735 1
0.0556032284 1
0.0556328678 1
0.0556577403 1
0.0556782347 1
0.0556947782 1
0.0557078298 1
0.0557178716 1
0.0557253962 1
0.0557308947 1
0.0557348455 1
0.0557377050 1
0.0557399027 1
0.0557418378 1
0.0557438783 1
0.0557463611 1
0.0557495927 1
0.0557538505 1
0.0557593844 1
0.0557664191 1
0.0557751560 1
0.0557857750 1
0.0557984363 1
0.0558132815 1
0.0558304341 1
0.0558500005 1
0.0558720705 1
0.0558967184 1
0.0559240043 1
0.0559539746 1
0.0559866638 1
0.0560220959 1
0.0560602850 1
0.0561012375 1
0.0561449526 1
0.0561914239 1
0.0562406403 1
0.0562925868 1
0.0563472450 1
0.0564045931 1
0.0564646063 1
0.0565272565 1
0.0565925117 1
0.0566603354 1
0.0567306860 1
0.0568035159 1
0.0568787704 1
0.0569563869 1
0.0570362937 1
0.0571184093 1
0.0572026410 1
0.0572888842 1
0.0573770220 1
0.0574669238 1
0.0575584451 1
0.0576514270 1
0.0577456957 1
0.0578410622 1
0.0579373225 1
0.0580342569 1
0.0581316306 1
0.0582291934 1
0.0583266803 1
0.0584238108 1
0.0585202901 1
0.0586158085 1
0.0587100416 1
0.0588026510 1
0.0588932838 1
0.0589815730 1
0.0590671382 1
0.0591495851 1
0.0592285067 1
0.0593034838 1
0.0593740859 1
0.0594398724 1
0.0595003945 1
0.0595551973 1
0.0596038218 1
0.0596458088 1
0.0596807020 1
0.0597080521 1
0.0597274219 1
0.0597383912 1
0.0597405630 1
0.0597335693 1
0.0597170783 1
0.0596908012 1
0.0596544998 1
0.0596079935 1
0.0595511669 1
0.0594839774 1
0.0594064613 1
0.0593187410 1
0.0592210295 1
0.0591136358 1
0.0589969673 1
0.0588715321 1
0.0587379385 1
0.0585968934 1
0.0584491980 1
0.0582957419 1
0.0581374942 1
0.0579754930 1
0.0578108323 1
0.0576446471 1
0.0574780969 1
0.0573123471 1
0.0571485505 1
0.0569878275 1
0.0568312469 1
0.0566798073 1
0.0565344204 1
0.0563958953 1
0.1713130465 0
0.0562649271 1
0.0561420868 1
0.0560278162 1
0.0559224254 1
0.0558260946 1
0.0557388791 1
0.0556607174 1
0.0555914419 1
0.0555307919 1
0.0554784276 1
0.0554339450 1
0.0553968906 1
0.0553667756 1
0.0553430895 1
0.0553253115 1
0.0553129215 1
0.0553054081 1
0.0553022760 1
0.0553030514 1
0.0553072858 1
0.0553145589 1
0.0553244802 1
0.0553366895 1
0.0553508575 1
0.0553666848 1
0.0553839013 1
0.0554022650 1
0.0554215607 1
0.0554415982 1
0.0554622111 1
0.0554832548 1
0.0555046052 1
0.0555261568 1
0.0555478212 1
0.0555695252 1
0.0555912098 1
0.0556128282 1
0.0556343446 1
0.0556557328 1
0.0556769750 1
0.0556980605 1
0.0557189848 1
0.0557397483 1
0.0557603557 1
0.0557808149 1
0.0558011366 1
0.0558213333 1
0.0558414190 1
0.0558614086 1
0.0558813174 1
0.0559011606 1
0.0559209535 1
0.0559407105 1
0.0559604452 1
0.0559801705 1
0.0559998979 1
0.0560196375 1
0.0560393981 1
0.0560591870 1
0.0560790099 1
0.0560988707 1
0.0561187719 1
0.0561387141 1
0.0561586964 1
0.0561787160 1
0.0561987686 1
0.0562188482 1
0.0562389472 1
0.0562590564 1
0.0562791651 1
0.0562992610 1
0.0563193303 1
0.0563393580 1
0.0563593276 1
0.0563792211 1
0.0563990195 1
0.0564187023 1
0.0564382479 1
0.0564576337 1
0.0564768358 1
0.0564958292 1
0.0565145883 1
0.0565330860 1
0.0565512949 1
0.0565691865 1
0.0565867315 1
0.0566039003 1
0.0566206623 1
0.0566369867 1
0.0566528423 1
0.0566681976 1
0.0566830207 1
0.0566972800 1
0.0567109436 1
0.0567239801 1
0.0567363582 1
0.0567480470 1
0.0567590164 1
0.0567692368 1
0.0567786795 1
0.0567873171 1
0.0567951231 1
0.0568020725 1
0.0568081417 1
0.0568133089 1
0.0568175541 1
0.0568208591 1
0.0568232083 1
0.0568245878 1
0.0568249867 1
0.0568243964 1
0.0568228109 1
0.0568202272 1
0.0568166453 1
0.0568120680 1
0.0568065014 1
0.0567999547 1
0.0567924403 1
0.0567839738 1
0.0567745742 1
0.0567642636 1
0.0567530673 1
0.0567410141 1
0.0567281353 1
0.0567144657 1
0.0567000427 1
0.0566849065 1
0.0566690999 1
0.0566526681 1
0.0566356583 1
0.0566181198 1
0.0566001037 1
0.0565816624 1
0.0565628496 1
0.0565437200 1
0.0565243287 1
0.0565047315 1
0.0564849839 1
0.0564651415 1
0.0564452593 1
0.0564253913 1
0.0564055907 1
0.0563859093 1
0.0563663972 1
0.0563471029 1
0.0563280728 1
0.0563093509 1
0.0562909791 1
0.0562729966 1
0.0562554400 1
0.0562383429 1
0.0562217365 1
0.0562056487 1
0.0561901045 1
0.0561751263 1
0.0561607330 1
0.0561469412 1
0.0561337643 1
0.0561212129 1
0.0561092952 1
0.0560980166 1
0.0560873800 1
0.0560773861 1
0.0560680335 1
0.0560593184 1
0.0560512354 1
0.0560437772 1
0.0560369349 1
0.0560306982 1
0.0560250554 1
0.0560199938 1
0.0560154994 1
0.0560115577 1
0.0560081531 1
0.0560052696 1
0.0560028906 1
0.0560009991 1
0.0559995780 1
0.0559986098 1
0.0559980770 1
0.0559979620 1
0.0559982473 1
0.0559989156 1
0.0559999497 1
0.0560013326 1
0.0560030476 1
0.0560050783 1
0.0560074086 1
0.0560100228 1
0.0560129055 1
0.0560160419 1
0.0560194174 1
0.0560230178 1
0.0560268294 1
0.0560308388 1
0.0560350332 1
0.0560394000 1
0.0560439271 1
0.0560486027 1
0.1812359546 0
0.0560534153 1
0.0560583541 1
0.0560634082 1
0.0560685673 1
0.0560738213 1
0.0560791605 1
0.0560845754 1
0.0560900568 1
0.0560955958 1
0.0561011836 1
0.0561068118 1
0.0561124722 1
0.0561181567 1
0.0561238574 1
0.0561295668 1
0.0561352773 1
0.0561409816 1
0.0561466727 1
0.0561523436 1
0.0561579874 1
0.0561635975 1
0.0561691673 1
0.0561746905 1
0.0561801609 1
0.0561855724 1
0.0561909190 1
0.0561961949 1
0.0562013945 1
0.0562065123 1
0.0562115428 1
0.0562164809 1
0.0562213215 1
0.0562260597 1
0.0562306907 1
0.0562352100 1
0.0562396131 1
0.0562438958 1
0.0562480540 1
0.0562520839 1
0.0562559818 1
0.0562597442 1
0.0562633678 1
0.0562668496 1
0.0562701866 1
0.0562733763 1
0.0562764162 1
0.0562793040 1
0.0562820380 1
0.0562846163 1
0.0562870376 1
0.0562893004 1
0.0562914040 1
0.0562933476 1
0.0562951307 1
0.0562967532 1
0.0562982151 1
0.0562995168 1
0.0563006589 1
0.0563016423 1
0.0563024681 1
0.0563031377 1
0.0563036529 1
0.0563040157 1
0.0563042281 1
0.0563042928 1
0.0563042125 1
0.0563039902 1
0.0563036291 1
0.0563031327 1
0.0563025048 1
0.0563017493 1
0.0563008705 1
0.0562998727 1
0.0562987605 1
0.0562975388 1
0.0562962126 1
0.0562947871 1
0.0562932675 1
0.0562916594 1
0.0562899685 1
0.0562882004 1
0.0562863612 1
0.0562844567 1
0.0562824931 1
0.0562804766 1
0.0562784133 1
0.0562763095 1
0.0562741716 1
0.0562720058 1
0.0562698185 1
0.0562676161 1
0.0562654048 1
0.0562631909 1
0.0562609806 1
0.0562587801 1
0.0562565954 1
0.0562544326 1
0.0562522976 1
0.0562501962 1
0.0562481339 1
0.0562461164 1
0.0562441490 1
0.0562422371 1
0.0562403856 1
0.0562385994 1
0.0562368834 1
0.0562352421 1
0.0562336798 1
0.0562322007 1
0.0562308089 1
0.0562295080 1
0.0562283017 1
0.0562271934 1
0.0562261861 1
0.0562252829 1
0.0562244865 1
0.0562237994 1
0.0562232239 1
0.0562227623 1
0.0562224163 1
0.0562221878 1
0.0562220781 1
0.0562220887 1
0.0562222207 1
0.0562224749 1
0.0562228522 1
0.0562233531 1
0.0562239780 1
0.0562247271 1
0.0562256006 1
0.0562265983 1
0.0562277199 1
0.0562289651 1
0.0562303333 1
0.0562318240 1
0.0562334362 1
0.0562351690 1
0.0562370215 1
0.0562389925 1
0.0562410808 1
0.0562432849 1
0.0562456036 1
0.0562480351 1
0.0562505781 1
0.0562532307 1
0.0562559913 1
0.0562588580 1
0.0562618289 1
0.0562649022 1
0.0562680759 1
0.0562713480 1
0.0562747164 1
0.0562781790 1
0.0562817337 1
0.0562853785 1
0.0562891110 1
0.0562929292 1
0.0562968308 1
0.0563008137 1
0.0563048756 1
0.0563090143 1
0.0563132275 1
0.0563175132 1
0.0563218690 1
0.0563262928 1
0.0563307824 1
0.0563353356 1
0.0563399502 1
0.0563446242 1
0.0563493553 1
0.0563541416 1
0.0563589808 1
0.0563638711 1
0.0563688104 1
0.0563737966 1
0.0563788280 1
0.0563839026 1
0.0563890184 1
0.0563941738 1
0.0563993669 1
0.0564045960 1
0.0564098594 1
0.0564151554 1
0.0564204825 1
0.0564258391 1
0.0564312238 1
0.0564366351 1
0.0564420716 1
0.0564475319 1
0.0564530149 1
0.0564585193 1
0.0564640440 1
0.0564695878 1
0.0564751497 1
0.0564807288 1
0.0564863241 1
0.0564919348 1
0.0564975601 1
0.0565031993 1
0.1776948133 0
0.0565088517 1
0.0565145166 1
0.0565201937 1
0.0565258823 1
0.0565315821 1
0.0565372928 1
0.0565430140 1
0.0565487456 1
0.0565544873 1
0.0565602392 1
0.0565660010 1
0.0565717729 1
0.0565775550 1
0.0565833474 1
0.0565891502 1
0.0565949638 1
0.0566007884 1
0.0566066245 1
0.0566124723 1
0.0566183325 1
0.0566242055 1
0.0566300918 1
0.0566359922 1
0.0566419072 1
0.0566478376 1
0.0566537840 1
0.0566597473 1
0.0566657283 1
0.0566717279 1
0.0566777469 1
0.0566837863 1
0.0566898469 1
0.0566959299 1
0.0567020362 1
0.0567081668 1
0.0567143227 1
0.0567205052 1
0.0567267151 1
0.0567329537 1
0.0567392221 1
0.0567455214 1
0.0567518526 1
0.0567582171 1
0.0567646159 1
0.0567710502 1
0.0567775210 1
0.0567840297 1
0.0567905773 1
0.0567971650 1
0.0568037939 1
0.0568104652 1
0.0568171799 1
0.0568239392 1
0.0568307442 1
0.0568375959 1
0.0568444954 1
0.0568514438 1
0.0568584421 1
0.0568654913 1
0.0568725923 1
0.0568797461 1
0.0568869537 1
0.0568942160 1
0.0569015338 1
0.0569089080 1
0.0569163394 1
0.0569238289 1
0.0569313770 1
0.0569389847 1
0.0569466526 1
0.0569543813 1
0.0569621715 1
0.0569700237 1
0.0569779386 1
0.0569859167 1
0.0569939583 1
0.0570020641 1
0.0570102345 1
0.0570184697 1
0.0570267701 1
0.0570351361 1
0.0570435679 1
0.0570520658 1
0.0570606299 1
0.0570692604 1
0.0570779575 1
0.0570867212 1
0.0570955515 1
0.0571044485 1
0.0571134122 1
0.0571224425 1
0.0571315392 1
0.0571407024 1
0.0571499317 1
0.0571592271 1
0.0571685882 1
0.0571780149 1
0.0571875067 1
0.0571970634 1
0.0572066847 1
0.0572163700 1
0.0572261190 1
0.0572359312 1
0.0572458062 1
0.0572557433 1
0.0572657421 1
0.0572758020 1
0.0572859223 1
0.0572961024 1
0.0573063417 1
0.0573166395 1
0.0573269950 1
0.0573374076 1
0.0573478764 1
0.0573584006 1
0.0573689795 1
0.0573796123 1
0.0573902980 1
0.0574010357 1
0.0574118247 1
0.0574226639 1
0.0574335525 1
0.0574444894 1
0.0574554738 1
0.0574665046 1
0.0574775808 1
0.0574887015 1
0.0574998655 1
0.0575110719 1
0.0575223195 1
0.0575336074 1
0.0575449344 1
0.0575562995 1
0.0575677015 1
0.0575791394 1
0.0575906120 1
0.0576021182 1
0.0576136570 1
0.0576252271 1
0.0576368274 1
0.0576484569 1
0.0576601143 1
0.0576717985 1
0.0576835084 1
0.0576952428 1
0.0577070007 1
0.0577187808 1
0.0577305820 1
0.0577424032 1
0.0577542432 1
0.0577661010 1
0.0577779754 1
0.0577898653 1
0.0578017695 1
0.0578136871 1
0.0578256168 1
0.0578375576 1
0.0578495084 1
0.0578614682 1
0.0578734359 1
0.0578854104 1
0.0578973907 1
0.0579093758 1
0.0579213646 1
0.0579333562 1
0.0579453496 1
0.0579573438 1
0.0579693378 1
0.0579813306 1
0.0579933214 1
0.0580053093 1
0.0580172932 1
0.0580292723 1
0.0580412458 1
0.0580532127 1
0.0580651722 1
0.0580771236 1
0.0580890658 1
0.0581009983 1
0.0581129200 1
0.0581248304 1
0.0581367286 1
0.0581486138 1
0.0581604854 1
0.0581723427 1
0.0581841848 1
0.0581960112 1
0.0582078211 1
0.0582196139 1
0.0582313890 1
0.0582431457 1
0.0582548834 1
0.0582666014 1
0.0582782993 1
0.0582899763 1
0.0583016320 1
0.0583132658 1
0.0583248771 1
0.0583364653 1
0.1744911210 0
0.0583480300 1
0.0583595707 1
0.0583710868 1
0.0583825779 1
0.0583940434 1
0.0584054828 1
0.0584168958 1
0.0584282818 1
0.0584396404 1
0.0584509711 1
0.0584622735 1
0.0584735471 1
0.0584847916 1
0.0584960065 1
0.0585071914 1
0.0585183458 1
0.0585294695 1
0.0585405619 1
0.0585516226 1
0.0585626514 1
0.0585736477 1
0.0585846112 1
0.0585955415 1
0.0586064383 1
0.0586173011 1
0.0586281295 1
0.0586389233 1
0.0586496820 1
0.0586604053 1
0.0586710927 1
0.0586817439 1
0.0586923586 1
0.0587029364 1
0.0587134769 1
0.0587239797 1
0.0587344446 1
0.0587448710 1
0.0587552588 1
0.0587656074 1
0.0587759165 1
0.0587861859 1
0.0587964150 1
0.0588066036 1
0.0588167514 1
0.0588268578 1
0.0588369226 1
0.0588469455 1
0.0588569260 1
0.0588668638 1
0.0588767586 1
0.0588866100 1
0.0588964176 1
0.0589061811 1
0.0589159001 1
0.0589255743 1
0.0589352033 1
0.0589447869 1
0.0589543245 1
0.0589638159 1
0.0589732608 1
0.0589826587 1
0.0589920094 1
0.0590013126 1
0.0590105678 1
0.0590197747 1
0.0590289330 1
0.0590380425 1
0.0590471026 1
0.0590561132 1
0.0590650739 1
0.0590739844 1
0.0590828443 1
0.0590916534 1
0.0591004113 1
0.0591091177 1
0.0591177724 1
0.0591263750 1
0.0591349253 1
0.0591434229 1
0.0591518675 1
0.0591602589 1
0.0591685968 1
0.0591768809 1
0.0591851110 1
0.0591932867 1
0.0592014078 1
0.0592094741 1
0.0592174853 1
0.0592254411 1
0.0592333414 1
0.0592411858 1
0.0592489742 1
0.0592567062 1
0.0592643817 1
0.0592720005 1
0.0592795623 1
0.0592870670 1
0.0592945143 1
0.0593019040 1
0.0593092359 1
0.0593165099 1
0.0593237257 1
0.0593308832 1
0.0593379822 1
0.0593450226 1
0.0593520041 1
0.0593589266 1
0.0593657899 1
0.0593725940 1
0.0593793386 1
0.0593860236 1
0.0593926490 1
0.0593992145 1
0.0594057200 1
0.0594121654 1
0.0594185506 1
0.0594248755 1
0.0594311400 1
0.0594373440 1
0.0594434874 1
0.0594495701 1
0.0594555920 1
0.0594615531 1
0.0594674532 1
0.0594732924 1
0.0594790704 1
0.0594847874 1
0.0594904431 1
0.0594960377 1
0.0595015709 1
0.0595070429 1
0.0595124534 1
0.0595178027 1
0.0595230905 1
0.0595283168 1
0.0595334818 1
0.0595385852 1
0.0595436272 1
0.0595486078 1
0.0595535268 1
0.0595583844 1
0.0595631806 1
0.0595679153 1
0.0595725886 1
0.0595772005 1
0.0595817510 1
0.0595862402 1
0.0595906681 1
0.0595950347 1
0.0595993401 1
0.0596035844 1
0.0596077676 1
0.0596118897 1
0.0596159508 1
0.0596199510 1
0.0596238904 1
0.0596277690 1
0.0596315869 1
0.0596353442 1
0.0596390410 1
0.0596426774 1
0.0596462534 1
0.0596497692 1
0.0596532249 1
0.0596566206 1
0.0596599564 1
0.0596632324 1
0.0596664488 1
0.0596696056 1
0.0596727031 1
0.0596757413 1
0.0596787204 1
0.0596816404 1
0.0596845017 1
0.0596873043 1
0.0596900483 1
0.0596927340 1
0.0596953615 1
0.0596979309 1
0.0597004425 1
0.0597028964 1
0.0597052928 1
0.0597076319 1
0.0597099138 1
0.0597121388 1
0.0597143071 1
0.0597164187 1
0.0597184741 1
0.0597204733 1
0.0597224166 1
0.0597243042 1
0.0597261363 1
0.0597279131 1
0.0597296349 1
0.0597313018 1
0.0597329142 1
0.0597344723 1
0.0597359762 1
0.0597374263 1
0.1676100872 0
0.0597388229 1
0.0597401660 1
0.0597414561 1
0.0597426934 1
0.0597438781 1
0.0597450105 1
0.0597460909 1
0.0597471195 1
0.0597480967 1
0.0597490227 1
0.0597498978 1
0.0597507224 1
0.0597514966 1
0.0597522207 1
0.0597528952 1
0.0597535203 1
0.0597540962 1
0.0597546234 1
0.0597551021 1
0.0597555327 1
0.0597559154 1
0.0597562506 1
0.0597565386 1
0.0597567797 1
0.0597569744 1
0.0597571228 1
0.0597572254 1
0.0597572825 1
0.0597572945 1
0.0597572617 1
0.0597571844 1
0.0597570630 1
0.0597568979 1
0.0597566894 1
0.0597564378 1
0.0597561437 1
0.0597558073 1
0.0597554289 1
0.0597550091 1
0.0597545480 1
0.0597540463 1
0.0597535041 1
0.0597529219 1
0.0597523001 1
0.0597516391 1
0.0597509393 1
0.0597502010 1
0.0597494246 1
0.0597486107 1
0.0597477595 1
0.0597468714 1
0.0597459470 1
0.0597449865 1
0.0597439904 1
0.0597429591 1
0.0597418930 1
0.0597407925 1
0.0597396581 1
0.0597384901 1
0.0597372891 1
0.0597360553 1
0.0597347893 1
0.0597334914 1
0.0597321621 1
0.0597308019 1
0.0597294111 1
0.0597279901 1
0.0597265395 1
0.0597250595 1
0.0597235508 1
0.0597220137 1
0.0597204486 1
0.0597188560 1
0.0597172364 1
0.0597155900 1
0.0597139175 1
0.0597122193 1
0.0597104957 1
0.0597087472 1
0.0597069744 1
0.0597051775 1
0.0597033571 1
0.0597015135 1
0.0596996474 1
0.0596977590 1
0.0596958488 1
0.0596939173 1
0.0596919650 1
0.0596899922 1
0.0596879994 1
0.0596859871 1
0.0596839556 1
0.0596819055 1
0.0596798372 1
0.0596777512 1
0.0596756478 1
0.0596735275 1
0.0596713907 1
0.0596692380 1
0.0596670697 1
0.0596648863 1
0.0596626881 1
0.0596604758 1
0.0596582496 1
0.0596560101 1
0.0596537576 1
0.0596514926 1
0.0596492155 1
0.0596469267 1
0.0596446268 1
0.0596423161 1
0.0596399950 1
0.0596376639 1
0.0596353234 1
0.0596329738 1
0.0596306154 1
0.0596282489 1
0.0596258745 1
0.0596234926 1
0.0596211038 1
0.0596187084 1
0.0596163067 1
0.0596138993 1
0.0596114865 1
0.0596090688 1
0.0596066464 1
0.0596042199 1
0.0596017896 1
0.0595993559 1
0.0595969192 1
0.0595944799 1
0.0595920383 1
0.0595895949 1
0.0595871500 1
0.0595847041 1
0.0595822574 1
0.0595798104 1
0.0595773634 1
0.0595749168 1
0.0595724709 1
0.0595700262 1
0.0595675829 1
0.0595651414 1
0.0595627022 1
0.0595602654 1
0.0595578315 1
0.0595554008 1
0.0595529736 1
0.0595505504 1
0.0595481313 1
0.0595457167 1
0.0595433071 1
0.0595409026 1
0.0595385035 1
0.0595361103 1
0.0595337233 1
0.0595313426 1
0.0595289687 1
0.0595266018 1
0.0595242422 1
0.0595218902 1
0.0595195461 1
0.0595172103 1
0.0595148828 1
0.0595125642 1
0.0595102545 1
0.0595079541 1
0.0595056633 1
0.0595033823 1
0.0595011113 1
0.0594988507 1
0.0594966007 1
0.0594943614 1
0.0594921332 1
0.0594899164 1
0.0594877110 1
0.0594855174 1
0.0594833358 1
0.0594811664 1
0.0594790094 1
0.0594768651 1
0.0594747336 1
0.0594726152 1
0.0594705100 1
0.0594684183 1
0.0594663402 1
0.0594642760 1
0.0594622258 1
0.0594601898 1
0.0594581682 1
0.0594561612 1
0.0594541688 1
0.0594521914 1
0.0594502290 1
0.0594482819 1
0.0594463501 1
0.0594444339 1
0.0594425333 1
0.0594406485 1
0.1586862254 0
0.0594387797 1
0.0594369269 1
0.0594350904 1
0.0594332702 1
0.0594314664 1
0.0594296793 1
0.0594279088 1
0.0594261552 1
0.0594244184 1
0.0594226987 1
0.0594209961 1
0.0594193108 1
0.0594176427 1
0.0594159921 1
0.0594143589 1
0.0594127433 1
0.0594111453 1
0.0594095651 1
0.0594080026 1
0.0594064581 1
0.0594049314 1
0.0594034227 1
0.0594019321 1
0.0594004596 1
0.0593990052 1
0.0593975690 1
0.0593961511 1
0.0593947514 1
0.0593933701 1
0.0593920071 1
0.0593906625 1
0.0593893363 1
0.0593880285 1
0.0593867392 1
0.0593854684 1
0.0593842160 1
0.0593829822 1
0.0593817669 1
0.0593805701 1
0.0593793918 1
0.0593782321 1
0.0593770908 1
0.0593759681 1
0.0593748639 1
0.0593737782 1
0.0593727110 1
0.0593716623 1
0.0593706320 1
0.0593696202 1
0.0593686267 1
0.0593676517 1
0.0593666950 1
0.0593657566 1
0.0593648366 1
0.0593639348 1
0.0593630512 1
0.0593621858 1
0.0593613385 1
0.0593605093 1
0.0593596982 1
0.0593589051 1
0.0593581299 1
0.0593573726 1
0.0593566331 1
0.0593559115 1
0.0593552075 1
0.0593545212 1
0.0593538526 1
0.0593532014 1
0.0593525677 1
0.0593519515 1
0.0593513525 1
0.0593507708 1
0.0593502063 1
0.0593496589 1
0.0593491286 1
0.0593486152 1
0.0593481187 1
0.0593476389 1
0.0593471759 1
0.0593467295 1
0.0593462997 1
0.0593458863 1
0.0593454892 1
0.0593451085 1
0.0593447439 1
0.0593443954 1
0.0593440629 1
0.0593437464 1
0.0593434456 1
0.0593431605 1
0.0593428911 1
0.0593426371 1
0.0593423986 1
0.0593421754 1
0.0593419674 1
0.0593417745 1
0.0593415966 1
0.0593414336 1
0.0593412854 1
0.0593411519 1
0.0593410329 1
0.0593409284 1
0.0593408383 1
0.0593407624 1
0.0593407007 1
0.0593406530 1
0.0593406192 1
0.0593405992 1
0.0593405928 1
0.0593406001 1
0.0593406208 1
0.0593406549 1
0.0593407021 1
0.0593407625 1
0.0593408359 1
0.0593409222 1
0.0593410212 1
0.0593411329 1
0.0593412570 1
0.0593413936 1
0.0593415425 1
0.0593417035 1
0.0593418766 1
0.0593420616 1
0.0593422584 1
0.0593424669 1
0.0593426870 1
0.0593429184 1
0.0593431613 1
0.0593434153 1
0.0593436803 1
0.0593439564 1
0.0593442433 1
0.0593445408 1
0.0593448490 1
0.0593451676 1
0.0593454966 1
0.0593458358 1
0.0593461851 1
0.0593465444 1
0.0593469135 1
0.0593472923 1
0.0593476808 1
0.0593480787 1
0.0593484860 1
0.0593489025 1
0.0593493282 1
0.0593497629 1
0.0593502064 1
0.0593506587 1
0.0593511196 1
0.0593515890 1
0.0593520668 1
0.0593525528 1
0.0593530470 1
0.0593535492 1
0.0593540594 1
0.0593545773 1
0.0593551028 1
0.0593556359 1
0.0593561765 1
0.0593567243 1
0.0593572793 1
0.0593578414 1
0.0593584104 1
0.0593589862 1
0.0593595687 1
0.0593601579 1
0.0593607534 1
0.0593613554 1
0.0593619636 1
0.0593625779 1
0.0593631982 1
0.0593638244 1
0.0593644563 1
0.0593650939 1
0.0593657371 1
0.0593663857 1
0.0593670396 1
0.0593676987 1
0.0593683628 1
0.0593690320 1
0.0593697060 1
0.0593703848 1
0.0593710682 1
0.0593717561 1
0.0593724485 1
0.0593731451 1
0.0593738460 1
0.0593745509 1
0.0593752598 1
0.0593759726 1
0.0593766892 1
0.0593774094 1
0.0593781331 1
0.0593788604 1
0.0593795909 1
0.0593803247 1
0.1521653747 0
0.0593810616 1
0.0593818015 1
0.0593825444 1
0.0593832901 1
0.0593840385 1
0.0593847895 1
0.0593855430 1
0.0593862989 1
0.0593870572 1
0.0593878177 1
0.0593885803 1
0.0593893449 1
0.0593901114 1
0.0593908797 1
0.0593916498 1
0.0593924215 1
0.0593931947 1
0.0593939694 1
0.0593947454 1
0.0593955227 1
0.0593963011 1
0.0593970806 1
0.0593978611 1
0.0593986424 1
0.0593994246 1
0.0594002074 1
0.0594009909 1
0.0594017749 1
0.0594025593 1
0.0594033441 1
0.0594041291 1
0.0594049144 1
0.0594056997 1
0.0594064850 1
0.0594072702 1
0.0594080553 1
0.0594088401 1
0.0594096246 1
0.0594104087 1
0.0594111923 1
0.0594119753 1
0.0594127577 1
0.0594135394 1
0.0594143202 1
0.0594151002 1
0.0594158792 1
0.0594166571 1
0.0594174340 1
0.0594182096 1
0.0594189840 1
0.0594197570 1
0.0594205287 1
0.0594212988 1
0.0594220674 1
0.0594228344 1
0.0594235997 1
0.0594243631 1
0.0594251248 1
0.0594258846 1
0.0594266423 1
0.0594273981 1
0.0594281517 1
0.0594289031 1
0.0594296523 1
0.0594303992 1
0.0594311438 1
0.0594318859 1
0.0594326255 1
0.0594333625 1
0.0594340969 1
0.0594348286 1
0.0594355576 1
0.0594362838 1
0.0594370072 1
0.0594377276 1
0.0594384450 1
0.0594391594 1
0.0594398707 1
0.0594405789 1
0.0594412839 1
0.0594419856 1
0.0594426840 1
0.0594433790 1
0.0594440707 1
0.0594447588 1
0.0594454435 1
0.0594461245 1
0.0594468020 1
0.0594474758 1
0.0594481458 1
0.0594488121 1
0.0594494746 1
0.0594501332 1
0.0594507879 1
0.0594514387 1
0.0594520855 1
0.0594527282 1
0.0594533668 1
0.0594540013 1
0.0594546317 1
0.0594552578 1
0.0594558796 1
0.0594564972 1
0.0594571104 1
0.0594577193 1
0.0594583237 1
0.0594589237 1
0.0594595192 1
0.0594601101 1
0.0594606965 1
0.0594612783 1
0.0594618555 1
0.0594624279 1
0.0594629957 1
0.0594635587 1
0.0594641170 1
0.0594646704 1
0.0594652190 1
0.0594657628 1
0.0594663016 1
0.0594668355 1
0.0594673644 1
0.0594678883 1
0.0594684072 1
0.0594689211 1
0.0594694299 1
0.0594699336 1
0.0594704321 1
0.0594709255 1
0.0594714137 1
0.0594718967 1
0.0594723745 1
0.0594728470 1
0.0594733142 1
0.0594737761 1
0.0594742327 1
0.0594746840 1
0.0594751299 1
0.0594755704 1
0.0594760054 1
0.0594764351 1
0.0594768593 1
0.0594772780 1
0.0594776912 1
0.0594780990 1
0.0594785012 1
0.0594788979 1
0.0594792890 1
0.0594796745 1
0.0594800545 1
0.0594804288 1
0.0594807975 1
0.0594811606 1
0.0594815181 1
0.0594818699 1
0.0594822160 1
0.0594825564 1
0.0594828912 1
0.0594832202 1
0.0594835435 1
0.0594838611 1
0.0594841730 1
0.0594844791 1
0.0594847794 1
0.0594850740 1
0.0594853628 1
0.0594856458 1
0.0594859230 1
0.0594861944 1
0.0594864600 1
0.0594867199 1
0.0594869739 1
0.0594872220 1
0.0594874644 1
0.0594877009 1
0.0594879315 1
0.0594881564 1
0.0594883754 1
0.0594885885 1
0.0594887958 1
0.0594889972 1
0.0594891928 1
0.0594893825 1
0.0594895664 1
0.0594897444 1
0.0594899166 1
0.0594900829 1
0.0594902433 1
0.0594903979 1
0.0594905466 1
0.0594906895 1
0.0594908265 1
0.0594909576 1
0.0594910829 1
0.0594912024 1
0.0594913160 1
0.0594914237 1
0.0594915257 1
0.0594916217 1
0.1474027448 0
0.0594917120 1
0.0594917964 1
0.0594918750 1
0.0594919478 1
0.0594920148 1
0.0594920760 1
0.0594921314 1
0.0594921810 1
0.0594922247 1
0.0594922628 1
0.0594922950 1
0.0594923215 1
0.0594923422 1
0.0594923572 1
0.0594923664 1
0.0594923699 1
0.0594923676 1
0.0594923597 1
0.0594923460 1
0.0594923267 1
0.0594923016 1
0.0594922709 1
0.0594922345 1
0.0594921925 1
0.0594921448 1
0.0594920915 1
0.0594920325 1
0.0594919680 1
0.0594918978 1
0.0594918221 1
0.0594917407 1
0.0594916539 1
0.0594915614 1
0.0594914634 1
0.0594913599 1
0.0594912509 1
0.0594911364 1
0.0594910164 1
0.0594908909 1
0.0594907600 1
0.0594906237 1
0.0594904819 1
0.0594903347 1
0.0594901820 1
0.0594900240 1
0.0594898607 1
0.0594896920 1
0.0594895179 1
0.0594893385 1
0.0594891539 1
0.0594889639 1
0.0594887686 1
0.0594885681 1
0.0594883624 1
0.0594881514 1
0.0594879353 1
0.0594877139 1
0.0594874874 1
0.0594872557 1
0.0594870188 1
0.0594867769 1
0.0594865298 1
0.0594862777 1
0.0594860205 1
0.0594857582 1
0.0594854909 1
0.0594852186 1
0.0594849413 1
0.0594846590 1
0.0594843718 1
0.0594840797 1
0.0594837826 1
0.0594834806 1
0.0594831737 1
0.0594828620 1
0.0594825454 1
0.0594822241 1
0.0594818979 1
0.0594815669 1
0.0594812312 1
0.0594808907 1
0.0594805455 1
0.0594801956 1
0.0594798410 1
0.0594794818 1
0.0594791179 1
0.0594787494 1
0.0594783763 1
0.0594779986 1
0.0594776164 1
0.0594772296 1
0.0594768383 1
0.0594764425 1
0.0594760423 1
0.0594756376 1
0.0594752284 1
0.0594748149 1
0.0594743969 1
0.0594739746 1
0.0594735479 1
0.0594731170 1
0.0594726817 1
0.0594722421 1
0.0594717983 1
0.0594713502 1
0.0594708979 1
0.0594704414 1
0.0594699808 1
0.0594695160 1
0.0594690470 1
0.0594685740 1
0.0594680969 1
0.0594676157 1
0.0594671304 1
0.0594666412 1
0.0594661479 1
0.0594656507 1
0.0594651495 1
0.0594646444 1
0.0594641354 1
0.0594636225 1
0.0594631058 1
0.0594625852 1
0.0594620607 1
0.0594615325 1
0.0594610005 1
0.0594604648 1
0.0594599253 1
0.0594593821 1
0.0594588353 1
0.0594582847 1
0.0594577306 1
0.0594571728 1
0.0594566114 1
0.0594560465 1
0.0594554780 1
0.0594549060 1
0.0594543304 1
0.0594537514 1
0.0594531689 1
0.0594525830 1
0.0594519937 1
0.0594514010 1
0.0594508049 1
0.0594502055 1
0.0594496028 1
0.0594489967 1
0.0594483874 1
0.0594477748 1
0.0594471590 1
0.0594465399 1
0.0594459177 1
0.0594452923 1
0.0594446638 1
0.0594440321 1
0.0594433973 1
0.0594427595 1
0.0594421186 1
0.0594414747 1
0.0594408277 1
0.0594401778 1
0.0594395249 1
0.0594388690 1
0.0594382103 1
0.0594375486 1
0.0594368841 1
0.0594362167 1
0.0594355464 1
0.0594348734 1
0.0594341975 1
0.0594335189 1
0.0594328375 1
0.0594321535 1
0.0594314667 1
0.0594307772 1
0.0594300851 1
0.0594293903 1
0.0594286929 1
0.0594279929 1
0.0594272904 1
0.0594265853 1
0.0594258776 1
0.0594251675 1
0.0594244549 1
0.0594237398 1
0.0594230222 1
0.0594223023 1
0.0594215799 1
0.0594208551 1
0.0594201280 1
0.0594193986 1
0.0594186668 1
0.0594179327 1
0.0594171964 1
0.0594164578 1
0.0594157170 1
0.0594149739 1
0.0594142287 1
0.0594134813 1
0.1432817116 0
0.0594127317 1
0.0594119800 1
0.0594112262 1
0.0594104703 1
0.0594097124 1
0.0594089524 1
0.0594081903 1
0.0594074263 1
0.0594066603 1
0.0594058923 1
0.0594051223 1
0.0594043504 1
0.0594035766 1
0.0594028010 1
0.0594020234 1
0.0594012440 1
0.0594004628 1
0.0593996798 1
0.0593988949 1
0.0593981084 1
0.0593973200 1
0.0593965299 1
0.0593957382 1
0.0593949447 1
0.0593941495 1
0.0593933527 1
0.0593925543 1
0.0593917542 1
0.0593909526 1
0.0593901494 1
0.0593893446 1
0.0593885383 1
0.0593877304 1
0.0593869211 1
0.0593861102 1
0.0593852979 1
0.0593844842 1
0.0593836690 1
0.0593828524 1
0.0593820344 1
0.0593812151 1
0.0593803944 1
0.0593795723 1
0.0593787490 1
0.0593779243 1
0.0593770983 1
0.0593762711 1
0.0593754427 1
0.0593746130 1
0.0593737821 1
0.0593729499 1
0.0593721167 1
0.0593712822 1
0.0593704466 1
0.0593696099 1
0.0593687721 1
0.0593679332 1
0.0593670932 1
0.0593662521 1
0.0593654101 1
0.0593645669 1
0.0593637228 1
0.0593628777 1
0.0593620316 1
0.0593611846 1
0.0593603366 1
0.0593594877 1
0.0593586379 1
0.0593577872 1
0.0593569356 1
0.0593560831 1
0.0593552299 1
0.0593543757 1
0.0593535208 1
0.0593526651 1
0.0593518086 1
0.0593509513 1
0.0593500933 1
0.0593492345 1
0.0593483751 1
0.0593475149 1
0.0593466540 1
0.0593457925 1
0.0593449303 1
0.0593440675 1
0.0593432040 1
0.0593423399 1
0.0593414753 1
0.0593406100 1
0.0593397442 1
0.0593388778 1
0.0593380109 1
0.0593371435 1
0.0593362755 1
0.0593354071 1
0.0593345382 1
0.0593336688 1
0.0593327989 1
0.0593319287 1
0.0593310580 1
0.0593301868 1
0.0593293153 1
0.0593284434 1
0.0593275712 1
0.0593266985 1
0.0593258256 1
0.0593249523 1
0.0593240787 1
0.0593232048 1
0.0593223306 1
0.0593214561 1
0.0593205814 1
0.0593197064 1
0.0593188312 1
0.0593179557 1
0.0593170801 1
0.0593162042 1
0.0593153282 1
0.0593144519 1
0.0593135756 1
0.0593126990 1
0.0593118224 1
0.0593109456 1
0.0593100687 1
0.0593091917 1
0.0593083146 1
0.0593074375 1
0.0593065603 1
0.0593056830 1
0.0593048057 1
0.0593039283 1
0.0593030510 1
0.0593021736 1
0.0593012963 1
0.0593004190 1
0.0592995416 1
0.0592986644 1
0.0592977872 1
0.0592969100 1
0.0592960330 1
0.0592951560 1
0.0592942791 1
0.0592934023 1
0.0592925256 1
0.0592916491 1
0.0592907727 1
0.0592898964 1
0.0592890203 1
0.0592881444 1
0.0592872687 1
0.0592863931 1
0.0592855178 1
0.0592846426 1
0.0592837677 1
0.0592828930 1
0.0592820186 1
0.0592811444 1
0.0592802704 1
0.0592793968 1
0.0592785234 1
0.0592776503 1
0.0592767775 1
0.0592759050 1
0.0592750328 1
0.0592741610 1
0.0592732895 1
0.0592724183 1
0.0592715475 1
0.0592706770 1
0.0592698069 1
0.0592689372 1
0.0592680679 1
0.0592671990 1
0.0592663305 1
0.0592654624 1
0.0592645948 1
0.0592637275 1
0.0592628608 1
0.0592619944 1
0.0592611285 1
0.0592602631 1
0.0592593982 1
0.0592585337 1
0.0592576697 1
0.0592568062 1
0.0592559433 1
0.0592550808 1
0.0592542188 1
0.0592533574 1
0.0592524966 1
0.0592516362 1
0.0592507764 1
0.0592499172 1
0.0592490585 1
0.0592482004 1
0.0592473429 1
0.0592464860 1
0.0592456297 1
0.0592447739 1
0.1399296139 0
0.0592439188 1
0.0592430643 1
0.0592422104 1
0.0592413571 1
0.0592405045 1
0.0592396525 1
0.0592388012 1
0.0592379505 1
0.0592371005 1
0.0592362511 1
0.0592354024 1
0.0592345544 1
0.0592337071 1
0.0592328604 1
0.0592320145 1
0.0592311692 1
0.0592303247 1
0.0592294809 1
0.0592286378 1
0.0592277954 1
0.0592269538 1
0.0592261129 1
0.0592252727 1
0.0592244333 1
0.0592235947 1
0.0592227567 1
0.0592219196 1
0.0592210832 1
0.0592202476 1
0.0592194128 1
0.0592185788 1
0.0592177456 1
0.0592169131 1
0.0592160815 1
0.0592152506 1
0.0592144206 1
0.0592135914 1
0.0592127629 1
0.0592119354 1
0.0592111086 1
0.0592102827 1
0.0592094576 1
0.0592086333 1
0.0592078099 1
0.0592069874 1
0.0592061657 1
0.0592053448 1
0.0592045248 1
0.0592037057 1
0.0592028874 1
0.0592020701 1
0.0592012536 1
0.0592004379 1
0.0591996232 1
0.0591988093 1
0.0591979964 1
0.0591971843 1
0.0591963731 1
0.0591955628 1
0.0591947535 1
0.0591939450 1
0.0591931375 1
0.0591923309 1
0.0591915251 1
0.0591907203 1
0.0591899165 1
0.0591891135 1
0.0591883115 1
0.0591875105 1
0.0591867103 1
0.0591859111 1
0.0591851129 1
0.0591843156 1
0.0591835192 1
0.0591827238 1
0.0591819293 1
0.0591811358 1
0.0591803433 1
0.0591795517 1
0.0591787611 1
0.0591779714 1
0.0591771827 1
0.0591763950 1
0.0591756082 1
0.0591748225 1
0.0591740377 1
0.0591732538 1
0.0591724710 1
0.0591716891 1
0.0591709083 1
0.0591701284 1
0.0591693495 1
0.0591685716 1
0.0591677947 1
0.0591670187 1
0.0591662438 1
0.0591654699 1
0.0591646970 1
0.0591639250 1
0.0591631541 1
0.0591623842 1
0.0591616153 1
0.0591608474 1
0.0591600805 1
0.0591593146 1
0.0591585497 1
0.0591577858 1
0.0591570229 1
0.0591562611 1
0.0591555003 1
0.0591547405 1
0.0591539817 1
0.0591532239 1
0.0591524671 1
0.0591517114 1
0.0591509567 1
0.0591502030 1
0.0591494503 1
0.0591486987 1
0.0591479481 1
0.0591471985 1
0.0591464499 1
0.0591457024 1
0.0591449559 1
0.0591442104 1
0.0591434659 1
0.0591427225 1
0.0591419801 1
0.0591412388 1
0.0591404984 1
0.0591397591 1
0.0591390209 1
0.0591382836 1
0.0591375474 1
0.0591368123 1
0.0591360781 1
0.0591353450 1
0.0591346129 1
0.0591338819 1
0.0591331519 1
0.0591324229 1
0.0591316950 1
0.0591309681 1
0.0591302422 1
0.0591295174 1
0.0591287936 1
0.0591280709 1
0.0591273491 1
0.0591266284 1
0.0591259088 1
0.0591251902 1
0.0591244726 1
0.0591237560 1
0.0591230405 1
0.0591223260 1
0.0591216125 1
0.0591209001 1
0.0591201887 1
0.0591194783 1
0.0591187690 1
0.0591180607 1
0.0591173534 1
0.0591166472 1
0.0591159420 1
0.0591152378 1
0.0591145346 1
0.0591138325 1
0.0591131314 1
0.0591124313 1
0.0591117322 1
0.0591110342 1
0.0591103372 1
0.0591096412 1
0.0591089463 1
0.0591082524 1
0.0591075594 1
0.0591068675 1
0.0591061767 1
0.0591054868 1
0.0591047980 1
0.0591041102 1
0.0591034234 1
0.0591027376 1
0.0591020528 1
0.0591013691 1
0.0591006863 1
0.0591000046 1
0.0590993239 1
0.0590986442 1
0.0590979655 1
0.0590972878 1
0.0590966111 1
0.0590959354 1
0.0590952608 1
0.0590945871 1
0.0590939144 1
0.0590932428 1
0.0590925721 1
0.0590919024 1
0.1377588355 0
0.0590912338 1
0.0590905661 1
0.0590898994 1
0.0590892337 1
0.0590885690 1
0.0590879053 1
0.0590872426 1
0.0590865809 1
0.0590859202 1
0.0590852605 1
0.0590846017 1
0.0590839439 1
0.0590832871 1
0.0590826313 1
0.0590819765 1
0.0590813227 1
0.0590806698 1
0.0590800179 1
0.0590793670 1
0.0590787170 1
0.0590780680 1
0.0590774200 1
0.0590767730 1
0.0590761269 1
0.0590754818 1
0.0590748377 1
0.0590741945 1
0.0590735523 1
0.0590729110 1
0.0590722708 1
0.0590716314 1
0.0590709930 1
0.0590703556 1
0.0590697191 1
0.0590690836 1
0.0590684490 1
0.0590678154 1
0.0590671827 1
0.0590665510 1
0.0590659202 1
0.0590652903 1
0.0590646614 1
0.0590640334 1
0.0590634064 1
0.0590627802 1
0.0590621551 1
0.0590615308 1
0.0590609075 1
0.0590602851 1
0.0590596637 1
0.0590590431 1
0.0590584235 1
0.0590578048 1
0.0590571870 1
0.0590565702 1
0.0590559542 1
0.0590553392 1
0.0590547251 1
0.0590541119 1
0.0590534996 1
0.0590528882 1
0.0590522777 1
0.0590516681 1
0.0590510595 1
0.0590504517 1
0.0590498448 1
0.0590492388 1
0.0590486338 1
0.0590480296 1
0.0590474263 1
0.0590468239 1
0.0590462223 1
0.0590456217 1
0.0590450220 1
0.0590444231 1
0.0590438251 1
0.0590432280 1
0.0590426318 1
0.0590420364 1
0.0590414419 1
0.0590408483 1
0.0590402556 1
0.0590396637 1
0.0590390727 1
0.0590384826 1
0.0590378933 1
0.0590373049 1
0.0590367173 1
0.0590361306 1
0.0590355448 1
0.0590349598 1
0.0590343756 1
0.0590337923 1
0.0590332099 1
0.0590326283 1
0.0590320476 1
0.0590314676 1
0.0590308886 1
0.0590303104 1
0.0590297330 1
0.0590291564 1
0.0590285807 1
0.0590280058 1
0.0590274317 1
0.0590268585 1
0.0590262861 1
0.0590257145 1
0.0590251437 1
0.0590245738 1
0.0590240047 1
0.0590234364 1
0.0590228689 1
0.0590223022 1
0.0590217364 1
0.0590211713 1
0.0590206070 1
0.0590200436 1
0.0590194810 1
0.0590189191 1
0.0590183581 1
0.0590177979 1
0.0590172384 1
0.0590166798 1
0.0590161219 1
0.0590155648 1
0.0590150086 1
0.0590144531 1
0.0590138984 1
0.0590133445 1
0.0590127913 1
0.0590122390 1
0.0590116874 1
0.0590111366 1
0.0590105866 1
0.0590100373 1
0.0590094888 1
0.0590089411 1
0.0590083941 1
0.0590078480 1
0.0590073025 1
0.0590067579 1
0.0590062140 1
0.0590056708 1
0.0590051284 1
0.0590045868 1
0.0590040459 1
0.0590035058 1
0.0590029664 1
0.0590024278 1
0.0590018899 1
0.0590013527 1
0.0590008163 1
0.0590002806 1
0.0589997457 1
0.0589992115 1
0.0589986781 1
0.0589981453 1
0.0589976133 1
0.0589970820 1
0.0589965515 1
0.0589960217 1
0.0589954926 1
0.0589949642 1
0.0589944365 1
0.0589939096 1
0.0589933834 1
0.0589928579 1
0.0589923330 1
0.0589918090 1
0.0589912856 1
0.0589907629 1
0.0589902409 1
0.0589897196 1
0.0589891991 1
0.0589886792 1
0.0589881600 1
0.0589876416 1
0.0589871238 1
0.0589866067 1
0.0589860903 1
0.0589855746 1
0.0589850595 1
0.0589845452 1
0.0589840315 1
0.0589835185 1
0.0589830062 1
0.0589824946 1
0.0589819836 1
0.0589814734 1
0.0589809638 1
0.0589804548 1
0.0589799466 1
0.0589794390 1
0.0589789320 1
0.0589784257 1
0.0589779201 1
0.0589774152 1
0.0589769109 1
0.0589764072 1
0.1368131142 0
0.0589759042 1
0.0589754019 1
0.0589749002 1
0.0589743992 1
0.0589738988 1
0.0589733990 1
0.0589728999 1
0.0589724015 1
0.0589719036 1
0.0589714064 1
0.0589709099 1
0.0589704140 1
0.0589699187 1
0.0589694240 1
0.0589689300 1
0.0589684366 1
0.0589679438 1
0.0589674516 1
0.0589669601 1
0.0589664692 1
0.0589659789 1
0.0589654892 1
0.0589650001 1
0.0589645117 1
0.0589640238 1
0.0589635366 1
0.0589630500 1
0.0589625639 1
0.0589620785 1
0.0589615937 1
0.0589611095 1
0.0589606258 1
0.0589601428 1
0.0589596604 1
0.0589591785 1
0.0589586973 1
0.0589582166 1
0.0589577365 1
0.0589572570 1
0.0589567781 1
0.0589562998 1
0.0589558220 1
0.0589553448 1
0.0589548682 1
0.0589543922 1
0.0589539168 1
0.0589534419 1
0.0589529676 1
0.0589524938 1
0.0589520206 1
0.0589515480 1
0.0589510759 1
0.0589506044 1
0.0589501335 1
0.0589496631 1
0.0589491933 1
0.0589487240 1
0.0589482552 1
0.0589477871 1
0.0589473194 1
0.0589468523 1
0.0589463858 1
0.0589459198 1
0.0589454543 1
0.0589449894 1
0.0589445250 1
0.0589440611 1
0.0589435978 1
0.0589431350 1
0.0589426727 1
0.0589422109 1
0.0589417497 1
0.0589412890 1
0.0589408288 1
0.0589403692 1
0.0589399100 1
0.0589394514 1
0.0589389933 1
0.0589385357 1
0.0589380786 1
0.0589376220 1
0.0589371659 1
0.0589367103 1
0.0589362553 1
0.0589358007 1
0.0589353466 1
0.0589348930 1
0.0589344400 1
0.0589339874 1
0.0589335353 1
0.0589330837 1
0.0589326325 1
0.0589321819 1
0.0589317317 1
0.0589312821 1
0.0589308329 1
0.0589303841 1
0.0589299359 1
0.0589294881 1
0.0589290409 1
0.0589285940 1
0.0589281477 1
0.0589277018 1
0.0589272564 1
0.0589268114 1
0.0589263669 1
0.0589259229 1
0.0589254793 1
0.0589250362 1
0.0589245935 1
0.0589241513 1
0.0589237095 1
0.0589232682 1
0.0589228273 1
0.0589223869 1
0.0589219469 1
0.0589215073 1
0.0589210682 1
0.0589206295 1
0.0589201913 1
0.0589197535 1
0.0589193161 1
0.0589188791 1
0.0589184426 1
0.0589180065 1
0.0589175709 1
0.0589171356 1
0.0589167008 1
0.0589162664 1
0.0589158324 1
0.0589153988 1
0.0589149656 1
0.0589145328 1
0.0589141005 1
0.0589136685 1
0.0589132370 1
0.0589128058 1
0.0589123751 1
0.0589119447 1
0.0589115148 1
0.0589110852 1
0.0589106561 1
0.0589102273 1
0.0589097989 1
0.0589093709 1
0.0589089433 1
0.0589085161 1
0.0589080892 1
0.0589076628 1
0.0589072367 1
0.0589068110 1
0.0589063856 1
0.0589059607 1
0.0589055361 1
0.0589051118 1
0.0589046880 1
0.0589042645 1
0.0589038413 1
0.0589034185 1
0.0589029961 1
0.0589025741 1
0.0589021524 1
0.0589017310 1
0.0589013100 1
0.0589008893 1
0.0589004690 1
0.0589000491 1
0.0588996294 1
0.0588992102 1
0.0588987912 1
0.0588983726 1
0.0588979543 1
0.0588975364 1
0.0588971188 1
0.0588967015 1
0.0588962846 1
0.0588958679 1
0.0588954516 1
0.0588950357 1
0.0588946200 1
0.0588942047 1
0.0588937897 1
0.0588933750 1
0.0588929606 1
0.0588925465 1
0.0588921327 1
0.0588917192 1
0.0588913061 1
0.0588908932 1
0.0588904807 1
0.0588900684 1
0.0588896564 1
0.0588892448 1
0.0588888334 1
0.0588884223 1
0.0588880115 1
0.0588876010 1
0.0588871908 1
0.0588867809 1
0.1368003490 0
0.0588863712 1
0.0588859619 1
0.0588855528 1
0.0588851440 1
0.0588847355 1
0.0588843272 1
0.0588839192 1
0.0588835115 1
0.0588831040 1
0.0588826969 1
0.0588822899 1
0.0588818833 1
0.0588814769 1
0.0588810707 1
0.0588806649 1
0.0588802592 1
0.0588798539 1
0.0588794487 1
0.0588790439 1
0.0588786393 1
0.0588782349 1
0.0588778307 1
0.0588774269 1
0.0588770232 1
0.0588766198 1
0.0588762166 1
0.0588758137 1
0.0588754110 1
0.0588750085 1
0.0588746063 1
0.0588742043 1
0.0588738025 1
0.0588734010 1
0.0588729996 1
0.0588725985 1
0.0588721976 1
0.0588717970 1
0.0588713965 1
0.0588709963 1
0.0588705962 1
0.0588701964 1
0.0588697968 1
0.0588693974 1
0.0588689983 1
0.0588685993 1
0.0588682005 1
0.0588678019 1
0.0588674035 1
0.0588670054 1
0.0588666074 1
0.0588662096 1
0.0588658120 1
0.0588654146 1
0.0588650174 1
0.0588646204 1
0.0588642236 1
0.0588638269 1
0.0588634305 1
0.0588630342 1
0.0588626381 1
0.0588622422 1
0.0588618464 1
0.0588614509 1
0.0588610555 1
0.0588606603 1
0.0588602652 1
0.0588598704 1
0.0588594757 1
0.0588590811 1
0.0588586868 1
0.0588582926 1
0.0588578985 1
0.0588575047 1
0.0588571110 1
0.0588567174 1
0.0588563240 1
0.0588559308 1
0.0588555377 1
0.0588551447 1
0.0588547520 1
0.0588543593 1
0.0588539669 1
0.0588535745 1
0.0588531823 1
0.0588527903 1
0.0588523984 1
0.0588520067 1
0.0588516151 1
0.0588512236 1
0.0588508323 1
0.0588504411 1
0.0588500500 1
0.0588496591 1
0.0588492683 1
0.0588488777 1
0.0588484871 1
0.0588480967 1
0.0588477065 1
0.0588473164 1
0.0588469264 1
0.0588465365 1
0.0588461467 1
0.0588457571 1
0.0588453676 1
0.0588449782 1
0.0588445889 1
0.0588441998 1
0.0588438108 1
0.0588434218 1
0.0588430331 1
0.0588426444 1
0.0588422558 1
0.0588418674 1
0.0588414790 1
0.0588410908 1
0.0588407027 1
0.0588403147 1
0.0588399268 1
0.0588395390 1
0.0588391513 1
0.0588387637 1
0.0588383762 1
0.0588379888 1
0.0588376016 1
0.0588372144 1
0.0588368273 1
0.0588364404 1
0.0588360535 1
0.0588356667 1
0.0588352800 1
0.0588348935 1
0.0588345070 1
0.0588341206 1
0.0588337343 1
0.0588333481 1
0.0588329620 1
0.0588325760 1
0.0588321901 1
0.0588318043 1
0.0588314185 1
0.0588310329 1
0.0588306473 1
0.0588302619 1
0.0588298765 1
0.0588294912 1
0.0588291060 1
0.0588287209 1
0.0588283359 1
0.0588279509 1
0.0588275661 1
0.0588271813 1
0.0588267966 1
0.0588264120 1
0.0588260275 1
0.0588256430 1
0.0588252587 1
0.0588248744 1
0.0588244902 1
0.0588241061 1
0.0588237221 1
0.0588233381 1
0.0588229543 1
0.0588225705 1
0.0588221868 1
0.0588218031 1
0.0588214196 1
0.0588210361 1
0.0588206527 1
0.0588202694 1
0.0588198861 1
0.0588195030 1
0.0588191199 1
0.0588187369 1
0.0588183540 1
0.0588179711 1
0.0588175883 1
0.0588172056 1
0.0588168230 1
0.0588164405 1
0.0588160580 1
0.0588156756 1
0.0588152933 1
0.0588149111 1
0.0588145289 1
0.0588141468 1
0.0588137648 1
0.0588133829 1
0.0588130010 1
0.0588126193 1
0.0588122376 1
0.0588118559 1
0.0588114744 1
0.0588110929 1
0.0588107115 1
0.0588103302 1
0.0588099490 1
0.0588095678 1
0.0588091868 1
0.0588088058 1
0.1371161427 0
0.0588084248 1
0.0588080440 1
0.0588076632 1
0.0588072826 1
0.0588069020 1
0.0588065214 1
0.0588061410 1
0.0588057606 1
0.0588053804 1
0.0588050002 1
0.0588046200 1
0.0588042400 1
0.0588038601 1
0.0588034802 1
0.0588031004 1
0.0588027207 1
0.0588023411 1
0.0588019616 1
0.0588015821 1
0.0588012028 1
0.0588008235 1
0.0588004443 1
0.0588000653 1
0.0587996863 1
0.0587993073 1
0.0587989285 1
0.0587985498 1
0.0587981711 1
0.0587977926 1
0.0587974141 1
0.0587970358 1
0.0587966575 1
0.0587962793 1
0.0587959012 1
0.0587955233 1
0.0587951454 1
0.0587947676 1
0.0587943899 1
0.0587940123 1
0.0587936348 1
0.0587932574 1
0.0587928801 1
0.0587925029 1
0.0587921259 1
0.0587917489 1
0.0587913720 1
0.0587909952 1
0.0587906186 1
0.0587902420 1
0.0587898656 1
0.0587894892 1
0.0587891130 1
0.0587887369 1
0.0587883609 1
0.0587879850 1
0.0587876092 1
0.0587872336 1
0.0587868580 1
0.0587864826 1
0.0587861073 1
0.0587857321 1
0.0587853571 1
0.0587849821 1
0.0587846073 1
0.0587842326 1
0.0587838580 1
0.0587834836 1
0.0587831093 1
0.0587827351 1
0.0587823611 1
0.0587819871 1
0.0587816133 1
0.0587812397 1
0.0587808662 1
0.0587804928 1
0.0587801195 1
0.0587797464 1
0.0587793734 1
0.0587790006 1
0.0587786279 1
0.0587782554 1
0.0587778830 1
0.0587775107 1
0.0587771386 1
0.0587767666 1
0.0587763948 1
0.0587760232 1
0.0587756517 1
0.0587752803 1
0.0587749091 1
0.0587745381 1
0.0587741672 1
0.0587737965 1
0.0587734259 1
0.0587730555 1
0.0587726853 1
0.0587723152 1
0.0587719453 1
0.0587715755 1
0.0587712060 1
0.0587708366 1
0.0587704673 1
0.0587700983 1
0.0587697294 1
0.0587693607 1
0.0587689922 1
0.0587686238 1
0.0587682557 1
0.0587678877 1
0.0587675199 1
0.0587671523 1
0.0587667848 1
0.0587664176 1
0.0587660505 1
0.0587656837 1
0.0587653170 1
0.0587649505 1
0.0587645842 1
0.0587642182 1
0.0587638523 1
0.0587634866 1
0.0587631211 1
0.0587627558 1
0.0587623907 1
0.0587620259 1
0.0587616612 1
0.0587612967 1
0.0587609325 1
0.0587605685 1
0.0587602046 1
0.0587598410 1
0.0587594776 1
0.0587591145 1
0.0587587515 1
0.0587583888 1
0.0587580263 1
0.0587576640 1
0.0587573019 1
0.0587569401 1
0.0587565785 1
0.0587562171 1
0.0587558560 1
0.0587554951 1
0.0587551344 1
0.0587547740 1
0.0587544138 1
0.0587540538 1
0.0587536941 1
0.0587533346 1
0.0587529754 1
0.0587526164 1
0.0587522576 1
0.0587518991 1
0.0587515409 1
0.0587511829 1
0.0587508252 1
0.0587504677 1
0.0587501104 1
0.0587497535 1
0.0587493968 1
0.0587490403 1
0.0587486841 1
0.0587483282 1
0.0587479725 1
0.0587476171 1
0.0587472620 1
0.0587469071 1
0.0587465525 1
0.0587461982 1
0.0587458442 1
0.0587454904 1
0.0587451369 1
0.0587447837 1
0.0587444307 1
0.0587440781 1
0.0587437257 1
0.0587433736 1
0.0587430218 1
0.0587426703 1
0.0587423191 1
0.0587419681 1
0.0587416175 1
0.0587412671 1
0.0587409170 1
0.0587405672 1
0.0587402178 1
0.0587398686 1
0.0587395197 1
0.0587391711 1
0.0587388228 1
0.0587384748 1
0.0587381271 1
0.0587377797 1
0.0587374327 1
0.0587370859 1
0.0587367394 1
0.0587363933 1
0.0587360475 1
0.0587357019 1
0.1370083317 0
0.0587353567 1
0.0587350118 1
0.0587346672 1
0.0587343229 1
0.0587339790 1
0.0587336354 1
0.0587332920 1
0.0587329491 1
0.0587326064 1
0.0587322640 1
0.0587319220 1
0.0587315803 1
0.0587312389 1
0.0587308979 1
0.0587305572 1
0.0587302168 1
0.0587298767 1
0.0587295370 1
0.0587291976 1
0.0587288586 1
0.0587285198 1
0.0587281814 1
0.0587278434 1
0.0587275057 1
0.0587271683 1
0.0587268313 1
0.0587264946 1
0.0587261582 1
0.0587258222 1
0.0587254865 1
0.0587251512 1
0.0587248162 1
0.0587244815 1
0.0587241472 1
0.0587238133 1
0.0587234797 1
0.0587231464 1
0.0587228135 1
0.0587224810 1
0.0587221487 1
0.0587218169 1
0.0587214854 1
0.0587211542 1
0.0587208234 1
0.0587204930 1
0.0587201629 1
0.0587198331 1
0.0587195037 1
0.0587191747 1
0.0587188460 1
0.0587185177 1
0.0587181897 1
0.0587178621 1
0.0587175349 1
0.0587172080 1
0.0587168815 1
0.0587165553 1
0.0587162295 1
0.0587159041 1
0.0587155790 1
0.0587152542 1
0.0587149299 1
0.0587146059 1
0.0587142822 1
0.0587139589 1
0.0587136360 1
0.0587133135 1
0.0587129913 1
0.0587126694 1
0.0587123480 1
0.0587120269 1
0.0587117061 1
0.0587113858 1
0.0587110658 1
0.0587107461 1
0.0587104268 1
0.0587101079 1
0.0587097894 1
0.0587094712 1
0.0587091534 1
0.0587088359 1
0.0587085188 1
0.0587082021 1
0.0587078857 1
0.0587075697 1
0.0587072541 1
0.0587069388 1
0.0587066239 1
0.0587063094 1
0.0587059952 1
0.0587056814 1
0.0587053680 1
0.0587050549 1
0.0587047422 1
0.0587044299 1
0.0587041179 1
0.0587038062 1
0.0587034950 1
0.0587031841 1
0.0587028736 1
0.0587025634 1
0.0587022536 1
0.0587019441 1
0.0587016350 1
0.0587013263 1
0.0587010180 1
0.0587007100 1
0.0587004023 1
0.0587000950 1
0.0586997881 1
0.0586994815 1
0.0586991753 1
0.0586988695 1
0.0586985640 1
0.0586982589 1
0.0586979541 1
0.0586976497 1
0.0586973456 1
0.0586970419 1
0.0586967385 1
0.0586964355 1
0.0586961329 1
0.0586958306 1
0.0586955286 1
0.0586952270 1
0.0586949258 1
0.0586946249 1
0.0586943243 1
0.0586940241 1
0.0586937243 1
0.0586934248 1
0.0586931256 1
0.0586928268 1
0.0586925283 1
0.0586922302 1
0.0586919324 1
0.0586916350 1
0.0586913379 1
0.0586910411 1
0.0586907447 1
0.0586904486 1
0.0586901529 1
0.0586898575 1
0.0586895624 1
0.0586892677 1
0.0586889733 1
0.0586886792 1
0.0586883855 1
0.0586880921 1
0.0586877990 1
0.0586875063 1
0.0586872138 1
0.0586869218 1
0.0586866300 1
0.0586863386 1
0.0586860474 1
0.0586857567 1
0.0586854662 1
0.0586851760 1
0.0586848862 1
0.0586845967 1
0.0586843075 1
0.0586840186 1
0.0586837301 1
0.0586834418 1
0.0586831539 1
0.0586828663 1
0.0586825790 1
0.0586822920 1
0.0586820053 1
0.0586817189 1
0.0586814328 1
0.0586811470 1
0.0586808616 1
0.0586805764 1
0.0586802915 1
0.0586800070 1
0.0586797227 1
0.0586794387 1
0.0586791550 1
0.0586788716 1
0.0586785885 1
0.0586783057 1
0.0586780232 1
0.0586777410 1
0.0586774591 1
0.0586771774 1
0.0586768961 1
0.0586766150 1
0.0586763342 1
0.0586760537 1
0.0586757734 1
0.0586754935 1
0.0586752138 1
0.0586749344 1
0.0586746552 1
0.0586743764 1
0.0586740978 1
0.0586738195 1
0.1361261822 0
0.0586735414 1
0.0586732636 1
0.0586729861 1
0.0586727089 1
0.0586724319 1
0.0586721551 1
0.0586718787 1
0.0586716024 1
0.0586713265 1
0.0586710508 1
0.0586707753 1
0.0586705001 1
0.0586702252 1
0.0586699505 1
0.0586696760 1
0.0586694018 1
0.0586691278 1
0.0586688541 1
0.0586685806 1
0.0586683074 1
0.0586680344 1
0.0586677616 1
0.0586674891 1
0.0586672168 1
0.0586669448 1
0.0586666729 1
0.0586664013 1
0.0586661300 1
0.0586658588 1
0.0586655879 1
0.0586653172 1
0.0586650467 1
0.0586647764 1
0.0586645064 1
0.0586642366 1
0.0586639670 1
0.0586636976 1
0.0586634284 1
0.0586631594 1
0.0586628907 1
0.0586626221 1
0.0586623538 1
0.0586620856 1
0.0586618177 1
0.0586615500 1
0.0586612824 1
0.0586610151 1
0.0586607480 1
0.0586604810 1
0.0586602143 1
0.0586599477 1
0.0586596814 1
0.0586594152 1
0.0586591492 1
0.0586588834 1
0.0586586178 1
0.0586583524 1
0.0586580871 1
0.0586578220 1
0.0586575571 1
0.0586572924 1
0.0586570279 1
0.0586567635 1
0.0586564994 1
0.0586562353 1
0.0586559715 1
0.0586557078 1
0.0586554443 1
0.0586551810 1
0.0586549178 1
0.0586546548 1
0.0586543919 1
0.0586541292 1
0.0586538667 1
0.0586536043 1
0.0586533421 1
0.0586530800 1
0.0586528181 1
0.0586525563 1
0.0586522947 1
0.0586520332 1
0.0586517719 1
0.0586515107 1
0.0586512497 1
0.0586509888 1
0.0586507281 1
0.0586504675 1
0.0586502070 1
0.0586499467 1
0.0586496865 1
0.0586494264 1
0.0586491665 1
0.0586489067 1
0.0586486471 1
0.0586483875 1
0.0586481281 1
0.0586478689 1
0.0586476097 1
0.0586473507 1
0.0586470918 1
0.0586468330 1
0.0586465744 1
0.0586463158 1
0.0586460574 1
0.0586457991 1
0.0586455409 1
0.0586452828 1
0.0586450249 1
0.0586447670 1
0.0586445093 1
0.0586442516 1
0.0586439941 1
0.0586437367 1
0.0586434794 1
0.0586432222 1
0.0586429651 1
0.0586427081 1
0.0586424512 1
0.0586421944 1
0.0586419377 1
0.0586416811 1
0.0586414246 1
0.0586411682 1
0.0586409119 1
0.0586406557 1
0.0586403996 1
0.0586401435 1
0.0586398876 1
0.0586396317 1
0.0586393760 1
0.0586391203 1
0.0586388647 1
0.0586386092 1
0.0586383538 1
0.0586380984 1
0.0586378432 1
0.0586375880 1
0.0586373329 1
0.0586370779 1
0.0586368230 1
0.0586365681 1
0.0586363133 1
0.0586360586 1
0.0586358040 1
0.0586355495 1
0.0586352950 1
0.0586350406 1
0.0586347862 1
0.0586345320 1
0.0586342778 1
0.0586340236 1
0.0586337696 1
0.0586335156 1
0.0586332617 1
0.0586330078 1
0.0586327540 1
0.0586325003 1
0.0586322466 1
0.0586319930 1
0.0586317395 1
0.0586314860 1
0.0586312326 1
0.0586309792 1
0.0586307259 1
0.0586304727 1
0.0586302195 1
0.0586299664 1
0.0586297133 1
0.0586294603 1
0.0586292074 1
0.0586289545 1
0.0586287016 1
0.0586284488 1
0.0586281961 1
0.0586279434 1
0.0586276908 1
0.0586274382 1
0.0586271857 1
0.0586269332 1
0.0586266807 1
0.0586264284 1
0.0586261760 1
0.0586259237 1
0.0586256715 1
0.0586254193 1
0.0586251672 1
0.0586249151 1
0.0586246630 1
0.0586244110 1
0.0586241591 1
0.0586239072 1
0.0586236553 1
0.0586234035 1
0.0586231517 1
0.0586228999 1
0.0586226482 1
0.0586223966 1
0.0586221450 1
0.0586218934 1
0.1346490634 0
0.0586216419 1
0.0586213904 1
0.0586211390 1
0.0586208876 1
0.0586206362 1
0.0586203849 1
0.0586201336 1
0.0586198824 1
0.0586196312 1
0.0586193800 1
0.0586191289 1
0.0586188778 1
0.0586186268 1
0.0586183757 1
0.0586181248 1
0.0586178738 1
0.0586176230 1
0.0586173721 1
0.0586171213 1
0.0586168705 1
0.0586166198 1
0.0586163691 1
0.0586161184 1
0.0586158678 1
0.0586156172 1
0.0586153666 1
0.0586151161 1
0.0586148657 1
0.0586146152 1
0.0586143648 1
0.0586141144 1
0.0586138641 1
0.0586136138 1
0.0586133636 1
0.0586131134 1
0.0586128632 1
0.0586126130 1
0.0586123629 1
0.0586121129 1
0.0586118628 1
0.0586116128 1
0.0586113629 1
0.0586111130 1
0.0586108631 1
0.0586106132 1
0.0586103634 1
0.0586101137 1
0.0586098639 1
0.0586096143 1
0.0586093646 1
0.0586091150 1
0.0586088654 1
0.0586086159 1
0.0586083664 1
0.0586081169 1
0.0586078675 1
0.0586076182 1
0.0586073688 1
0.0586071195 1
0.0586068703 1
0.0586066211 1
0.0586063719 1
0.0586061228 1
0.0586058737 1
0.0586056246 1
0.0586053756 1
0.0586051267 1
0.0586048777 1
0.0586046289 1
0.0586043800 1
0.0586041313 1
0.0586038825 1
0.0586036338 1
0.0586033852 1
0.0586031365 1
0.0586028880 1
0.0586026395 1
0.0586023910 1
0.0586021426 1
0.0586018942 1
0.0586016459 1
0.0586013976 1
0.0586011493 1
0.0586009012 1
0.0586006530 1
0.0586004049 1
0.0586001569 1
0.0585999089 1
0.0585996610 1
0.0585994131 1
0.0585991653 1
0.0585989175 1
0.0585986697 1
0.0585984221 1
0.0585981744 1
0.0585979269 1
0.0585976794 1
0.0585974319 1
0.0585971845 1
0.0585969372 1
0.0585966899 1
0.0585964426 1
0.0585961955 1
0.0585959483 1
0.0585957013 1
0.0585954543 1
0.0585952073 1
0.0585949605 1
0.0585947136 1
0.0585944669 1
0.0585942202 1
0.0585939736 1
0.0585937270 1
0.0585934805 1
0.0585932340 1
0.0585929877 1
0.0585927414 1
0.0585924951 1
0.0585922489 1
0.0585920028 1
0.0585917568 1
0.0585915108 1
0.0585912649 1
0.0585910191 1
0.0585907733 1
0.0585905276 1
0.0585902820 1
0.0585900365 1
0.0585897910 1
0.0585895456 1
0.0585893003 1
0.0585890550 1
0.0585888098 1
0.0585885647 1
0.0585883197 1
0.0585880748 1
0.0585878299 1
0.0585875851 1
0.0585873404 1
0.0585870958 1
0.0585868513 1
0.0585866068 1
0.0585863624 1
0.0585861181 1
0.0585858739 1
0.0585856298 1
0.0585853857 1
0.0585851418 1
0.0585848979 1
0.0585846541 1
0.0585844105 1
0.0585841669 1
0.0585839233 1
0.0585836799 1
0.0585834366 1
0.0585831934 1
0.0585829502 1
0.0585827072 1
0.0585824642 1
0.0585822213 1
0.0585819786 1
0.0585817359 1
0.0585814933 1
0.0585812509 1
0.0585810085 1
0.0585807662 1
0.0585805241 1
0.0585802820 1
0.0585800400 1
0.0585797982 1
0.0585795564 1
0.0585793147 1
0.0585790732 1
0.0585788317 1
0.0585785904 1
0.0585783492 1
0.0585781080 1
0.0585778670 1
0.0585776261 1
0.0585773853 1
0.0585771447 1
0.0585769041 1
0.0585766636 1
0.0585764233 1
0.0585761831 1
0.0585759430 1
0.0585757030 1
0.0585754631 1
0.0585752233 1
0.0585749837 1
0.0585747442 1
0.0585745048 1
0.0585742655 1
0.0585740263 1
0.0585737873 1
0.0585735484 1
0.0585733096 1
0.0585730710 1
0.0585728324 1
0.1328866002 0
0.0585725940 1
0.0585723558 1
0.0585721176 1
0.0585718796 1
0.0585716417 1
0.0585714039 1
0.0585711663 1
0.0585709288 1
0.0585706915 1
0.0585704543 1
0.0585702172 1
0.0585699802 1
0.0585697434 1
0.0585695067 1
0.0585692702 1
0.0585690338 1
0.0585687975 1
0.0585685614 1
0.0585683254 1
0.0585680896 1
0.0585678539 1
0.0585676184 1
0.0585673830 1
0.0585671477 1
0.0585669126 1
0.0585666777 1
0.0585664429 1
0.0585662082 1
0.0585659737 1
0.0585657394 1
0.0585655052 1
0.0585652711 1
0.0585650372 1
0.0585648035 1
0.0585645699 1
0.0585643365 1
0.0585641032 1
0.0585638701 1
0.0585636371 1
0.0585634043 1
0.0585631717 1
0.0585629392 1
0.0585627069 1
0.0585624748 1
0.0585622428 1
0.0585620110 1
0.0585617793 1
0.0585615478 1
0.0585613165 1
0.0585610854 1
0.0585608544 1
0.0585606236 1
0.0585603929 1
0.0585601625 1
0.0585599322 1
0.0585597020 1
0.0585594721 1
0.0585592423 1
0.0585590127 1
0.0585587833 1
0.0585585541 1
0.0585583250 1
0.0585580961 1
0.0585578674 1
0.0585576389 1
0.0585574105 1
0.0585571823 1
0.0585569544 1
0.0585567266 1
0.0585564990 1
0.0585562715 1
0.0585560443 1
0.0585558172 1
0.0585555904 1
0.0585553637 1
0.0585551372 1
0.0585549109 1
0.0585546848 1
0.0585544589 1
0.0585542331 1
0.0585540076 1
0.0585537823 1
0.0585535571 1
0.0585533322 1
0.0585531075 1
0.0585528829 1
0.0585526586 1
0.0585524344 1
0.0585522105 1
0.0585519867 1
0.0585517632 1
0.0585515398 1
0.0585513167 1
0.0585510937 1
0.0585508710 1
0.0585506485 1
0.0585504262 1
0.0585502040 1
0.0585499821 1
0.0585497604 1
0.0585495390 1
0.0585493177 1
0.0585490966 1
0.0585488758 1
0.0585486551 1
0.0585484347 1
0.0585482145 1
0.0585479945 1
0.0585477747 1
0.0585475551 1
0.0585473358 1
0.0585471167 1
0.0585468978 1
0.0585466791 1
0.0585464606 1
0.0585462424 1
0.0585460243 1
0.0585458065 1
0.0585455890 1
0.0585453716 1
0.0585451545 1
0.0585449376 1
0.0585447209 1
0.0585445044 1
0.0585442882 1
0.0585440722 1
0.0585438565 1
0.0585436409 1
0.0585434256 1
0.0585432106 1
0.0585429957 1
0.0585427811 1
0.0585425668 1
0.0585423526 1
0.0585421387 1
0.0585419251 1
0.0585417117 1
0.0585414985 1
0.0585412855 1
0.0585410728 1
0.0585408604 1
0.0585406481 1
0.0585404362 1
0.0585402244 1
0.0585400129 1
0.0585398017 1
0.0585395907 1
0.0585393799 1
0.0585391694 1
0.0585389591 1
0.0585387491 1
0.0585385393 1
0.0585383298 1
0.0585381205 1
0.0585379115 1
0.0585377027 1
0.0585374942 1
0.0585372859 1
0.0585370779 1
0.0585368702 1
0.0585366626 1
0.0585364554 1
0.0585362484 1
0.0585360417 1
0.0585358352 1
0.0585356290 1
0.0585354230 1
0.0585352173 1
0.0585350119 1
0.0585348067 1
0.0585346018 1
0.0585343971 1
0.0585341927 1
0.0585339886 1
0.0585337847 1
0.0585335811 1
0.0585333778 1
0.0585331747 1
0.0585329719 1
0.0585327694 1
0.0585325671 1
0.0585323651 1
0.0585321634 1
0.0585319620 1
0.0585317608 1
0.0585315599 1
0.0585313593 1
0.0585311589 1
0.0585309588 1
0.0585307590 1
0.0585305595 1
0.0585303602 1
0.0585301612 1
0.0585299625 1
0.0585297641 1
0.0585295659 1
0.0585293681 1
0.0585291705 1
0.0585289732 1
0.1310450727 0
