0.7606757208 
0.6834173048 
0.6995953086 
0.7019827121 
0.6984044307 
0.6924789078 
0.6857131708 
0.6787068450 
0.6716891082 
0.6647421472 
0.6578915345 
0.6511421609 
0.6444922708 
0.6379387899 
0.6314792302 
0.6251122783 
0.6188378931 
0.6126572378 
0.6065725674 
0.6005871168 
0.5947050025 
0.5889311404 
0.5832711805 
0.5777314540 
0.5723189331 
0.5670412001 
0.5619064270 
0.5569233620 
0.5521013266 
0.5474502195 
0.5429805303 
0.5387033616 
0.5346304597 
0.5307742517 
0.5271478877 
0.5237652826 
0.5206411506 
0.5177910236 
0.5152312400 
0.5129788888 
0.5110516928 
0.5094678129 
0.5082455613 
0.5074030142 
0.5069575272 
0.5069251679 
0.5073200921 
0.5081539057 
0.5094350594 
0.5111683294 
0.5133544311 
0.5159898033 
0.5190665846 
0.5225727857 
0.5264926423 
0.5308071207 
0.5354945341 
0.5405312242 
0.5458922611 
0.5515521184 
0.5574852868 
0.5636667995 
0.5700726519 
0.5766801071 
0.5834678897 
0.5904162743 
0.5975070838 
0.6047236140 
0.6120505040 
0.6194735724 
0.6269796353 
0.6345563238 
0.6421919108 
0.6498751584 
0.6575951885 
0.6653413819 
0.6731033039 
0.6808706550 
0.6886332451 
0.6963809856 
0.7041038967 
0.7117921272 
0.7194359808 
0.7270259504 
0.7345527547 
0.7420073774 
0.7493811086 
0.7566655855 
0.7638528324 
0.7709353003 
0.7779059029 
0.7847580497 
0.7914856748 
0.7980832605 
0.8045458547 
0.8108690830 
0.8170491532 
0.8230828546 
0.8289675500 
0.8347011629 
0.8347011629 
0.8402821593 
0.8457095255 
0.8509827414 
0.8561017524 
0.8610669380 
0.8658790800 
0.8705393296 
0.8750491749 
0.8794104085 
0.8836250960 
0.8876955463 
0.8916242829 
0.8954140167 
0.8990676214 
0.9025881098 
0.9059786129 
0.9092423597 
0.9123826601 
0.9154028883 
0.9183064686 
0.9210968619 
0.9237775546 
0.9263520477 
0.9288238473 
0.9311964568 
0.9334733687 
0.9356580583 
0.9377539776 
0.9397645494 
0.9416931631 
0.9435431696 
0.9453178775 
0.9470205492 
0.9486543978 
0.9502225833 
0.9517282105 
0.9531743258 
0.9545639150 
0.9558999008 
0.9571851413 
0.9584224277 
0.9596144829 
0.9607639603 
0.9618734422 
0.9629454392 
0.9639823892 
0.9649866569 
0.9659605333 
0.9669062360 
0.9678259085 
0.9687216210 
0.9695953707 
0.9704490820 
0.9712846076 
0.9721037293 
0.9729081589 
0.9736995395 
0.9744794466 
0.9752493896 
0.9760108131 
0.9767650986 
0.9775135659 
0.9782574750 
0.9789980273 
0.9797363679 
0.9804735870 
0.9812107215 
0.9819487573 
0.9826886304 
0.9834312290 
0.9841773950 
0.9849279260 
0.9856835767 
0.9864450605 
0.9872130512 
0.9879881845 
0.9887710598 
0.9895622410 
0.9903622585 
0.9911716103 
0.9919907636 
0.9928201557 
0.9936601954 
0.9945112644 
0.9953737178 
0.9962478860 
0.9971340751 
0.9980325682 
0.9989436264 
0.9998674892 
1.0008043759 
1.0017544864 
1.0027180014 
1.0036950838 
1.0046858791 
1.0056905158 
1.0067091064 
1.0077417479 
1.0087885223 
1.0087885223 
1.0098494968 
1.0109247250 
1.0120142466 
1.0131180884 
1.0142362642 
1.0153687755 
1.0165156120 
1.0176767515 
1.0188521605 
1.0200417945 
1.0212455980 
1.0224635052 
1.0236954401 
1.0249413163 
1.0262010381 
1.0274744998 
1.0287615868 
1.0300621750 
1.0313761315 
1.0327033148 
1.0340435749 
1.0353967534 
1.0367626838 
1.0381411918 
1.0395320954 
1.0409352051 
1.0423503242 
1.0437772489 
1.0452157686 
1.0466656661 
1.0481267180 
1.0495986945 
1.0510813600 
1.0525744734 
1.0540777879 
1.0555910519 
1.0571140086 
1.0586463967 
1.0601879505 
1.0617384003 
1.0632974723 
1.0648648893 
1.0664403707 
1.0680236331 
1.0696143900 
1.0712123527 
1.0728172302 
1.0744287293 
1.0760465556 
1.0776704130 
1.0793000042 
1.0809350311 
1.0825751951 
1.0842201970 
1.0858697377 
1.0875235179 
1.0891812391 
1.0908426029 
1.0925073119 
1.0941750700 
1.0958455818 
1.0975185537 
1.0991936936 
1.1008707113 
1.1025493185 
1.1042292292 
1.1059101596 
1.1075918284 
1.1092739570 
1.1109562697 
1.1126384936 
1.1143203588 
1.1160015987 
1.1176819500 
1.1193611527 
1.1210389503 
1.1227150900 
1.1243893226 
1.1260614027 
1.1277310887 
1.1293981430 
1.1310623317 
1.1327234253 
1.1343811982 
1.1360354288 
1.1376858999 
1.1393323983 
1.1409747152 
1.1426126460 
1.1442459905 
1.1458745525 
1.1474981406 
1.1491165673 
1.1507296497 
1.1523372093 
1.1539390717 
1.1555350672 
1.1571250302 
1.1587087995 
1.1587087995 
1.1602862185 
1.1618571345 
1.1634213996 
1.1649788697 
1.1665294053 
1.1680728713 
1.1696091364 
1.1711380739 
1.1726595611 
1.1741734796 
1.1756797149 
1.1771781568 
1.1786686991 
1.1801512396 
1.1816256800 
1.1830919262 
1.1845498877 
1.1859994780 
1.1874406145 
1.1888732182 
1.1902972139 
1.1917125300 
1.1931190986 
1.1945168554 
1.1959057396 
1.1972856936 
1.1986566637 
1.2000185991 
1.2013714526 
1.2027151801 
1.2040497406 
1.2053750965 
1.2066912130 
1.2079980584 
1.2092956041 
1.2105838242 
1.2118626956 
1.2131321982 
1.2143923144 
1.2156430293 
1.2168843307 
1.2181162088 
1.2193386563 
1.2205516684 
1.2217552426 
1.2229493786 
1.2241340784 
1.2253093463 
1.2264751885 
1.2276316134 
1.2287786313 
1.2299162547 
1.2310444976 
1.2321633761 
1.2332729081 
1.2343731130 
1.2354640120 
1.2365456281 
1.2376179855 
1.2386811101 
1.2397350294 
1.2407797720 
1.2418153682 
1.2428418494 
1.2438592483 
1.2448675989 
1.2458669362 
1.2468572966 
1.2478387173 
1.2488112368 
1.2497748945 
1.2507297307 
1.2516757866 
1.2526131045 
1.2535417274 
1.2544616989 
1.2553730638 
1.2562758673 
1.2571701554 
1.2580559748 
1.2589333727 
1.2598023971 
1.2606630965 
1.2615155197 
1.2623597164 
1.2631957365 
1.2640236303 
1.2648434488 
1.2656552431 
1.2664590648 
1.2672549659 
1.2680429986 
1.2688232154 
1.2695956692 
1.2703604128 
1.2711174997 
1.2718669832 
1.2726089169 
1.2733433548 
1.2733433548 
1.2740703506 
1.2747899584 
1.2755022324 
1.2762072267 
1.2769049957 
1.2775955937 
1.2782790751 
1.2789554941 
1.2796249053 
1.2802873629 
1.2809429213 
1.2815916347 
1.2822335574 
1.2828687436 
1.2834972472 
1.2841191223 
1.2847344228 
1.2853432023 
1.2859455145 
1.2865414130 
1.2871309509 
1.2877141816 
1.2882911579 
1.2888619328 
1.2894265587 
1.2899850883 
1.2905375737 
1.2910840670 
1.2916246199 
1.2921592841 
1.2926881109 
1.2932111514 
1.2937284565 
1.2942400768 
1.2947460626 
1.2952464642 
1.2957413313 
1.2962307134 
1.2967146600 
1.2971932199 
1.2976664419 
1.2981343745 
1.2985970658 
1.2990545636 
1.2995069155 
1.2999541688 
1.3003963704 
1.3008335669 
1.3012658047 
1.3016931297 
1.3021155877 
1.3025332241 
1.3029460839 
1.3033542119 
1.3037576525 
1.3041564498 
1.3045506475 
1.3049402892 
1.3053254179 
1.3057060765 
1.3060823073 
1.3064541527 
1.3068216543 
1.3071848536 
1.3075437918 
1.3078985098 
1.3082490479 
1.3085954464 
1.3089377452 
1.3092759836 
1.3096102008 
1.3099404358 
1.3102667270 
1.3105891126 
1.3109076304 
1.3112223181 
1.3115332128 
1.3118403513 
1.3121437702 
1.3124435059 
1.3127395941 
1.3130320705 
1.3133209703 
1.3136063285 
1.3138881797 
1.3141665583 
1.3144414982 
1.3147130331 
1.3149811965 
1.3152460214 
1.3155075405 
1.3157657862 
1.3160207909 
1.3162725862 
1.3165212038 
1.3167666748 
1.3170090303 
1.3172483008 
1.3174845167 
1.3174845167 
1.3177177082 
1.3179479048 
1.3181751362 
1.3183994315 
1.3186208196 
1.3188393291 
1.3190549884 
1.3192678255 
1.3194778683 
1.3196851441 
1.3198896803 
1.3200915039 
1.3202906414 
1.3204871194 
1.3206809639 
1.3208722009 
1.3210608561 
1.3212469547 
1.3214305219 
1.3216115825 
1.3217901612 
1.3219662824 
1.3221399700 
1.3223112481 
1.3224801401 
1.3226466696 
1.3228108595 
1.3229727328 
1.3231323121 
1.3232896200 
1.3234446785 
1.3235975096 
1.3237481350 
1.3238965763 
1.3240428547 
1.3241869914 
1.3243290070 
1.3244689223 
1.3246067576 
1.3247425332 
1.3248762689 
1.3250079847 
1.3251377000 
1.3252654342 
1.3253912064 
1.3255150356 
1.3256369405 
1.3257569397 
1.3258750516 
1.3259912942 
1.3261056856 
1.3262182435 
1.3263289855 
1.3264379291 
1.3265450913 
1.3266504894 
1.3267541400 
1.3268560599 
1.3269562656 
1.3270547733 
1.3271515993 
1.3272467595 
1.3273402697 
1.3274321455 
1.3275224024 
1.3276110558 
1.3276981206 
1.3277836120 
1.3278675447 
1.3279499334 
1.3280307925 
1.3281101365 
1.3281879795 
1.3282643356 
1.3283392186 
1.3284126423 
1.3284846203 
1.3285551660 
1.3286242927 
1.3286920137 
1.3287583418 
1.3288232901 
1.3288868712 
1.3289490978 
1.3290099823 
1.3290695371 
1.3291277744 
1.3291847062 
1.3292403445 
1.3292947012 
1.3293477879 
1.3293996162 
1.3294501976 
1.3294995433 
1.3295476646 
1.3295945726 
1.3296402782 
1.3296847923 
1.3297281256 
1.3297281256 
1.3297702888 
1.3298112923 
1.3298511466 
1.3298898619 
1.3299274485 
1.3299639163 
1.3299992754 
1.3300335356 
1.3300667067 
1.3300987983 
1.3301298200 
1.3301597812 
1.3301886912 
1.3302165594 
1.3302433948 
1.3302692066 
1.3302940037 
1.3303177949 
1.3303405890 
1.3303623948 
1.3303832208 
1.3304030754 
1.3304219672 
1.3304399045 
1.3304568954 
1.3304729482 
1.3304880709 
1.3305022714 
1.3305155578 
1.3305279377 
1.3305394190 
1.3305500093 
1.3305597162 
1.3305685472 
1.3305765097 
1.3305836110 
1.3305898584 
1.3305952592 
1.3305998204 
1.3306035490 
1.3306064521 
1.3306085366 
1.3306098093 
1.3306102770 
1.3306099463 
1.3306088239 
1.3306069163 
1.3306042301 
1.3306007716 
1.3305965473 
1.3305915634 
1.3305858262 
1.3305793417 
1.3305721162 
1.3305641558 
1.3305554662 
1.3305460536 
1.3305359238 
1.3305250825 
1.3305135355 
1.3305012886 
1.3304883473 
1.3304747173 
1.3304604040 
1.3304454129 
1.3304297495 
1.3304134192 
1.3303964271 
1.3303787786 
1.3303604789 
1.3303415332 
1.3303219464 
1.3303017238 
1.3302808703 
1.3302593909 
1.3302372904 
1.3302145737 
1.3301912457 
1.3301673112 
1.3301427747 
1.3301176410 
1.3300919148 
1.3300656006 
1.3300387030 
1.3300112264 
1.3299831753 
1.3299545542 
1.3299253674 
1.3298956192 
1.3298653139 
1.3298344558 
1.3298030490 
1.3297710978 
1.3297386063 
1.3297055785 
1.3296720185 
1.3296379303 
1.3296033180 
1.3295681853 
1.3295681853 
1.3295325363 
1.3294963749 
1.3294597047 
1.3294225297 
1.3293848535 
1.3293466800 
1.3293080128 
1.3292688555 
1.3292292118 
1.3291890853 
1.3291484795 
1.3291073979 
1.3290658441 
1.3290238215 
1.3289813336 
1.3289383837 
1.3288949752 
1.3288511114 
1.3288067957 
1.3287620313 
1.3287168215 
1.3286711694 
1.3286250784 
1.3285785515 
1.3285315919 
1.3284842027 
1.3284363870 
1.3283881478 
1.3283394882 
1.3282904111 
1.3282409195 
1.3281910164 
1.3281407047 
1.3280899873 
1.3280388671 
1.3279873468 
1.3279354294 
1.3278831177 
1.3278304143 
1.3277773221 
1.3277238437 
1.3276699820 
1.3276157395 
1.3275611189 
1.3275061228 
1.3274507540 
1.3273950149 
1.3273389081 
1.3272824362 
1.3272256016 
1.3271684070 
1.3271108548 
1.3270529474 
1.3269946873 
1.3269360769 
1.3268771186 
1.3268178148 
1.3267581679 
1.3266981802 
1.3266378540 
1.3265771916 
1.3265161954 
1.3264548675 
1.3263932103 
1.3263312259 
1.3262689166 
1.3262062846 
1.3261433320 
1.3260800611 
1.3260164739 
1.3259525725 
1.3258883592 
1.3258238359 
1.3257590048 
1.3256938679 
1.3256284273 
1.3255626849 
1.3254966428 
1.3254303031 
1.3253636675 
1.3252967382 
1.3252295171 
1.3251620061 
1.3250942071 
1.3250261221 
1.3249577528 
1.3248891013 
1.3248201693 
1.3247509587 
1.3246814713 
1.3246117090 
1.3245416735 
1.3244713667 
1.3244007902 
1.3243299460 
1.3242588356 
1.3241874610 
1.3241158237 
1.3240439255 
1.3240439255 
1.3239717681 
1.3238993532 
1.3238266824 
1.3237537574 
1.3236805799 
1.3236071514 
1.3235334737 
1.3234595483 
1.3233853768 
1.3233109608 
1.3232363019 
1.3231614017 
1.3230862616 
1.3230108833 
1.3229352682 
1.3228594180 
1.3227833340 
1.3227070179 
1.3226304710 
1.3225536948 
1.3224766909 
1.3223994607 
1.3223220056 
1.3222443270 
1.3221664264 
1.3220883052 
1.3220099648 
1.3219314065 
1.3218526319 
1.3217736422 
1.3216944388 
1.3216150230 
1.3215353963 
1.3214555599 
1.3213755152 
1.3212952635 
1.3212148060 
1.3211341442 
1.3210532792 
1.3209722124 
1.3208909450 
1.3208094784 
1.3207278137 
1.3206459522 
1.3205638951 
1.3204816437 
1.3203991992 
1.3203165628 
1.3202337357 
1.3201507191 
1.3200675142 
1.3199841222 
1.3199005442 
1.3198167814 
1.3197328350 
1.3196487061 
1.3195643958 
1.3194799053 
1.3193952358 
1.3193103882 
1.3192253638 
1.3191401637 
1.3190547889 
1.3189692405 
1.3188835196 
1.3187976274 
1.3187115647 
1.3186253328 
1.3185389327 
1.3184523654 
1.3183656319 
1.3182787333 
1.3181916707 
1.3181044449 
1.3180170571 
1.3179295083 
1.3178417994 
1.3177539315 
1.3176659055 
1.3175777225 
1.3174893833 
1.3174008890 
1.3173122405 
1.3172234387 
1.3171344848 
1.3170453794 
1.3169561237 
1.3168667186 
1.3167771649 
1.3166874636 
1.3165976156 
1.3165076218 
1.3164174832 
1.3163272005 
1.3162367748 
1.3161462068 
1.3160554975 
1.3159646478 
1.3158736585 
1.3158736585 
1.3157825305 
1.3156912646 
1.3155998617 
1.3155083226 
1.3154166483 
1.3153248394 
1.3152328969 
1.3151408216 
1.3150486143 
1.3149562759 
1.3148638071 
1.3147712087 
1.3146784815 
1.3145856265 
1.3144926442 
1.3143995356 
1.3143063014 
1.3142129423 
1.3141194593 
1.3140258530 
1.3139321241 
1.3138382735 
1.3137443020 
1.3136502102 
1.3135559989 
1.3134616688 
1.3133672208 
1.3132726554 
1.3131779735 
1.3130831758 
1.3129882630 
1.3128932358 
1.3127980949 
1.3127028410 
1.3126074749 
1.3125119972 
1.3124164086 
1.3123207098 
1.3122249016 
1.3121289845 
1.3120329592 
1.3119368266 
1.3118405871 
1.3117442415 
1.3116477904 
1.3115512345 
1.3114545745 
1.3113578110 
1.3112609446 
1.3111639760 
1.3110669059 
1.3109697348 
1.3108724634 
1.3107750924 
1.3106776223 
1.3105800538 
1.3104823875 
1.3103846240 
1.3102867639 
1.3101888078 
1.3100907564 
1.3099926102 
1.3098943698 
1.3097960359 
1.3096976090 
1.3095990896 
1.3095004785 
1.3094017761 
1.3093029831 
1.3092041000 
1.3091051273 
1.3090060657 
1.3089069158 
1.3088076780 
1.3087083529 
1.3086089412 
1.3085094432 
1.3084098597 
1.3083101911 
1.3082104380 
1.3081106009 
1.3080106803 
1.3079106769 
1.3078105910 
1.3077104233 
1.3076101743 
1.3075098444 
1.3074094343 
1.3073089443 
1.3072083751 
1.3071077272 
1.3070070010 
1.3069061971 
1.3068053159 
1.3067043579 
1.3066033238 
1.3065022138 
1.3064010286 
1.3062997687 
1.3062997687 
1.3061984344 
1.3060970263 
1.3059955449 
1.3058939906 
1.3057923640 
1.3056906655 
1.3055888955 
1.3054870545 
1.3053851431 
1.3052831616 
1.3051811105 
1.3050789903 
1.3049768014 
1.3048745442 
1.3047722194 
1.3046698271 
1.3045673680 
1.3044648425 
1.3043622510 
1.3042595939 
1.3041568716 
1.3040540847 
1.3039512335 
1.3038483185 
1.3037453401 
1.3036422986 
1.3035391946 
1.3034360285 
1.3033328006 
1.3032295114 
1.3031261613 
1.3030227507 
1.3029192801 
1.3028157497 
1.3027121601 
1.3026085115 
1.3025048045 
1.3024010395 
1.3022972167 
1.3021933366 
1.3020893997 
1.3019854062 
1.3018813566 
1.3017772513 
1.3016730906 
1.3015688749 
1.3014646046 
1.3013602801 
1.3012559018 
1.3011514699 
1.3010469850 
1.3009424473 
1.3008378573 
1.3007332152 
1.3006285216 
1.3005237766 
1.3004189807 
1.3003141342 
1.3002092376 
1.3001042910 
1.2999992950 
1.2998942498 
1.2997891559 
1.2996840134 
1.2995788228 
1.2994735845 
1.2993682988 
1.2992629659 
1.2991575863 
1.2990521603 
1.2989466881 
1.2988411703 
1.2987356070 
1.2986299986 
1.2985243455 
1.2984186479 
1.2983129062 
1.2982071207 
1.2981012917 
1.2979954196 
1.2978895046 
1.2977835472 
1.2976775475 
1.2975715059 
1.2974654227 
1.2973592983 
1.2972531328 
1.2971469268 
1.2970406803 
1.2969343939 
1.2968280676 
1.2967217019 
1.2966152971 
1.2965088534 
1.2964023711 
1.2962958506 
1.2961892921 
1.2960826959 
1.2959760623 
1.2959760623 
1.2958693916 
1.2957626841 
1.2956559400 
1.2955491597 
1.2954423435 
1.2953354915 
1.2952286041 
1.2951216816 
1.2950147243 
1.2949077324 
1.2948007061 
1.2946936459 
1.2945865518 
1.2944794243 
1.2943722636 
1.2942650699 
1.2941578435 
1.2940505846 
1.2939432937 
1.2938359708 
1.2937286163 
1.2936212304 
1.2935138133 
1.2934063655 
1.2932988870 
1.2931913781 
1.2930838391 
1.2929762703 
1.2928686719 
1.2927610441 
1.2926533873 
1.2925457016 
1.2924379872 
1.2923302445 
1.2922224737 
1.2921146750 
1.2920068486 
1.2918989949 
1.2917911139 
1.2916832061 
1.2915752716 
1.2914673106 
1.2913593234 
1.2912513102 
1.2911432712 
1.2910352067 
1.2909271169 
1.2908190021 
1.2907108624 
1.2906026981 
1.2904945094 
1.2903862965 
1.2902780597 
1.2901697991 
1.2900615151 
1.2899532078 
1.2898448774 
1.2897365241 
1.2896281482 
1.2895197500 
1.2894113295 
1.2893028870 
1.2891944227 
1.2890859369 
1.2889774297 
1.2888689014 
1.2887603521 
1.2886517821 
1.2885431916 
1.2884345808 
1.2883259498 
1.2882172989 
1.2881086283 
1.2879999382 
1.2878912288 
1.2877825003 
1.2876737529 
1.2875649868 
1.2874562021 
1.2873473991 
1.2872385780 
1.2871297390 
1.2870208822 
1.2869120079 
1.2868031162 
1.2866942073 
1.2865852815 
1.2864763389 
1.2863673796 
1.2862584040 
1.2861494121 
1.2860404042 
1.2859313804 
1.2858223409 
1.2857132860 
1.2856042157 
1.2854951303 
1.2853860299 
1.2852769147 
1.2852769147 
1.2851677850 
1.2850586408 
1.2849494824 
1.2848403099 
1.2847311235 
1.2846219234 
1.2845127097 
1.2844034827 
1.2842942424 
1.2841849891 
1.2840757230 
1.2839664441 
1.2838571528 
1.2837478490 
1.2836385331 
1.2835292051 
1.2834198653 
1.2833105138 
1.2832011507 
1.2830917763 
1.2829823906 
1.2828729939 
1.2827635863 
1.2826541680 
1.2825447391 
1.2824352998 
1.2823258502 
1.2822163906 
1.2821069210 
1.2819974416 
1.2818879526 
1.2817784541 
1.2816689463 
1.2815594293 
1.2814499032 
1.2813403683 
1.2812308247 
1.2811212726 
1.2810117120 
1.2809021431 
1.2807925661 
1.2806829811 
1.2805733883 
1.2804637879 
1.2803541798 
1.2802445644 
1.2801349417 
1.2800253120 
1.2799156752 
1.2798060316 
1.2796963814 
1.2795867246 
1.2794770614 
1.2793673919 
1.2792577163 
1.2791480348 
1.2790383473 
1.2789286542 
1.2788189555 
1.2787092513 
1.2785995419 
1.2784898272 
1.2783801076 
1.2782703830 
1.2781606536 
1.2780509196 
1.2779411811 
1.2778314382 
1.2777216911 
1.2776119398 
1.2775021846 
1.2773924255 
1.2772826626 
1.2771728962 
1.2770631262 
1.2769533529 
1.2768435764 
1.2767337968 
1.2766240142 
1.2765142287 
1.2764044405 
1.2762946497 
1.2761848564 
1.2760750607 
1.2759652628 
1.2758554628 
1.2757456607 
1.2756358568 
1.2755260511 
1.2754162438 
1.2753064349 
1.2751966246 
1.2750868130 
1.2749770002 
1.2748671864 
1.2747573716 
1.2746475560 
1.2745377397 
1.2744279227 
1.2744279227 
1.2743181053 
1.2742082875 
1.2740984694 
1.2739886511 
1.2738788328 
1.2737690146 
1.2736591965 
1.2735493788 
1.2734395614 
1.2733297445 
1.2732199282 
1.2731101127 
1.2730002980 
1.2728904842 
1.2727806715 
1.2726708599 
1.2725610495 
1.2724512405 
1.2723414330 
1.2722316270 
1.2721218227 
1.2720120202 
1.2719022195 
1.2717924209 
1.2716826243 
1.2715728299 
1.2714630377 
1.2713532480 
1.2712434607 
1.2711336760 
1.2710238940 
1.2709141147 
1.2708043384 
1.2706945650 
1.2705847947 
1.2704750276 
1.2703652637 
1.2702555032 
1.2701457461 
1.2700359926 
1.2699262428 
1.2698164967 
1.2697067544 
1.2695970161 
1.2694872818 
1.2693775516 
1.2692678256 
1.2691581039 
1.2690483866 
1.2689386738 
1.2688289656 
1.2687192620 
1.2686095632 
1.2684998693 
1.2683901803 
1.2682804963 
1.2681708174 
1.2680611437 
1.2679514753 
1.2678418123 
1.2677321547 
1.2676225027 
1.2675128564 
1.2674032157 
1.2672935809 
1.2671839520 
1.2670743290 
1.2669647121 
1.2668551014 
1.2667454968 
1.2666358986 
1.2665263068 
1.2664167215 
1.2663071428 
1.2661975706 
1.2660880052 
1.2659784467 
1.2658688950 
1.2657593502 
1.2656498126 
1.2655402820 
1.2654307587 
1.2653212426 
1.2652117339 
1.2651022327 
1.2649927390 
1.2648832528 
1.2647737744 
1.2646643037 
1.2645548409 
1.2644453859 
1.2643359390 
1.2642265001 
1.2641170693 
1.2640076468 
1.2638982325 
1.2637888266 
1.2636794292 
1.2635700402 
1.2635700402 
1.2634606599 
1.2633512882 
1.2632419252 
1.2631325710 
1.2630232257 
1.2629138894 
1.2628045620 
1.2626952438 
1.2625859347 
1.2624766349 
1.2623673443 
1.2622580631 
1.2621487914 
1.2620395292 
1.2619302766 
1.2618210336 
1.2617118003 
1.2616025769 
1.2614933633 
1.2613841596 
1.2612749659 
1.2611657822 
1.2610566087 
1.2609474454 
1.2608382924 
1.2607291497 
1.2606200173 
1.2605108955 
1.2604017841 
1.2602926833 
1.2601835932 
1.2600745139 
1.2599654452 
1.2598563875 
1.2597473406 
1.2596383048 
1.2595292799 
1.2594202662 
1.2593112636 
1.2592022723 
1.2590932922 
1.2589843235 
1.2588753662 
1.2587664204 
1.2586574861 
1.2585485634 
1.2584396524 
1.2583307530 
1.2582218655 
1.2581129898 
1.2580041260 
1.2578952741 
1.2577864342 
1.2576776065 
1.2575687908 
1.2574599874 
1.2573511961 
1.2572424172 
1.2571336507 
1.2570248966 
1.2569161549 
1.2568074258 
1.2566987093 
1.2565900054 
1.2564813142 
1.2563726358 
1.2562639702 
1.2561553175 
1.2560466777 
1.2559380509 
1.2558294371 
1.2557208364 
1.2556122489 
1.2555036745 
1.2553951134 
1.2552865656 
1.2551780312 
1.2550695102 
1.2549610026 
1.2548525086 
1.2547440281 
1.2546355613 
1.2545271081 
1.2544186687 
1.2543102431 
1.2542018312 
1.2540934333 
1.2539850493 
1.2538766792 
1.2537683233 
1.2536599813 
1.2535516536 
1.2534433400 
1.2533350406 
1.2532267556 
1.2531184848 
1.2530102285 
1.2529019865 
1.2527937591 
1.2527937591 
1.2526855462 
1.2525773478 
1.2524691641 
1.2523609951 
1.2522528407 
1.2521447012 
1.2520365765 
1.2519284666 
1.2518203716 
1.2517122916 
1.2516042266 
1.2514961766 
1.2513881418 
1.2512801220 
1.2511721175 
1.2510641282 
1.2509561541 
1.2508481954 
1.2507402521 
1.2506323242 
1.2505244117 
1.2504165147 
1.2503086333 
1.2502007675 
1.2500929173 
1.2499850827 
1.2498772639 
1.2497694609 
1.2496616737 
1.2495539023 
1.2494461468 
1.2493384072 
1.2492306837 
1.2491229761 
1.2490152846 
1.2489076092 
1.2487999500 
1.2486923069 
1.2485846801 
1.2484770695 
1.2483694752 
1.2482618973 
1.2481543358 
1.2480467907 
1.2479392621 
1.2478317501 
1.2477242545 
1.2476167756 
1.2475093132 
1.2474018676 
1.2472944387 
1.2471870265 
1.2470796311 
1.2469722525 
1.2468648908 
1.2467575460 
1.2466502182 
1.2465429073 
1.2464356135 
1.2463283367 
1.2462210770 
1.2461138344 
1.2460066090 
1.2458994008 
1.2457922099 
1.2456850362 
1.2455778799 
1.2454707409 
1.2453636193 
1.2452565151 
1.2451494284 
1.2450423592 
1.2449353075 
1.2448282734 
1.2447212569 
1.2446142581 
1.2445072769 
1.2444003134 
1.2442933677 
1.2441864398 
1.2440795297 
1.2439726374 
1.2438657630 
1.2437589065 
1.2436520680 
1.2435452475 
1.2434384450 
1.2433316605 
1.2432248942 
1.2431181459 
1.2430114158 
1.2429047039 
1.2427980102 
1.2426913348 
1.2425846777 
1.2424780388 
1.2423714184 
1.2422648163 
1.2421582326 
1.2421582326 
1.2420516674 
1.2419451206 
1.2418385924 
1.2417320827 
1.2416255915 
1.2415191190 
1.2414126651 
1.2413062299 
1.2411998134 
1.2410934156 
1.2409870365 
1.2408806763 
1.2407743349 
1.2406680123 
1.2405617086 
1.2404554238 
1.2403491579 
1.2402429110 
1.2401366832 
1.2400304743 
1.2399242845 
1.2398181138 
1.2397119622 
1.2396058297 
1.2394997164 
1.2393936224 
1.2392875475 
1.2391814919 
1.2390754556 
1.2389694386 
1.2388634410 
1.2387574627 
1.2386515038 
1.2385455644 
1.2384396444 
1.2383337439 
1.2382278629 
1.2381220014 
1.2380161595 
1.2379103372 
1.2378045345 
1.2376987515 
1.2375929881 
1.2374872444 
1.2373815205 
1.2372758162 
1.2371701318 
1.2370644672 
1.2369588224 
1.2368531974 
1.2367475924 
1.2366420072 
1.2365364420 
1.2364308967 
1.2363253714 
1.2362198661 
1.2361143809 
1.2360089157 
1.2359034706 
1.2357980455 
1.2356926407 
1.2355872559 
1.2354818914 
1.2353765471 
1.2352712229 
1.2351659191 
1.2350606355 
1.2349553722 
1.2348501293 
1.2347449066 
1.2346397044 
1.2345345226 
1.2344293611 
1.2343242201 
1.2342190996 
1.2341139996 
1.2340089200 
1.2339038611 
1.2337988226 
1.2336938048 
1.2335888075 
1.2334838309 
1.2333788749 
1.2332739396 
1.2331690249 
1.2330641310 
1.2329592578 
1.2328544054 
1.2327495737 
1.2326447629 
1.2325399728 
1.2324352037 
1.2323304553 
1.2322257279 
1.2321210213 
1.2320163357 
1.2319116711 
1.2318070274 
1.2317024047 
1.2317024047 
1.2315978030 
1.2314932223 
1.2313886627 
1.2312841242 
1.2311796067 
1.2310751104 
1.2309706352 
1.2308661811 
1.2307617482 
1.2306573365 
1.2305529461 
1.2304485768 
1.2303442288 
1.2302399021 
1.2301355967 
1.2300313125 
1.2299270497 
1.2298228083 
1.2297185882 
1.2296143895 
1.2295102122 
1.2294060563 
1.2293019219 
1.2291978089 
1.2290937175 
1.2289896475 
1.2288855990 
1.2287815720 
1.2286775666 
1.2285735828 
1.2284696206 
1.2283656800 
1.2282617610 
1.2281578636 
1.2280539879 
1.2279501339 
1.2278463015 
1.2277424909 
1.2276387020 
1.2275349349 
1.2274311895 
1.2273274659 
1.2272237641 
1.2271200841 
1.2270164260 
1.2269127897 
1.2268091752 
1.2267055827 
1.2266020120 
1.2264984633 
1.2263949364 
1.2262914316 
1.2261879487 
1.2260844877 
1.2259810488 
1.2258776319 
1.2257742370 
1.2256708641 
1.2255675133 
1.2254641846 
1.2253608780 
1.2252575935 
1.2251543311 
1.2250510908 
1.2249478727 
1.2248446768 
1.2247415030 
1.2246383515 
1.2245352221 
1.2244321150 
1.2243290301 
1.2242259675 
1.2241229271 
1.2240199091 
1.2239169133 
1.2238139399 
1.2237109887 
1.2236080600 
1.2235051536 
1.2234022695 
1.2232994079 
1.2231965686 
1.2230937518 
1.2229909574 
1.2228881854 
1.2227854359 
1.2226827088 
1.2225800043 
1.2224773222 
1.2223746627 
1.2222720257 
1.2221694112 
1.2220668192 
1.2219642499 
1.2218617031 
1.2217591789 
1.2216566773 
1.2215541983 
1.2214517419 
1.2214517419 
1.2213493082 
1.2212468972 
1.2211445088 
1.2210421431 
1.2209398001 
1.2208374798 
1.2207351822 
1.2206329073 
1.2205306552 
1.2204284259 
1.2203262193 
1.2202240354 
1.2201218744 
1.2200197362 
1.2199176208 
1.2198155282 
1.2197134585 
1.2196114116 
1.2195093876 
1.2194073864 
1.2193054082 
1.2192034528 
1.2191015204 
1.2189996108 
1.2188977242 
1.2187958606 
1.2186940199 
1.2185922021 
1.2184904073 
1.2183886356 
1.2182868868 
1.2181851610 
1.2180834583 
1.2179817785 
1.2178801219 
1.2177784882 
1.2176768777 
1.2175752902 
1.2174737258 
1.2173721845 
1.2172706663 
1.2171691712 
1.2170676992 
1.2169662504 
1.2168648247 
1.2167634221 
1.2166620428 
1.2165606866 
1.2164593536 
1.2163580438 
1.2162567572 
1.2161554938 
1.2160542536 
1.2159530367 
1.2158518430 
1.2157506725 
1.2156495254 
1.2155484015 
1.2154473008 
1.2153462235 
1.2152451695 
1.2151441388 
1.2150431314 
1.2149421473 
1.2148411866 
1.2147402492 
1.2146393352 
1.2145384445 
1.2144375772 
1.2143367333 
1.2142359127 
1.2141351156 
1.2140343419 
1.2139335916 
1.2138328647 
1.2137321613 
1.2136314813 
1.2135308247 
1.2134301916 
1.2133295820 
1.2132289958 
1.2131284331 
1.2130278940 
1.2129273783 
1.2128268861 
1.2127264174 
1.2126259723 
1.2125255507 
1.2124251526 
1.2123247781 
1.2122244271 
1.2121240997 
1.2120237959 
1.2119235156 
1.2118232589 
1.2117230258 
1.2116228163 
1.2115226305 
1.2114224682 
1.2114224682 
1.2113223295 
1.2112222145 
1.2111221231 
1.2110220554 
1.2109220113 
1.2108219909 
1.2107219941 
1.2106220210 
1.2105220716 
1.2104221459 
1.2103222438 
1.2102223655 
1.2101225109 
1.2100226799 
1.2099228727 
1.2098230893 
1.2097233295 
1.2096235935 
1.2095238812 
1.2094241927 
1.2093245280 
1.2092248870 
1.2091252698 
1.2090256763 
1.2089261067 
1.2088265608 
1.2087270387 
1.2086275404 
1.2085280660 
1.2084286153 
1.2083291885 
1.2082297855 
1.2081304063 
1.2080310509 
1.2079317194 
1.2078324118 
1.2077331280 
1.2076338681 
1.2075346320 
1.2074354198 
1.2073362315 
1.2072370670 
1.2071379265 
1.2070388098 
1.2069397170 
1.2068406482 
1.2067416032 
1.2066425822 
1.2065435851 
1.2064446119 
1.2063456626 
1.2062467373 
1.2061478359 
1.2060489585 
1.2059501050 
1.2058512754 
1.2057524698 
1.2056536882 
1.2055549306 
1.2054561969 
1.2053574872 
1.2052588015 
1.2051601398 
1.2050615021 
1.2049628883 
1.2048642986 
1.2047657329 
1.2046671912 
1.2045686735 
1.2044701798 
1.2043717101 
1.2042732645 
1.2041748429 
1.2040764454 
1.2039780718 
1.2038797224 
1.2037813970 
1.2036830956 
1.2035848183 
1.2034865650 
1.2033883359 
1.2032901307 
1.2031919497 
1.2030937927 
1.2029956599 
1.2028975511 
1.2027994664 
1.2027014058 
1.2026033692 
1.2025053568 
1.2024073685 
1.2023094043 
1.2022114642 
1.2021135482 
1.2020156564 
1.2019177886 
1.2018199450 
1.2017221255 
1.2016243302 
1.2016243302 
1.2015265590 
1.2014288119 
1.2013310889 
1.2012333902 
1.2011357155 
1.2010380650 
1.2009404387 
1.2008428365 
1.2007452585 
1.2006477046 
1.2005501749 
1.2004526694 
1.2003551880 
1.2002577308 
1.2001602978 
1.2000628890 
1.1999655044 
1.1998681439 
1.1997708077 
1.1996734956 
1.1995762077 
1.1994789441 
1.1993817046 
1.1992844893 
1.1991872982 
1.1990901314 
1.1989929887 
1.1988958703 
1.1987987760 
1.1987017060 
1.1986046603 
1.1985076387 
1.1984106413 
1.1983136682 
1.1982167193 
1.1981197947 
