0.1077741316 
0.2663332860 
0.1337968737 
0.2238762594 
0.2828471869 
0.3290842684 
0.3562025761 
0.3671570512 
0.3649197716 
0.3529030523 
0.3335113056 
0.3154833094 
0.3025190433 
0.2955069196 
0.2941246810 
0.2974729205 
0.3048118265 
0.3149185600 
0.3264959319 
0.3386509984 
0.3508486044 
0.3628467549 
0.3746082494 
0.3861980119 
0.3977032256 
0.4091916369 
0.4206984423 
0.4322269801 
0.4437547787 
0.4552410542 
0.4666332737 
0.4778717787 
0.4888930796 
0.4996333182 
0.5100332411 
0.5200452108 
0.5296416841 
0.5388235093 
0.5476256590 
0.5561180895 
0.5644004780 
0.5725913642 
0.5808138874 
0.5891808891 
0.5977811255 
0.6066661542 
0.6158359608 
0.6252243037 
0.6346971935 
0.6440962431 
0.6533473596 
0.6625796392 
0.6721432671 
0.6824835235 
0.6939396804 
0.7065920866 
0.7202447186 
0.7345263292 
0.7490164947 
0.7633099375 
0.7770165601 
0.7897514711 
0.8011032135 
0.8104312901 
0.8163115386 
0.8201536106 
0.8566559369 
0.8383719602 
0.8382122196 
0.8652132257 
0.9020201622 
0.8730490841 
0.8686109994 
0.8983002871 
0.9310478778 
0.8980409990 
0.8894258963 
0.9168539497 
0.9512460821 
0.9132586835 
0.9026221833 
0.9290332225 
0.9850955962 
0.9101878124 
0.9266125367 
0.9582773499 
0.9825523506 
0.9471451696 
0.9353891282 
0.9694063921 
0.9887500812 
0.9623340875 
0.9592727593 
0.9767356155 
1.0029545198 
0.9879803374 
0.9805961029 
0.9914400829 
1.0161151420 
1.0110043247 
1.0110043247 
1.0062515335 
1.0137660626 
1.0223223241 
1.0330783862 
1.0334401495 
1.0349446988 
1.0391527244 
1.0442504300 
1.0524404949 
1.0570733740 
1.0584619750 
1.0618235142 
1.0661003660 
1.0721044908 
1.0779867132 
1.0811627092 
1.0841258557 
1.0880166727 
1.0926852920 
1.0980254179 
1.1025974047 
1.1060436562 
1.1095443554 
1.1135252401 
1.1179853733 
1.1226097741 
1.1267367498 
1.1303565178 
1.1339750718 
1.1378490746 
1.1419825313 
1.1461568708 
1.1500740848 
1.1537306597 
1.1573511777 
1.1610929297 
1.1649695498 
1.1688667157 
1.1726407658 
1.1762710174 
1.1798526216 
1.1834769958 
1.1871662433 
1.1908711236 
1.1945191352 
1.1980838211 
1.2015989532 
1.2051140707 
1.2086523969 
1.2121988201 
1.2157175457 
1.2191850222 
1.2226070844 
1.2260071714 
1.2294038508 
1.2327974066 
1.2361723107 
1.2395116176 
1.2428102140 
1.2460758520 
1.2493198676 
1.2525471717 
1.2557528371 
1.2589266232 
1.2620607780 
1.2651543385 
1.2682111839 
1.2712346683 
1.2742235359 
1.2771718697 
1.2800723721 
1.2829198443 
1.2857121576 
1.2884485469 
1.2911271306 
1.2937436928 
1.2962923858 
1.2987674640 
1.3011646080 
1.3034810568 
1.3057148374 
1.3078639499 
1.3099261574 
1.3118994206 
1.3137825346 
1.3155754925 
1.3172794033 
1.3188961303 
1.3204279443 
1.3218773719 
1.3232472288 
1.3245407016 
1.3257613499 
1.3269129997 
1.3279995809 
1.3290249887 
1.3299930118 
1.3309073198 
1.3317714732 
1.3317714732 
1.3325889228 
1.3333629918 
1.3340968498 
1.3347934950 
1.3354557519 
1.3360862832 
1.3366876064 
1.3372621093 
1.3378120625 
1.3383396284 
1.3388468717 
1.3393357706 
1.3398082293 
1.3402660904 
1.3407111462 
1.3411451482 
1.3415698152 
1.3419868389 
1.3423978897 
1.3428046200 
1.3432086663 
1.3436116489 
1.3440151705 
1.3444208117 
1.3448301241 
1.3452446214 
1.3456657678 
1.3460949632 
1.3465335263 
1.3469826747 
1.3474435024 
1.3479169556 
1.3484038058 
1.3489046228 
1.3494197468 
1.3499492619 
1.3504929711 
1.3510503750 
1.3516206559 
1.3522026667 
1.3527949285 
1.3533956337 
1.3540026577 
1.3546135749 
1.3552256786 
1.3558360025 
1.3564413399 
1.3570382606 
1.3576231245 
1.3581920962 
1.3587411609 
1.3592661500 
1.3597627763 
1.3602266801 
1.3606534834 
1.3610388445 
1.3613785060 
1.3616683313 
1.3619043269 
1.3620826572 
1.3621996585 
1.3622518653 
1.3622360527 
1.3621492965 
1.3619890432 
1.3617531804 
1.3614400983 
1.3610487422 
1.3605786565 
1.3600300288 
1.3594037306 
1.3587013522 
1.3579252203 
1.3570783938 
1.3561646375 
1.3551883804 
1.3541546676 
1.3530691073 
1.3519378159 
1.3507673628 
1.3495647210 
1.3483372309 
1.3470925833 
1.3458388168 
1.3445843244 
1.3433378520 
1.3421084482 
1.3409052474 
1.3397367759 
1.3386088531 
1.3375179206 
1.3364264434 
1.3351441025 
1.3324008581 
1.3153742521 
1.3221292036 
1.3187981156 
1.3383786105 
1.3462219794 
1.3462219794 
1.3507845659 
1.3257070815 
1.3133142437 
1.3306882730 
1.3149382102 
1.3336031870 
1.3365151798 
1.3275444512 
1.3180707675 
1.3160359778 
1.3145645679 
1.3380649825 
1.3299452101 
1.3230323484 
1.3145324040 
1.3100377547 
1.3094448540 
1.3349993779 
1.3323292566 
1.3261825495 
1.3157829484 
1.3073530577 
1.3066615890 
1.3214060635 
1.3279558393 
1.3258258085 
1.3168695794 
1.2903301855 
1.3063986296 
1.3053164440 
1.3140342517 
1.2968753809 
1.2838533398 
1.2996820340 
1.3206696682 
1.3099366603 
1.2958241481 
1.3041931260 
1.2986970446 
1.3246504586 
1.3261743412 
1.3098697674 
1.2928361899 
1.3033017986 
1.3036174218 
1.3224440065 
1.3140045545 
1.3058189036 
1.2914299495 
1.3013269895 
1.3022225649 
1.3209910861 
1.3115679301 
1.3064505755 
1.2916594969 
1.3001829091 
1.3001167172 
1.3209028040 
1.3111333144 
1.3049707234 
1.2903603332 
1.2964654494 
1.2905345070 
1.3155004331 
1.3120461698 
1.2907267055 
1.2758906279 
1.2847836656 
1.3010794651 
1.2953563624 
1.2928834595 
1.3088299247 
1.2987391991 
1.2864729240 
1.2809415569 
1.3201161094 
1.2915399961 
1.2964031918 
1.3190832052 
1.3280702224 
1.3017860781 
1.2901044444 
1.2902052928 
1.2947258595 
1.3135632453 
1.2913655040 
1.2924222493 
1.2904017096 
1.2862800168 
1.2780784759 
1.3023933665 
1.2919260411 
1.3016002315 
1.2994228188 
1.2867712960 
1.2881575507 
1.2905447634 
1.3111818348 
1.3048400922 
1.3048400922 
1.2916412276 
1.2843787529 
1.2808404202 
1.2891807150 
1.3002506151 
1.3088218849 
1.2744332706 
1.2589096901 
1.2630585084 
1.2660363481 
1.2820937169 
1.2593104425 
1.2635612302 
1.2588897041 
1.2534967291 
1.2548708775 
1.2756399301 
1.2573421596 
1.2614565389 
1.2558837859 
1.2660636859 
1.2589099960 
1.2452958625 
1.2546068830 
1.2319838794 
1.2454460777 
1.2487443321 
1.2175254512 
1.2185816682 
1.1934698541 
1.2003269455 
1.2107115888 
1.1900510386 
1.1903279214 
1.1677976420 
1.1753139162 
1.1592859939 
1.1811335652 
1.1594261668 
1.1618955385 
1.1556029630 
1.1713755283 
1.1429676915 
1.1562832184 
1.1591980270 
1.1621317007 
1.1536705143 
1.1663942626 
1.1591528982 
1.1672057512 
1.1658243452 
1.1704257408 
1.1616563521 
1.1520219586 
1.1779672688 
1.1735925786 
1.1597124840 
1.1540878840 
1.1893134481 
1.1634460890 
1.1673920311 
1.1726628011 
1.1910584928 
1.1683802926 
1.1640465821 
1.1710409899 
1.1888954551 
1.1604760910 
1.1761969675 
1.1798971539 
1.1687348825 
1.1691317528 
1.1938965626 
1.1755088890 
1.1793591051 
1.1712728161 
1.1796845302 
1.1797762775 
1.1864849408 
1.1863579187 
1.1831985407 
1.1843758248 
1.1817225381 
1.1967161821 
1.1883541014 
1.1933129087 
1.1898599619 
1.1918804714 
1.1921124086 
1.1988358691 
1.1969046950 
1.1988352788 
1.1961839610 
1.1985810595 
1.1996549681 
1.2071994023 
1.2050847338 
1.2065073890 
1.2052940954 
1.2052940954 
1.2078741847 
1.2100559068 
1.2152600364 
1.2153771693 
1.2166521565 
1.2169123806 
1.2197023286 
1.2223514882 
1.2261414351 
1.2275013807 
1.2292643782 
1.2307418667 
1.2336228716 
1.2363371572 
1.2392535640 
1.2412290409 
1.2434115095 
1.2455837543 
1.2481912659 
1.2505563036 
1.2527811461 
1.2546533678 
1.2564941803 
1.2581722173 
1.2596962542 
1.2608532532 
1.2616853590 
1.2621395188 
1.2622680777 
1.2619749043 
1.2612622511 
1.2600565358 
1.2584143342 
1.2562800591 
1.2537363384 
1.2506914908 
1.2473051968 
1.2434034180 
1.2393421806 
1.2346430230 
1.2302241039 
1.2246079800 
1.2207445754 
1.2139757469 
1.2157133515 
1.2049420318 
1.2005936221 
1.1905056973 
1.2060632901 
1.1807385695 
1.1750904789 
1.1716734624 
1.1838024012 
1.1647026473 
1.1743955467 
1.1577894333 
1.1668272397 
1.1563850544 
1.1689478034 
1.1563816960 
1.1674905988 
1.1563926202 
1.1701769031 
1.1572142461 
1.1702568546 
1.1579019405 
1.1728882816 
1.1588151583 
1.1716999795 
1.1588159198 
1.1750481786 
1.1595222325 
1.1707556057 
1.1580346039 
1.1790286789 
1.1603269853 
1.1646145706 
1.1520539754 
1.1794236209 
1.1570638669 
1.1642907542 
1.1554798457 
1.1693137976 
1.1597146792 
1.1652240254 
1.1533096081 
1.1577553643 
1.1568427459 
1.1712053841 
1.1551280411 
1.1532382645 
1.1486425291 
1.1507787626 
1.1750662834 
1.1511017497 
1.1485505869 
1.1482778899 
1.1482047660 
1.1717720483 
1.1717720483 
1.1486869265 
1.1502925466 
1.1468376338 
1.1480469443 
1.1676840525 
1.1493156101 
1.1544337523 
1.1472779659 
1.1532472294 
1.1555735736 
1.1609193170 
1.1545428968 
1.1584215211 
1.1494911327 
1.1638785815 
1.1550715394 
1.1694270125 
1.1532785194 
1.1694317920 
1.1542217337 
1.1703047469 
1.1551473424 
1.1783322424 
1.1565503308 
1.1699687978 
1.1575147638 
1.1820792475 
1.1592969722 
1.1711592197 
1.1602233031 
1.1833714755 
1.1625556387 
1.1742606338 
1.1633604524 
1.1840630824 
1.1654914209 
1.1764512198 
1.1649946801 
1.1846297975 
1.1667891138 
1.1775600943 
1.1658012770 
1.1851451639 
1.1671851168 
1.1771045041 
1.1653813372 
1.1847574081 
1.1665396161 
1.1765746724 
1.1647935471 
1.1840646904 
1.1658496748 
1.1750109419 
1.1632200523 
1.1824914577 
1.1641239214 
1.1739667260 
1.1619561704 
1.1815365569 
1.1628833914 
1.1711180649 
1.1591946216 
1.1785672710 
1.1598267244 
1.1705155253 
1.1580653395 
1.1780297498 
1.1589631021 
1.1656551098 
1.1530532512 
1.1712273601 
1.1532231172 
1.1692917423 
1.1537566469 
1.1662421060 
1.1512079377 
1.1695284156 
1.1514235312 
1.1651145008 
1.1495284604 
1.1715174423 
1.1488350128 
1.1600603710 
1.1468584588 
1.1713444040 
1.1476787869 
1.1568424185 
1.1449330615 
1.1728179923 
1.1475395679 
1.1539128699 
1.1422491372 
1.1691012456 
1.1437217237 
1.1549154959 
1.1437483820 
1.1665990385 
1.1449787617 
1.1489794468 
1.1489794468 
1.1348842639 
1.1414898336 
1.1443044650 
1.1341493009 
1.1543298086 
1.1379000060 
1.1405533355 
1.1322017767 
1.1333915937 
1.1491798319 
1.1327197829 
1.1402101614 
1.1249931050 
1.1400548791 
1.1296995848 
1.1422770878 
1.1265869820 
1.1457269458 
1.1273019540 
1.1350794026 
1.1198411653 
1.1282001554 
1.1263888448 
1.1242611852 
1.1321972681 
1.1247145281 
1.1293513001 
1.1186326184 
1.1282593606 
1.1257717060 
1.1432276670 
1.1240911014 
1.1252034821 
1.1191216279 
1.1204193151 
1.1423114086 
1.1199582138 
1.1251472108 
1.1161422613 
1.1227055552 
1.1222312026 
1.1310991569 
1.1214437749 
1.1247108914 
1.1158879476 
1.1193997665 
1.1236220858 
1.1290823419 
1.1221090734 
1.1260853115 
1.1136517651 
1.1293438096 
1.1196658608 
1.1304641074 
1.1148806598 
1.1339789026 
1.1164575662 
1.1271255416 
1.1133653322 
1.1336045185 
1.1156045807 
1.1265749653 
1.1134331191 
1.1334753987 
1.1161841660 
1.1265146253 
1.1137471046 
1.1321753494 
1.1165327388 
1.1277320009 
1.1143546974 
1.1333727311 
1.1171017736 
1.1262296996 
1.1136109414 
1.1292052097 
1.1159715285 
1.1292238916 
1.1140864252 
1.1294326334 
1.1147543957 
1.1271650075 
1.1108106359 
1.1356639354 
1.1128113402 
1.1233005926 
1.1111387669 
1.1338172726 
1.1114624058 
1.1185538179 
1.1067994627 
1.1202053223 
1.1077729224 
1.1242972015 
1.1075240224 
1.1120213535 
1.1016466083 
1.1046830769 
1.1128444463 
1.1128444463 
1.1027604216 
1.1115975914 
1.0983085524 
1.1098569983 
1.0977932777 
1.1109044207 
1.0930930707 
1.1165313004 
1.0930506866 
1.1018629691 
1.0878970587 
1.1144788561 
1.0869874690 
1.0975247875 
1.0862396159 
1.1107445226 
1.0868200402 
1.0950381116 
1.0831492952 
1.1026627463 
1.0835692332 
1.0983372730 
1.0837254681 
1.1004237536 
1.0839463794 
1.0949629527 
1.0791309541 
1.1046123312 
1.0803692937 
1.0913074204 
1.0799732646 
1.1032511190 
1.0794142017 
1.0864703735 
1.0739565488 
1.0936336223 
1.0736869266 
1.0916725122 
1.0753254952 
1.0885201088 
1.0737602873 
1.0943385352 
1.0755555469 
1.0872641584 
1.0729801085 
1.0982753985 
1.0729630957 
1.0824783918 
1.0716535596 
1.0978461855 
1.0717167598 
1.0802698454 
1.0701076002 
1.0968461236 
1.0707699068 
1.0786431264 
1.0689765531 
1.0948274529 
1.0691710956 
1.0767454406 
1.0668313223 
1.0905873306 
1.0664656194 
1.0753016788 
1.0646572784 
1.0864847797 
1.0645561224 
1.0732809898 
1.0621194168 
1.0822061241 
1.0620744868 
1.0722809676 
1.0602210956 
1.0801425971 
1.0607134774 
1.0694472498 
1.0577135778 
1.0764817494 
1.0575367015 
1.0687485156 
1.0559381466 
1.0758000656 
1.0565984813 
1.0649624691 
1.0533062071 
1.0730774127 
1.0525804386 
1.0643214911 
1.0517679316 
1.0722515543 
1.0521380885 
1.0606882398 
1.0493784395 
1.0713774090 
1.0486217218 
1.0593552536 
1.0480504575 
1.0697800485 
1.0477488310 
1.0477488310 
1.0564024488 
1.0458207838 
1.0685193126 
1.0451352146 
1.0550968936 
1.0444567436 
1.0667119917 
1.0438592406 
1.0526937819 
1.0424349575 
1.0652522789 
1.0416702762 
1.0511555622 
1.0408945341 
1.0634934184 
1.0401031739 
1.0490944474 
1.0390690711 
1.0620699173 
1.0382082147 
1.0473893195 
1.0374733111 
1.0604971628 
1.0365221728 
1.0455072430 
1.0357839439 
1.0591245582 
1.0347860957 
1.0437574091 
1.0342169985 
1.0577322068 
1.0331256755 
1.0419943098 
1.0326549192 
1.0564298634 
1.0315037728 
1.0403169330 
1.0311758872 
1.0551354732 
1.0299380647 
1.0387156520 
1.0297421318 
1.0538317508 
1.0284233381 
1.0372449799 
1.0283638550 
1.0524347897 
1.0269480801 
1.0359434665 
1.0270046194 
1.0508511044 
1.0254928837 
1.0348493887 
1.0256258891 
1.0489996624 
1.0240405648 
1.0339523843 
1.0241897713 
1.0468818539 
1.0225857484 
1.0331716028 
1.0226906674 
1.0445934582 
1.0211200449 
1.0323786060 
1.0211368507 
1.0422517305 
1.0196136475 
1.0314646768 
1.0195204593 
1.0399171712 
1.0180301912 
1.0303843434 
1.0178257478 
1.0375948027 
1.0163573984 
1.0291444951 
1.0160529246 
1.0352770959 
1.0146061854 
1.0277668124 
1.0142130858 
1.0329617872 
1.0127873803 
1.0262665990 
1.0123135742 
1.0306476443 
1.0109053685 
1.0246563416 
1.0103593875 
1.0283339310 
1.0089672914 
1.0229523162 
1.0083597018 
1.0260233044 
1.0069851792 
1.0211722467 
1.0063258759 
1.0237203189 
1.0237203189 
1.0049702395 
1.0193309716 
1.0042669907 
1.0214286352 
1.0029305973 
1.0174403634 
1.0021900029 
1.0191509636 
1.0008732335 
1.0155108712 
1.0001013973 
1.0168897702 
0.9988046889 
1.0135515411 
0.9980068687 
1.0146468833 
0.9967301092 
1.0115694675 
0.9959105560 
1.0124230595 
0.9946530403 
1.0095700126 
0.9938153025 
1.0102181972 
0.9925759946 
1.0075572885 
0.9917231023 
1.0080315926 
0.9905006832 
1.0055343237 
0.9896351392 
1.0058620008 
0.9884280031 
1.0035031791 
0.9875518570 
1.0037077839 
0.9863582390 
1.0014652149 
0.9854732353 
1.0015671565 
0.9842913436 
0.9994213363 
0.9833990111 
0.9994383562 
0.9822270823 
0.9973721331 
0.9813287830 
0.9973197419 
0.9801651205 
0.9953179912 
0.9792621100 
0.9952098792 
0.9781051214 
0.9932591909 
0.9771986022 
0.9931075961 
0.9760468091 
0.9911959609 
0.9751379596 
0.9910119949 
0.9739899819 
0.9891284945 
0.9730799782 
0.9889224430 
0.9719345119 
0.9870569543 
0.9710245516 
0.9868385590 
0.9698803403 
0.9849814657 
0.9689716641 
0.9847601932 
0.9678274621 
0.9829020976 
0.9669213746 
0.9826874060 
0.9657759046 
0.9808188383 
0.9648738011 
0.9806204532 
0.9637257095 
0.9787315685 
0.9628291090 
0.9785597793 
0.9616769149 
0.9766400303 
0.9607875003 
0.9765060187 
0.9596295382 
0.9745437897 
0.9587492061 
0.9744600062 
0.9575835582 
0.9724421937 
0.9567144817 
0.9724227993 
0.9555388978 
0.9703343176 
0.9546836040 
0.9546836040 
0.9703957098 
0.9534954043 
0.9682189007 
0.9526568699 
0.9683803467 
0.9514528241 
0.9660942656 
0.9506345934 
0.9663786681 
0.9494107714 
0.9639582195 
0.9486171008 
0.9643930373 
0.9473686858 
0.9618079349 
0.9466047183 
0.9624262757 
0.9453257757 
0.9596398112 
0.9445977471 
0.9604816922 
0.9432809408 
0.9574493276 
0.9425964161 
0.9585630514 
0.9412326709 
0.9552309136 
0.9406007980 
0.9566744132 
0.9391789160 
0.9529779005 
0.9386106688 
0.9548197250 
0.9371169365 
0.9506826771 
0.9366252882 
0.9530019774 
0.9350431626 
0.9483372782 
0.9346430864 
0.9512216748 
0.9329531432 
0.9459347590 
0.9326612810 
0.9494744016 
0.9308417528 
0.9434717899 
0.9306755361 
0.9477476129 
0.9287039333 
0.9409526605 
0.9286799157 
0.9460177433 
0.9265362824 
0.9383939079 
0.9266674829 
0.9442502276 
0.9243395108 
0.9358269094 
0.9246317740 
0.9424055868 
0.9221209593 
0.9332944917 
0.9225689564 
0.9404516949 
0.9198953666 
0.9308400949 
0.9204800016 
0.9383762951 
0.9176823134 
0.9284945305 
0.9183718075 
0.9361917095 
0.9155009696 
0.9262685673 
0.9162561278 
0.9339294029 
0.9133648076 
0.9241543155 
0.9141461899 
0.9316286891 
0.9112786794 
0.9221318899 
0.9120527395 
0.9293252898 
0.9092392128 
0.9201771317 
0.9099818225 
0.9270439022 
0.9072380740 
0.9182680062 
0.9079350836 
0.9247965688 
0.9052661525 
0.9163881831 
0.9059114498 
0.9225855765 
0.9033162704 
0.9145273443 
0.9145273443 
0.9039086291 
0.9204077569 
0.9013835688 
0.9126794098 
0.9019238404 
0.9182578353 
0.8994646401 
0.9108405523 
0.8999541275 
0.9161303103 
0.8975567719 
0.9090080833 
0.8979966766 
0.9140203381 
0.8956577714 
0.9071801676 
0.8960491718 
0.9119241037 
0.8937661003 
0.9053558403 
0.8941100174 
0.9098388898 
0.8918809564 
0.9035349414 
0.8921783290 
0.9077629314 
0.8900021647 
0.9017178926 
0.8902537502 
0.9056951555 
0.8881299497 
0.8999054148 
0.8883362202 
0.9036349102 
0.8862647054 
0.8980982880 
0.8864257800 
0.9015817482 
0.8844068275 
0.8962971905 
0.8845224487 
0.8995352830 
0.8825566152 
0.8945026086 
0.8826261567 
0.8974951072 
0.8807142233 
0.8927147908 
0.8807367185 
0.8954607535 
0.8788796436 
0.8909337262 
0.8788538278 
0.8934316842 
0.8770527025 
0.8891591322 
0.8769770651 
0.8914072995 
0.8752330664 
0.8873904451 
0.8751059139 
0.8893869619 
0.8734202509 
0.8856268091 
0.8732397824 
0.8873700323 
0.8716136319 
0.8838670603 
0.8713780300 
0.8853559198 
0.8698124568 
0.8821097088 
0.8695199984 
0.8833441424 
0.8680158563 
0.8803529208 
0.8676650484 
0.8813343981 
0.8662228579 
0.8785945127 
0.8658126010 
0.8793266398 
0.8644324054 
0.8768319707 
0.8639621843 
0.8773211427 
0.8626433848 
0.8750625168 
0.8621134795 
0.8753185463 
0.8608546635 
0.8732832410 
0.8602663599 
0.8733198430 
0.8590651428 
0.8714913109 
0.8584209087 
0.8713262915 
0.8572738223 
0.8572738223 
0.8696842484 
0.8565774032 
0.8693392396 
0.8554798720 
0.8678602335 
0.8547362570 
0.8673598775 
0.8536827021 
0.8660183636 
0.8528979260 
0.8653889756 
0.8518820186 
0.8641587912 
0.8510628030 
0.8634266877 
0.8500778534 
0.8622826871 
0.8492311356 
0.8614724916 
0.8482705586 
0.8603920309 
0.8474029946 
0.8595252894 
0.8464607604 
0.8584892850 
0.8455782991 
0.8575836289 
0.8446492756 
0.8565770397 
0.8437568774 
0.8556459650 
0.8428370076 
0.8546577096 
0.8419385362 
0.8537108824 
0.8410248441 
0.8527333351 
0.8401231158 
0.8517772348 
0.8392135821 
0.8508055005 
0.8383105253 
0.8498441954 
0.8374038933 
0.8488753518 
0.8365007592 
0.8479112405 
0.8355963291 
0.8469436770 
0.8346939029 
0.8459780969 
0.8337913509 
0.8450110091 
0.8328901288 
0.8440446789 
0.8319893687 
0.8430777211 
0.8310896874 
0.8421110283 
0.8301907746 
0.8411440974 
0.8292928939 
0.8401772672 
0.8283959650 
0.8392103787 
0.8275001147 
0.8382435626 
0.8266053518 
0.8372767846 
0.8257117549 
0.8363101024 
0.8248193658 
0.8353435227 
0.8239282483 
0.8343770791 
0.8230384560 
0.8334107898 
0.8221500497 
0.8324446798 
0.8212630878 
0.8314787692 
0.8203776311 
0.8305130793 
0.8194937405 
0.8295476287 
0.8186114781 
0.8285824359 
0.8177309063 
0.8276175172 
0.8168520888 
0.8266528883 
0.8159750897 
0.8256885630 
0.8150999738 
0.8247245539 
0.8142268072 
0.8237608722 
0.8133556563 
0.8227975274 
0.8227975274 
0.8124865886 
0.8218345278 
0.8116196725 
0.8208718799 
0.8107549774 
0.8199095889 
0.8098925736 
0.8189476585 
0.8090325322 
0.8179860907 
0.8081749256 
0.8170248860 
0.8073198269 
0.8160640434 
0.8064673103 
0.8151035601 
0.8056174508 
0.8141434319 
0.8047703243 
0.8131836527 
0.8039260073 
0.8122242149 
0.8030845770 
0.8112651090 
0.8022461109 
0.8103063237 
0.8014106866 
0.8093478459 
0.8005783815 
0.8083896605 
0.7997492724 
0.8074317505 
0.7989234351 
0.8064740966 
0.7981009439 
0.8055166778 
0.7972818709 
0.8045594705 
0.7964662849 
0.8036024490 
0.7956542510 
0.8026455856 
0.7948458294 
0.8016888500 
0.7940410739 
0.8007322098 
0.7932400308 
0.7997756305 
0.7924427371 
0.7988190754 
0.7916492191 
0.7978625060 
0.7908594895 
0.7969058823 
0.7900735462 
0.7959491628 
0.7892913689 
0.7949923054 
0.7885129171 
0.7940352677 
0.7877381265 
0.7930780080 
0.7869669064 
0.7921204860 
0.7861991363 
0.7911626641 
0.7854346625 
0.7902045089 
0.7846732950 
0.7892459924 
0.7839148043 
0.7882870943 
0.7831589186 
0.7873278042 
0.7824053213 
0.7863681235 
0.7816536492 
0.7854080689 
0.7809034918 
0.7844476746 
0.7801543914 
0.7834869960 
0.7794058442 
0.7825261123 
0.7786573038 
0.7815651302 
0.7779081852 
0.7806041865 
0.7771578717 
0.7796434508 
0.7764057232 
0.7786831272 
0.7756510865 
0.7777234554 
0.7748933072 
0.7767647103 
0.7741317440 
0.7758072003 
0.7733657828 
0.7733657828 
0.7748512636 
0.7725948529 
0.7738972629 
0.7718184420 
0.7729455774 
0.7710361114 
0.7719965938 
0.7702475089 
0.7710506949 
0.7694523796 
0.7701082471 
0.7686505732 
0.7691695877 
0.7678420479 
0.7682350120 
0.7670268700 
0.7673047619 
0.7662052094 
0.7663790163 
0.7653773307 
0.7654578847 
0.7645435819 
0.7645414043 
0.7637043798 
0.7636295404 
0.7628601943 
0.7627221911 
0.7620115313 
0.7618191951 
0.7611589172 
0.7609203420 
0.7603028833 
0.7600253844 
0.7594439528 
0.7591340504 
0.7585826292 
0.7582460564 
0.7577193880 
0.7573611180 
0.7568546693 
0.7564789596 
0.7559888741 
0.7555993221 
0.7551223613 
0.7547219675 
0.7542554472 
0.7538466826 
0.7533884059 
0.7529732797 
0.7525214712 
0.7521015965 
0.7516548392 
0.7512314949 
0.7507886712 
0.7503628584 
0.7499230973 
0.7494955895 
0.7490582203 
0.7486296075 
0.7481941191 
0.7477648453 
0.7473308525 
0.7469012469 
0.7464684624 
0.7460387656 
0.7456069770 
0.7451773621 
0.7447464134 
0.7443170026 
0.7438867803 
0.7434576581 
0.7430280797 
0.7425993032 
0.7421703089 
0.7417419155 
0.7413134620 
0.7408854751 
0.7404575310 
0.7400299644 
0.7396025067 
0.7391753679 
0.7387483796 
0.7383216719 
0.7378951405 
0.7374688647 
0.7370427806 
0.7366169362 
0.7361912926 
0.7357658783 
0.7353406700 
0.7349156846 
0.7344909082 
0.7340663506 
0.7336420038 
0.7332178735 
0.7327939552 
0.7323702523 
0.7319467624 
0.7315234877 
0.7315234877 
0.7311004271 
0.7306775821 
0.7302549525 
0.7298325395 
0.7294103434 
0.7289883653 
0.7285666060 
0.7281450665 
0.7277237479 
0.7273026514 
0.7268817782 
0.7264611297 
0.7260407071 
0.7256205119 
0.7252005457 
0.7247808100 
0.7243613064 
0.7239420367 
0.7235230026 
0.7231042058 
0.7226856482 
0.7222673317 
0.7218492582 
0.7214314296 
0.7210138479 
0.7205965152 
0.7201794336 
0.7197626050 
0.7193460316 
0.7189297156 
0.7185136590 
0.7180978642 
0.7176823332 
0.7172670683 
0.7168520716 
0.7164373455 
0.7160228922 
0.7156087139 
0.7151948129 
0.7147811915 
0.7143678519 
0.7139547964 
0.7135420272 
0.7131295468 
0.7127173573 
0.7123054610 
0.7118938602 
0.7114825571 
0.7110715541 
0.7106608535 
0.7102504574 
0.7098403681 
0.7094305879 
0.7090211190 
0.7086119638 
0.7082031243 
0.7077946028 
0.7073864016 
0.7069785229 
0.7065709688 
0.7061637416 
0.7057568434 
0.7053502764 
0.7049440428 
0.7045381448 
0.7041325845 
0.7037273641 
0.7033224856 
0.7029179512 
0.7025137631 
0.7021099234 
0.7017064341 
0.7013032973 
0.7009005152 
0.7004980898 
0.7000960233 
0.6996943176 
0.6992929748 
0.6988919970 
0.6984913863 
0.6980911446 
0.6976912741 
0.6972917767 
0.6968926545 
0.6964939096 
0.6960955438 
0.6956975593 
0.6952999580 
0.6949027419 
0.6945059132 
0.6941094736 
0.6937134254 
0.6933177703 
0.6929225105 
0.6925276479 
0.6921331845 
0.6917391223 
0.6913454633 
0.6909522094 
0.6909522094 
0.6905593627 
0.6901669250 
0.6897748985 
0.6893832850 
0.6889920866 
0.6886013052 
0.6882109428 
0.6878210014 
0.6874314830 
0.6870423895 
0.6866537230 
0.6862654853 
0.6858776786 
0.6854903047 
0.6851033657 
0.6847168635 
0.6843308002 
0.6839451778 
0.6835599982 
0.6831752634 
0.6827909755 
0.6824071364 
0.6820237482 
0.6816408128 
0.6812583323 
0.6808763086 
0.6804947439 
0.6801136401 
0.6797329993 
0.6793528235 
0.6789731146 
0.6785938748 
0.6782151061 
0.6778368106 
0.6774589902 
0.6770816470 
0.6767047832 
0.6763284006 
0.6759525015 
0.6755770879 
0.6752021618 
0.6748277253 
0.6744537806 
0.6740803296 
0.6737073745 
0.6733349174 
0.6729629603 
0.6725915054 
0.6722205547 
0.6718501105 
0.6714801747 
0.6711107495 
0.6707418371 
0.6703734396 
0.6700055590 
0.6696381975 
0.6692713574 
0.6689050406 
0.6685392494 
0.6681739859 
0.6678092523 
0.6674450507 
0.6670813833 
0.6667182523 
0.6663556598 
0.6659936081 
0.6656320992 
0.6652711355 
0.6649107190 
0.6645508520 
0.6641915367 
0.6638327753 
0.6634745700 
0.6631169230 
0.6627598365 
0.6624033127 
0.6620473539 
0.6616919623 
0.6613371401 
0.6609828895 
0.6606292128 
0.6602761123 
0.6599235901 
0.6595716485 
0.6592202897 
0.6588695161 
0.6585193298 
0.6581697331 
0.6578207282 
0.6574723175 
0.6571245032 
0.6567772875 
0.6564306726 
0.6560846610 
0.6557392547 
0.6553944562 
0.6550502676 
0.6547066911 
0.6543637292 
0.6543637292 
0.6540213839 
0.6536796577 
0.6533385526 
0.6529980711 
0.6526582153 
0.6523189875 
0.6519803898 
0.6516424247 
0.6513050942 
0.6509684007 
0.6506323463 
0.6502969333 
0.6499621638 
0.6496280402 
0.6492945644 
0.6489617389 
0.6486295656 
0.6482980469 
0.6479671847 
0.6476369814 
0.6473074390 
0.6469785596 
0.6466503453 
0.6463227982 
0.6459959204 
0.6456697140 
0.6453441809 
0.6450193232 
0.6446951429 
0.6443716420 
0.6440488224 
0.6437266861 
0.6434052350 
0.6430844709 
0.6427643958 
0.6424450115 
0.6421263197 
0.6418083223 
0.6414910211 
0.6411744177 
0.6408585139 
0.6405433113 
0.6402288115 
0.6399150162 
0.6396019269 
0.6392895452 
0.6389778725 
0.6386669103 
0.6383566600 
0.6380471230 
0.6377383007 
0.6374301942 
0.6371228050 
0.6368161341 
0.6365101828 
0.6362049521 
0.6359004433 
0.6355966572 
0.6352935949 
0.6349912573 
0.6346896452 
0.6343887597 
0.6340886013 
0.6337891709 
0.6334904692 
0.6331924967 
0.6328952541 
0.6325987419 
0.6323029606 
0.6320079106 
0.6317135922 
0.6314200058 
0.6311271516 
0.6308350299 
0.6305436407 
0.6302529843 
0.6299630605 
0.6296738694 
0.6293854109 
0.6290976849 
0.6288106912 
0.6285244295 
0.6282388995 
0.6279541008 
0.6276700331 
0.6273866959 
0.6271040885 
0.6268222105 
0.6265410612 
0.6262606398 
0.6259809457 
0.6257019779 
0.6254237357 
0.6251462181 
0.6248694240 
0.6245933526 
0.6243180026 
0.6240433729 
0.6237694624 
0.6237694624 
0.6234962697 
0.6232237936 
0.6229520327 
0.6226809856 
0.6224106508 
0.6221410268 
0.6218721120 
0.6216039049 
0.6213364037 
0.6210696067 
0.6208035123 
0.6205381185 
0.6202734235 
0.6200094254 
0.6197461223 
0.6194835121 
0.6192215928 
0.6189603624 
0.6186998187 
0.6184399595 
0.6181807826 
0.6179222857 
0.6176644667 
0.6174073230 
0.6171508524 
0.6168950524 
0.6166399206 
0.6163854545 
0.6161316515 
0.6158785090 
0.6156260246 
0.6153741955 
0.6151230190 
0.6148724925 
0.6146226132 
0.6143733782 
0.6141247850 
0.6138768304 
0.6136295118 
0.6133828261 
0.6131367705 
0.6128913420 
0.6126465376 
0.6124023543 
0.6121587889 
0.6119158385 
0.6116734999 
0.6114317699 
0.6111906455 
0.6109501235 
0.6107102005 
0.6104708734 
0.6102321389 
0.6099939937 
0.6097564345 
0.6095194580 
0.6092830608 
0.6090472395 
0.6088119907 
0.6085773110 
0.6083431969 
0.6081096450 
0.6078766518 
0.6076442137 
0.6074123273 
0.6071809889 
0.6069501950 
0.6067199420 
0.6064902263 
0.6062610442 
0.6060323922 
0.6058042666 
0.6055766635 
0.6053495795 
0.6051230107 
0.6048969535 
0.6046714039 
0.6044463584 
0.6042218131 
0.6039977643 
0.6037742080 
0.6035511405 
0.6033285579 
0.6031064564 
0.6028848321 
0.6026636811 
0.6024429996 
0.6022227835 
0.6020030290 
0.6017837322 
0.6015648891 
0.6013464957 
0.6011285481 
0.6009110422 
0.6006939741 
0.6004773398 
0.6002611353 
0.6000453565 
0.5998299993 
0.5998299993 
0.5996150599 
0.5994005340 
0.5991864176 
0.5989727067 
0.5987593971 
0.5985464848 
0.5983339657 
0.5981218357 
0.5979100906 
0.5976987264 
0.5974877389 
0.5972771240 
0.5970668775 
0.5968569953 
0.5966474733 
0.5964383073 
0.5962294931 
0.5960210266 
0.5958129037 
0.5956051201 
0.5953976716 
0.5951905542 
0.5949837636 
0.5947772957 
0.5945711462 
0.5943653111 
0.5941597861 
0.5939545669 
0.5937496496 
0.5935450298 
0.5933407034 
0.5931366663 
0.5929329141 
0.5927294429 
0.5925262483 
0.5923233262 
0.5921206725 
0.5919182829 
0.5917161534 
0.5915142798 
0.5913126578 
0.5911112835 
0.5909101525 
0.5907092609 
0.5905086044 
0.5903081789 
0.5901079803 
0.5899080046 
0.5897082475 
0.5895087050 
0.5893093731 
0.5891102476 
0.5889113244 
0.5887125996 
0.5885140689 
0.5883157285 
0.5881175743 
0.5879196022 
0.5877218083 
0.5875241885 
0.5873267388 
0.5871294553 
0.5869323340 
0.5867353709 
0.5865385622 
0.5863419038 
0.5861453919 
0.5859490226 
0.5857527919 
0.5855566961 
0.5853607311 
0.5851648933 
0.5849691788 
0.5847735836 
0.5845781042 
0.5843827366 
0.5841874771 
0.5839923219 
0.5837972674 
0.5836023097 
0.5834074453 
0.5832126703 
0.5830179812 
0.5828233742 
0.5826288458 
0.5824343923 
0.5822400102 
0.5820456958 
0.5818514456 
0.5816572561 
0.5814631237 
0.5812690449 
0.5810750163 
0.5808810343 
0.5806870956 
0.5804931967 
0.5802993341 
0.5801055046 
0.5799117048 
0.5799117048 
0.5797179312 
0.5795241806 
0.5793304497 
0.5791367352 
0.5789430338 
0.5787493423 
0.5785556575 
0.5783619762 
0.5781682951 
0.5779746112 
0.5777809213 
0.5775872223 
0.5773935111 
0.5771997847 
0.5770060400 
0.5768122739 
0.5766184835 
0.5764246659 
0.5762308180 
0.5760369369 
0.5758430197 
0.5756490636 
0.5754550656 
0.5752610230 
0.5750669329 
0.5748727925 
0.5746785991 
0.5744843499 
0.5742900422 
0.5740956733 
0.5739012405 
0.5737067413 
0.5735121729 
0.5733175328 
0.5731228183 
0.5729280271 
0.5727331564 
0.5725382038 
0.5723431669 
0.5721480432 
0.5719528303 
0.5717575257 
0.5715621271 
0.5713666321 
0.5711710384 
0.5709753438 
0.5707795459 
0.5705836424 
0.5703876312 
0.5701915100 
0.5699952768 
0.5697989292 
0.5696024653 
0.5694058828 
0.5692091798 
0.5690123541 
0.5688154038 
0.5686183269 
0.5684211214 
0.5682237853 
0.5680263167 
0.5678287137 
0.5676309746 
0.5674330973 
0.5672350801 
0.5670369213 
0.5668386190 
0.5666401715 
0.5664415771 
0.5662428342 
0.5660439409 
0.5658448958 
0.5656456972 
0.5654463436 
0.5652468333 
0.5650471648 
0.5648473367 
0.5646473474 
0.5644471955 
0.5642468796 
0.5640463983 
0.5638457502 
0.5636449339 
0.5634439481 
0.5632427916 
0.5630414631 
0.5628399612 
0.5626382849 
0.5624364328 
0.5622344039 
0.5620321970 
0.5618298109 
0.5616272446 
0.5614244971 
0.5612215672 
0.5610184540 
0.5608151564 
0.5606116736 
0.5604080045 
0.5604080045 
0.5602041483 
0.5600001040 
0.5597958709 
0.5595914481 
0.5593868347 
0.5591820299 
0.5589770331 
0.5587718435 
0.5585664603 
0.5583608829 
0.5581551106 
0.5579491428 
0.5577429788 
0.5575366181 
0.5573300601 
0.5571233043 
0.5569163501 
0.5567091971 
0.5565018448 
0.5562942927 
0.5560865404 
0.5558785876 
0.5556704338 
0.5554620787 
0.5552535220 
0.5550447633 
0.5548358025 
0.5546266392 
0.5544172732 
0.5542077043 
0.5539979323 
0.5537879570 
0.5535777783 
0.5533673962 
0.5531568104 
0.5529460209 
0.5527350276 
0.5525238306 
0.5523124298 
0.5521008252 
0.5518890168 
0.5516770048 
0.5514647892 
0.5512523700 
0.5510397475 
0.5508269217 
0.5506138928 
0.5504006610 
0.5501872265 
0.5499735895 
0.5497597503 
0.5495457091 
0.5493314661 
0.5491170218 
0.5489023765 
0.5486875304 
0.5484724839 
0.5482572374 
0.5480417914 
0.5478261462 
0.5476103022 
0.5473942600 
0.5471780200 
0.5469615827 
0.5467449486 
0.5465281183 
0.5463110922 
0.5460938710 
0.5458764552 
0.5456588455 
0.5454410424 
0.5452230467 
0.5450048588 
0.5447864797 
0.5445679098 
0.5443491499 
0.5441302008 
0.5439110631 
0.5436917376 
0.5434722252 
0.5432525265 
0.5430326424 
0.5428125736 
0.5425923211 
0.5423718857 
0.5421512682 
0.5419304695 
0.5417094905 
0.5414883321 
0.5412669952 
0.5410454807 
0.5408237897 
0.5406019231 
0.5403798817 
0.5401576668 
0.5399352791 
0.5397127198 
0.5394899899 
0.5392670905 
0.5392670905 
0.5390440225 
0.5388207870 
0.5385973852 
0.5383738181 
0.5381500869 
0.5379261926 
0.5377021364 
0.5374779194 
0.5372535428 
0.5370290077 
0.5368043153 
0.5365794669 
0.5363544635 
0.5361293065 
0.5359039969 
0.5356785362 
0.5354529254 
0.5352271659 
0.5350012590 
0.5347752058 
0.5345490076 
0.5343226659 
0.5340961817 
0.5338695566 
0.5336427917 
0.5334158885 
0.5331888482 
0.5329616721 
0.5327343618 
0.5325069184 
0.5322793435 
0.5320516382 
0.5318238042 
0.5315958426 
0.5313677551 
0.5311395428 
0.5309112074 
0.5306827501 
0.5304541724 
0.5302254759 
0.5299966618 
0.5297677317 
0.5295386870 
0.5293095292 
0.5290802598 
0.5288508802 
0.5286213919 
0.5283917965 
0.5281620953 
0.5279322900 
0.5277023820 
0.5274723728 
0.5272422640 
0.5270120570 
0.5267817534 
0.5265513548 
0.5263208626 
0.5260902784 
0.5258596038 
0.5256288404 
0.5253979895 
0.5251670529 
0.5249360321 
0.5247049287 
0.5244737441 
0.5242424801 
0.5240111381 
0.5237797198 
0.5235482268 
0.5233166606 
0.5230850228 
0.5228533150 
0.5226215389 
0.5223896959 
0.5221577878 
0.5219258161 
0.5216937825 
0.5214616884 
0.5212295357 
0.5209973258 
0.5207650604 
0.5205327410 
0.5203003694 
0.5200679472 
0.5198354759 
0.5196029572 
0.5193703927 
0.5191377840 
0.5189051329 
0.5186724408 
0.5184397094 
0.5182069404 
0.5179741354 
0.5177412960 
0.5175084238 
0.5172755206 
0.5170425878 
0.5168096273 
0.5165766405 
0.5165766405 
0.5163436291 
0.5161105948 
0.5158775392 
0.5156444639 
0.5154113705 
0.5151782608 
0.5149451363 
0.5147119987 
0.5144788495 
0.5142456905 
0.5140125232 
0.5137793493 
0.5135461704 
0.5133129882 
0.5130798042 
0.5128466202 
0.5126134377 
0.5123802583 
0.5121470837 
0.5119139154 
0.5116807552 
0.5114476047 
0.5112144653 
0.5109813389 
0.5107482269 
0.5105151310 
0.5102820528 
0.5100489939 
0.5098159560 
0.5095829405 
0.5093499492 
0.5091169836 
0.5088840453 
0.5086511359 
0.5084182571 
0.5081854103 
0.5079525973 
0.5077198195 
0.5074870786 
0.5072543761 
0.5070217136 
0.5067890927 
0.5065565150 
0.5063239821 
0.5060914954 
0.5058590566 
0.5056266673 
0.5053943289 
0.5051620431 
0.5049298114 
0.5046976354 
0.5044655165 
0.5042334564 
0.5040014566 
0.5037695185 
0.5035376439 
0.5033058341 
0.5030740907 
0.5028424153 
0.5026108093 
0.5023792743 
0.5021478117 
0.5019164232 
0.5016851101 
0.5014538741 
0.5012227166 
0.5009916390 
0.5007606429 
0.5005297298 
0.5002989012 
0.5000681584 
0.4998375031 
0.4996069367 
0.4993764606 
0.4991460764 
0.4989157854 
0.4986855891 
0.4984554890 
0.4982254866 
0.4979955832 
0.4977657803 
0.4975360794 
0.4973064818 
0.4970769891 
0.4968476026 
0.4966183237 
0.4963891539 
0.4961600945 
0.4959311471 
0.4957023129 
0.4954735933 
0.4952449899 
0.4950165039 
0.4947881367 
0.4945598898 
0.4943317644 
0.4941037621 
0.4938758840 
0.4936481316 
0.4936481316 
0.4934205063 
0.4931930094 
0.4929656422 
0.4927384061 
0.4925113025 
0.4922843326 
0.4920574978 
0.4918307994 
0.4916042387 
0.4913778171 
0.4911515359 
0.4909253963 
0.4906993997 
0.4904735474 
0.4902478406 
0.4900222807 
0.4897968689 
0.4895716065 
0.4893464948 
0.4891215350 
0.4888967284 
0.4886720763 
0.4884475800 
0.4882232406 
0.4879990594 
0.4877750376 
0.4875511766 
0.4873274774 
0.4871039414 
0.4868805698 
0.4866573637 
0.4864343244 
0.4862114532 
0.4859887510 
0.4857662193 
0.4855438592 
0.4853216718 
0.4850996583 
0.4848778200 
0.4846561579 
0.4844346733 
0.4842133673 
0.4839922410 
0.4837712957 
0.4835505324 
0.4833299524 
0.4831095566 
0.4828893463 
0.4826693226 
0.4824494866 
0.4822298395 
0.4820103822 
0.4817911160 
0.4815720419 
0.4813531611 
0.4811344746 
0.4809159834 
0.4806976888 
0.4804795917 
0.4802616933 
0.4800439945 
0.4798264965 
0.4796092003 
0.4793921069 
0.4791752174 
0.4789585329 
0.4787420543 
0.4785257827 
0.4783097192 
0.4780938646 
0.4778782201 
0.4776627867 
0.4774475653 
0.4772325570 
0.4770177627 
0.4768031835 
0.4765888202 
0.4763746740 
0.4761607457 
0.4759470364 
0.4757335469 
0.4755202783 
0.4753072314 
0.4750944074 
0.4748818070 
0.4746694312 
0.4744572809 
0.4742453571 
0.4740336607 
0.4738221926 
0.4736109538 
0.4733999450 
0.4731891672 
0.4729786214 
0.4727683083 
0.4725582290 
0.4723483841 
0.4721387747 
0.4719294016 
0.4719294016 
0.4717202657 
0.4715113678 
0.4713027087 
0.4710942893 
0.4708861105 
0.4706781730 
0.4704704778 
0.4702630256 
0.4700558173 
0.4698488537 
0.4696421355 
0.4694356636 
0.4692294388 
0.4690234619 
0.4688177336 
0.4686122548 
0.4684070262 
0.4682020486 
0.4679973228 
0.4677928495 
0.4675886295 
0.4673846635 
0.4671809523 
0.4669774966 
0.4667742972 
0.4665713547 
0.4663686700 
0.4661662437 
0.4659640765 
0.4657621692 
0.4655605224 
0.4653591369 
0.4651580133 
0.4649571523 
0.4647565547 
0.4645562211 
0.4643561521 
0.4641563484 
0.4639568107 
0.4637575397 
0.4635585359 
0.4633598001 
0.4631613329 
0.4629631349 
0.4627652067 
0.4625675490 
0.4623701624 
0.4621730474 
0.4619762048 
0.4617796350 
0.4615833388 
0.4613873166 
0.4611915692 
0.4609960969 
0.4608009006 
0.4606059806 
0.4604113376 
0.4602169721 
0.4600228847 
0.4598290759 
0.4596355463 
0.4594422965 
0.4592493268 
0.4590566380 
0.4588642304 
0.4586721047 
0.4584802612 
0.4582887007 
0.4580974234 
0.4579064300 
0.4577157209 
0.4575252965 
0.4573351575 
0.4571453042 
0.4569557372 
0.4567664569 
0.4565774637 
0.4563887581 
0.4562003405 
0.4560122115 
0.4558243713 
0.4556368206 
0.4554495596 
0.4552625889 
0.4550759087 
0.4548895197 
0.4547034220 
0.4545176162 
0.4543321027 
0.4541468818 
0.4539619538 
0.4537773193 
0.4535929786 
0.4534089320 
0.4532251799 
0.4530417227 
0.4528585606 
0.4526756942 
0.4524931236 
0.4524931236 
0.4523108493 
0.4521288715 
0.4519471907 
0.4517658071 
0.4515847210 
0.4514039328 
0.4512234427 
0.4510432511 
0.4508633583 
0.4506837645 
0.4505044700 
0.4503254752 
0.4501467802 
0.4499683854 
0.4497902910 
0.4496124973 
0.4494350045 
0.4492578130 
0.4490809228 
0.4489043344 
0.4487280478 
0.4485520634 
0.4483763813 
0.4482010018 
0.4480259251 
0.4478511514 
0.4476766810 
0.4475025139 
0.4473286504 
0.4471550907 
0.4469818350 
0.4468088834 
0.4466362361 
0.4464638934 
0.4462918553 
0.4461201220 
0.4459486936 
0.4457775704 
0.4456067525 
0.4454362399 
0.4452660329 
0.4450961316 
0.4449265360 
0.4447572464 
0.4445882627 
0.4444195852 
0.4442512139 
0.4440831490 
0.4439153905 
0.4437479385 
0.4435807931 
0.4434139544 
0.4432474224 
0.4430811973 
0.4429152790 
0.4427496678 
0.4425843635 
0.4424193663 
0.4422546762 
0.4420902933 
0.4419262175 
0.4417624490 
0.4415989878 
0.4414358338 
0.4412729870 
0.4411104476 
0.4409482156 
0.4407862908 
0.4406246734 
0.4404633632 
0.4403023604 
0.4401416649 
0.4399812766 
0.4398211956 
0.4396614218 
0.4395019552 
0.4393427958 
0.4391839435 
0.4390253982 
0.4388671600 
0.4387092287 
0.4385516043 
0.4383942868 
0.4382372760 
0.4380805720 
0.4379241746 
0.4377680837 
0.4376122993 
0.4374568212 
0.4373016494 
0.4371467838 
0.4369922243 
0.4368379707 
0.4366840230 
0.4365303810 
0.4363770447 
0.4362240138 
0.4360712883 
0.4359188681 
0.4359188681 
0.4357667529 
0.4356149427 
0.4354634374 
0.4353122366 
0.4351613404 
0.4350107486 
0.4348604610 
0.4347104773 
0.4345607976 
0.4344114215 
0.4342623489 
0.4341135797 
0.4339651136 
0.4338169505 
0.4336690901 
0.4335215323 
0.4333742768 
0.4332273235 
0.4330806722 
0.4329343226 
0.4327882745 
0.4326425277 
0.4324970820 
0.4323519371 
0.4322070929 
0.4320625490 
0.4319183053 
0.4317743615 
0.4316307173 
0.4314873725 
0.4313443269 
0.4312015801 
0.4310591320 
0.4309169823 
0.4307751307 
0.4306335768 
0.4304923206 
0.4303513616 
0.4302106996 
0.4300703343 
0.4299302654 
0.4297904926 
0.4296510157 
0.4295118343 
0.4293729481 
0.4292343568 
0.4290960601 
0.4289580577 
0.4288203493 
0.4286829346 
0.4285458132 
0.4284089848 
0.4282724491 
0.4281362057 
0.4280002543 
0.4278645946 
0.4277292263 
0.4275941489 
0.4274593621 
0.4273248657 
0.4271906592 
0.4270567422 
0.4269231145 
0.4267897756 
0.4266567251 
0.4265239628 
0.4263914883 
0.4262593011 
0.4261274008 
0.4259957872 
0.4258644598 
0.4257334182 
0.4256026621 
0.4254721910 
0.4253420046 
0.4252121025 
0.4250824841 
0.4249531493 
0.4248240975 
0.4246953283 
0.4245668413 
0.4244386362 
0.4243107124 
0.4241830696 
0.4240557074 
0.4239286253 
0.4238018228 
0.4236752997 
0.4235490554 
0.4234230894 
0.4232974015 
0.4231719910 
0.4230468577 
0.4229220009 
0.4227974204 
0.4226731156 
0.4225490861 
0.4224253314 
0.4223018510 
0.4223018510 
0.4221786446 
0.4220557117 
0.4219330517 
0.4218106643 
0.4216885489 
0.4215667051 
0.4214451325 
0.4213238304 
0.4212027985 
0.4210820364 
0.4209615434 
0.4208413191 
0.4207213631 
0.4206016748 
0.4204822538 
0.4203630996 
0.4202442116 
0.4201255894 
0.4200072325 
0.4198891404 
0.4197713126 
0.4196537485 
0.4195364478 
0.4194194098 
0.4193026341 
0.4191861201 
0.4190698674 
0.4189538754 
0.4188381437 
0.4187226716 
0.4186074588 
0.4184925045 
0.4183778085 
0.4182633700 
0.4181491887 
0.4180352639 
0.4179215951 
0.4178081819 
0.4176950236 
0.4175821198 
0.4174694699 
0.4173570734 
0.4172449297 
0.4171330383 
0.4170213987 
0.4169100103 
0.4167988726 
0.4166879850 
0.4165773470 
0.4164669581 
0.4163568176 
0.4162469251 
0.4161372800 
0.4160278817 
0.4159187297 
0.4158098235 
0.4157011624 
0.4155927460 
0.4154845736 
0.4153766447 
0.4152689588 
0.4151615153 
0.4150543136 
0.4149473531 
0.4148406334 
0.4147341538 
0.4146279137 
0.4145219127 
0.4144161501 
0.4143106253 
0.4142053378 
0.4141002871 
0.4139954725 
0.4138908935 
0.4137865495 
0.4136824399 
0.4135785642 
0.4134749217 
0.4133715120 
0.4132683343 
0.4131653882 
0.4130626731 
0.4129601884 
0.4128579334 
0.4127559077 
0.4126541107 
0.4125525416 
0.4124512001 
0.4123500855 
0.4122491971 
0.4121485345 
0.4120480970 
0.4119478841 
0.4118478951 
0.4117481295 
0.4116485867 
0.4115492661 
0.4114501671 
0.4113512892 
0.4113512892 
0.4112526316 
0.4111541939 
0.4110559755 
0.4109579757 
0.4108601940 
0.4107626297 
0.4106652824 
0.4105681513 
0.4104712359 
0.4103745357 
0.4102780499 
0.4101817781 
0.4100857196 
0.4099898738 
0.4098942402 
0.4097988181 
0.4097036070 
0.4096086062 
0.4095138152 
0.4094192333 
0.4093248600 
0.4092306947 
0.4091367368 
0.4090429856 
0.4089494406 
0.4088561012 
0.4087629668 
0.4086700368 
0.4085773107 
0.4084847877 
0.4083924673 
0.4083003489 
0.4082084319 
0.4081167158 
0.4080251999 
0.4079338836 
0.4078427664 
0.4077518476 
0.4076611266 
0.4075706029 
0.4074802758 
0.4073901448 
0.4073002092 
0.4072104685 
0.4071209221 
0.4070315693 
0.4069424097 
0.4068534425 
0.4067646672 
0.4066760832 
0.4065876899 
0.4064994867 
0.4064114731 
0.4063236484 
0.4062360120 
0.4061485633 
0.4060613018 
0.4059742269 
0.4058873379 
0.4058006343 
0.4057141155 
0.4056277808 
0.4055416298 
0.4054556618 
0.4053698763 
0.4052842725 
0.4051988500 
0.4051136082 
0.4050285465 
0.4049436642 
0.4048589609 
0.4047744358 
0.4046900885 
0.4046059184 
0.4045219248 
0.4044381072 
0.4043544650 
0.4042709975 
0.4041877044 
0.4041045848 
0.4040216384 
0.4039388644 
0.4038562623 
0.4037738316 
0.4036915716 
0.4036094818 
0.4035275615 
0.4034458103 
0.4033642275 
0.4032828126 
0.4032015650 
0.4031204841 
0.4030395693 
0.4029588201 
0.4028782359 
0.4027978161 
0.4027175601 
0.4026374675 
0.4025575375 
0.4025575375 
0.4024777697 
0.4023981635 
0.4023187182 
0.4022394334 
0.4021603085 
0.4020813429 
0.4020025360 
0.4019238873 
0.4018453962 
0.4017670622 
0.4016888847 
0.4016108630 
0.4015329968 
0.4014552854 
0.4013777282 
0.4013003247 
0.4012230744 
0.4011459766 
0.4010690309 
0.4009922366 
0.4009155933 
0.4008391003 
0.4007627571 
0.4006865632 
0.4006105181 
0.4005346210 
0.4004588716 
0.4003832693 
0.4003078135 
0.4002325037 
0.4001573393 
0.4000823198 
0.4000074446 
0.3999327132 
0.3998581251 
0.3997836797 
0.3997093765 
0.3996352150 
0.3995611945 
0.3994873146 
0.3994135748 
0.3993399744 
0.3992665130 
0.3991931901 
0.3991200050 
0.3990469573 
0.3989740465 
0.3989012720 
0.3988286332 
0.3987561297 
0.3986837609 
0.3986115263 
0.3985394254 
0.3984674577 
0.3983956226 
0.3983239196 
0.3982523482 
0.3981809079 
0.3981095981 
0.3980384183 
0.3979673681 
0.3978964469 
0.3978256541 
0.3977549894 
0.3976844521 
0.3976140417 
0.3975437578 
0.3974735998 
0.3974035673 
0.3973336596 
0.3972638764 
0.3971942171 
0.3971246812 
0.3970552681 
0.3969859775 
0.3969168087 
0.3968477614 
0.3967788349 
0.3967100288 
0.3966413426 
0.3965727759 
0.3965043280 
0.3964359985 
0.3963677869 
0.3962996928 
0.3962317156 
0.3961638548 
0.3960961100 
0.3960284807 
0.3959609663 
0.3958935664 
0.3958262806 
0.3957591082 
0.3956920489 
0.3956251021 
0.3955582675 
0.3954915444 
0.3954249324 
0.3953584310 
0.3953584310 
0.3952920399 
0.3952257583 
0.3951595861 
0.3950935225 
0.3950275672 
0.3949617197 
0.3948959795 
0.3948303461 
0.3947648192 
0.3946993981 
0.3946340825 
0.3945688719 
0.3945037657 
0.3944387636 
0.3943738652 
0.3943090698 
0.3942443771 
0.3941797866 
0.3941152978 
0.3940509103 
0.3939866236 
0.3939224374 
0.3938583510 
0.3937943641 
0.3937304762 
0.3936666868 
0.3936029956 
0.3935394020 
0.3934759056 
0.3934125060 
0.3933492027 
0.3932859952 
0.3932228832 
0.3931598661 
0.3930969436 
0.3930341151 
0.3929713803 
0.3929087387 
0.3928461899 
0.3927837334 
0.3927213688 
0.3926590956 
0.3925969135 
0.3925348219 
0.3924728205 
0.3924109088 
0.3923490864 
0.3922873528 
0.3922257076 
0.3921641505 
0.3921026809 
0.3920412984 
0.3919800026 
0.3919187932 
0.3918576695 
0.3917966313 
0.3917356782 
0.3916748096 
0.3916140251 
0.3915533245 
0.3914927071 
0.3914321727 
0.3913717207 
0.3913113508 
0.3912510626 
0.3911908557 
0.3911307295 
0.3910706838 
0.3910107180 
0.3909508319 
0.3908910249 
0.3908312968 
0.3907716469 
0.3907120751 
0.3906525807 
0.3905931635 
0.3905338231 
0.3904745590 
0.3904153708 
0.3903562581 
0.3902972205 
0.3902382577 
0.3901793692 
0.3901205546 
0.3900618135 
0.3900031455 
0.3899445503 
0.3898860274 
0.3898275764 
0.3897691969 
0.3897108886 
0.3896526511 
0.3895944839 
0.3895363866 
0.3894783589 
0.3894204005 
0.3893625108 
0.3893046895 
0.3892469362 
0.3892469362 
0.3891892506 
0.3891316322 
0.3890740806 
0.3890165955 
0.3889591766 
0.3889018233 
0.3888445353 
0.3887873123 
0.3887301538 
0.3886730596 
0.3886160291 
0.3885590620 
0.3885021580 
0.3884453166 
0.3883885376 
0.3883318204 
0.3882751648 
0.3882185703 
0.3881620367 
0.3881055634 
0.3880491502 
0.3879927967 
0.3879365024 
0.3878802671 
0.3878240904 
0.3877679718 
0.3877119111 
0.3876559079 
0.3875999617 
0.3875440722 
0.3874882391 
0.3874324620 
0.3873767406 
0.3873210744 
0.3872654631 
0.3872099063 
0.3871544038 
0.3870989550 
0.3870435598 
0.3869882176 
0.3869329282 
0.3868776911 
0.3868225061 
0.3867673728 
0.3867122908 
0.3866572597 
0.3866022793 
0.3865473491 
0.3864924688 
0.3864376381 
0.3863828566 
0.3863281239 
0.3862734397 
0.3862188037 
0.3861642155 
0.3861096747 
0.3860551811 
0.3860007342 
0.3859463337 
0.3858919793 
0.3858376706 
0.3857834073 
0.3857291890 
0.3856750154 
0.3856208862 
0.3855668010 
0.3855127594 
0.3854587612 
0.3854048060 
0.3853508934 
0.3852970232 
0.3852431949 
0.3851894083 
0.3851356629 
0.3850819586 
0.3850282948 
0.3849746714 
0.3849210879 
0.3848675441 
0.3848140396 
0.3847605741 
0.3847071472 
0.3846537586 
0.3846004080 
0.3845470951 
0.3844938194 
0.3844405808 
0.3843873789 
0.3843342133 
0.3842810838 
0.3842279899 
0.3841749315 
0.3841219081 
0.3840689194 
0.3840159652 
0.3839630450 
0.3839101586 
0.3838573057 
0.3838044859 
0.3838044859 
0.3837516989 
0.3836989445 
0.3836462222 
0.3835935318 
0.3835408730 
0.3834882454 
0.3834356488 
0.3833830827 
0.3833305470 
0.3832780413 
0.3832255653 
0.3831731187 
0.3831207011 
0.3830683123 
0.3830159520 
0.3829636198 
0.3829113155 
0.3828590387 
0.3828067892 
0.3827545666 
0.3827023707 
0.3826502011 
0.3825980575 
0.3825459397 
0.3824938473 
0.3824417801 
0.3823897377 
0.3823377199 
0.3822857263 
0.3822337567 
0.3821818108 
0.3821298883 
0.3820779888 
0.3820261122 
0.3819742581 
0.3819224262 
0.3818706162 
0.3818188279 
0.3817670609 
0.3817153150 
0.3816635900 
0.3816118854 
0.3815602011 
0.3815085367 
0.3814568920 
0.3814052667 
0.3813536605 
0.3813020731 
0.3812505043 
0.3811989538 
0.3811474213 
0.3810959066 
0.3810444093 
0.3809929292 
0.3809414661 
0.3808900196 
0.3808385895 
0.3807871756 
0.3807357775 
0.3806843950 
0.3806330278 
0.3805816757 
0.3805303384 
0.3804790157 
0.3804277073 
0.3803764129 
0.3803251323 
0.3802738652 
0.3802226113 
0.3801713705 
0.3801201425 
0.3800689270 
0.3800177237 
0.3799665325 
0.3799153530 
0.3798641850 
0.3798130284 
0.3797618827 
0.3797107479 
0.3796596236 
0.3796085096 
0.3795574057 
0.3795063117 
0.3794552272 
0.3794041521 
0.3793530861 
0.3793020291 
0.3792509807 
0.3791999407 
0.3791489090 
0.3790978852 
0.3790468692 
0.3789958607 
0.3789448596 
0.3788938655 
0.3788428783 
0.3787918978 
0.3787409237 
0.3786899558 
0.3786899558 
0.3786389939 
0.3785880378 
0.3785370873 
0.3784861421 
0.3784352021 
0.3783842671 
0.3783333368 
0.3782824110 
0.3782314896 
0.3781805723 
0.3781296589 
0.3780787493 
0.3780278432 
0.3779769405 
0.3779260409 
0.3778751443 
0.3778242504 
0.3777733591 
0.3777224702 
0.3776715834 
0.3776206987 
0.3775698158 
0.3775189346 
0.3774680548 
0.3774171764 
0.3773662990 
0.3773154225 
0.3772645469 
0.3772136718 
0.3771627971 
0.3771119227 
0.3770610483 
0.3770101739 
0.3769592992 
0.3769084240 
0.3768575483 
0.3768066719 
0.3767557946 
0.3767049162 
0.3766540366 
0.3766031557 
0.3765522732 
0.3765013891 
0.3764505032 
0.3763996153 
0.3763487253 
0.3762978330 
0.3762469384 
0.3761960413 
0.3761451415 
0.3760942389 
0.3760433333 
0.3759924247 
0.3759415129 
0.3758905978 
0.3758396792 
0.3757887570 
0.3757378311 
0.3756869014 
0.3756359678 
0.3755850300 
0.3755340881 
0.3754831419 
0.3754321913 
0.3753812362 
0.3753302764 
0.3752793118 
0.3752283425 
0.3751773681 
0.3751263888 
0.3750754042 
0.3750244144 
0.3749734193 
0.3749224186 
0.3748714125 
0.3748204007 
0.3747693832 
0.3747183598 
0.3746673306 
0.3746162954 
0.3745652541 
0.3745142066 
0.3744631530 
0.3744120930 
0.3743610266 
0.3743099537 
0.3742588744 
0.3742077884 
0.3741566958 
0.3741055964 
0.3740544902 
0.3740033772 
0.3739522572 
0.3739011302 
0.3738499962 
0.3737988551 
0.3737477068 
0.3736965514 
0.3736453887 
0.3736453887 
0.3735942186 
0.3735430412 
0.3734918565 
0.3734406642 
0.3733894645 
0.3733382573 
0.3732870425 
0.3732358201 
0.3731845901 
0.3731333525 
0.3730821071 
0.3730308540 
0.3729795932 
0.3729283246 
0.3728770482 
0.3728257640 
0.3727744719 
0.3727231720 
0.3726718642 
0.3726205485 
0.3725692250 
0.3725178935 
0.3724665541 
0.3724152068 
0.3723638515 
0.3723124883 
0.3722611172 
0.3722097381 
0.3721583511 
0.3721069562 
0.3720555533 
0.3720041426 
0.3719527239 
0.3719012973 
0.3718498628 
0.3717984204 
0.3717469702 
0.3716955121 
0.3716440462 
0.3715925725 
0.3715410911 
0.3714896018 
0.3714381048 
0.3713866002 
0.3713350878 
0.3712835678 
0.3712320402 
0.3711805050 
0.3711289623 
0.3710774120 
0.3710258543 
0.3709742892 
0.3709227166 
0.3708711368 
0.3708195496 
0.3707679552 
0.3707163536 
0.3706647448 
0.3706131289 
0.3705615060 
0.3705098761 
0.3704582393 
0.3704065956 
0.3703549451 
0.3703032878 
0.3702516238 
0.3701999532 
0.3701482761 
0.3700965924 
0.3700449023 
0.3699932059 
0.3699415032 
0.3698897943 
0.3698380792 
0.3697863581 
0.3697346310 
0.3696828980 
0.3696311592 
0.3695794146 
0.3695276644 
0.3694759086 
0.3694241474 
0.3693723807 
0.3693206088 
0.3692688316 
0.3692170493 
0.3691652620 
0.3691134697 
0.3690616726 
0.3690098708 
0.3689580643 
0.3689062533 
0.3688544378 
0.3688026180 
0.3687507940 
0.3686989658 
0.3686471337 
0.3685952976 
0.3685434577 
0.3685434577 
0.3684916141 
0.3684397670 
0.3683879163 
0.3683360624 
0.3682842051 
0.3682323448 
0.3681804815 
0.3681286152 
0.3680767463 
0.3680248746 
0.3679730005 
0.3679211240 
0.3678692452 
0.3678173642 
0.3677654813 
0.3677135964 
0.3676617098 
0.3676098216 
0.3675579319 
0.3675060408 
0.3674541485 
0.3674022551 
0.3673503608 
0.3672984656 
0.3672465697 
0.3671946733 
0.3671427766 
0.3670908795 
0.3670389823 
0.3669870852 
0.3669351882 
0.3668832916 
0.3668313954 
0.3667794998 
0.3667276050 
0.3666757111 
0.3666238182 
0.3665719265 
0.3665200362 
0.3664681475 
0.3664162603 
0.3663643750 
0.3663124917 
0.3662606105 
0.3662087316 
0.3661568552 
0.3661049813 
0.3660531102 
0.3660012421 
0.3659493770 
0.3658975152 
0.3658456568 
0.3657938019 
0.3657419508 
0.3656901036 
0.3656382605 
0.3655864216 
0.3655345871 
0.3654827571 
0.3654309320 
0.3653791117 
0.3653272965 
0.3652754865 
0.3652236820 
0.3651718830 
0.3651200898 
0.3650683026 
0.3650165214 
0.3649647466 
0.3649129782 
0.3648612164 
0.3648094615 
0.3647577135 
0.3647059727 
0.3646542392 
0.3646025133 
0.3645507950 
0.3644990847 
0.3644473824 
0.3643956883 
0.3643440027 
0.3642923256 
0.3642406573 
0.3641889980 
0.3641373479 
0.3640857071 
0.3640340758 
0.3639824542 
0.3639308424 
0.3638792408 
0.3638276494 
0.3637760684 
0.3637244981 
0.3636729385 
0.3636213900 
0.3635698527 
0.3635183267 
0.3634668123 
0.3634153096 
0.3634153096 
0.3633638189 
0.3633123403 
0.3632608740 
0.3632094202 
0.3631579791 
0.3631065509 
0.3630551357 
0.3630037339 
0.3629523455 
0.3629009707 
0.3628496098 
0.3627982629 
0.3627469302 
0.3626956119 
0.3626443082 
0.3625930194 
0.3625417455 
0.3624904868 
0.3624392434 
0.3623880157 
0.3623368037 
0.3622856076 
0.3622344277 
0.3621832642 
0.3621321171 
0.3620809868 
0.3620298734 
0.3619787772 
0.3619276982 
0.3618766367 
0.3618255930 
0.3617745671 
0.3617235593 
0.3616725698 
0.3616215988 
0.3615706464 
0.3615197129 
0.3614687984 
0.3614179032 
0.3613670274 
0.3613161713 
0.3612653350 
0.3612145188 
0.3611637227 
0.3611129471 
0.3610621921 
0.3610114579 
0.3609607447 
0.3609100526 
0.3608593820 
0.3608087329 
0.3607581056 
0.3607075003 
0.3606569172 
0.3606063563 
0.3605558181 
0.3605053026 
0.3604548100 
0.3604043405 
0.3603538944 
0.3603034717 
0.3602530728 
0.3602026978 
0.3601523468 
0.3601020202 
0.3600517180 
0.3600014404 
0.3599511877 
0.3599009601 
0.3598507577 
0.3598005807 
0.3597504294 
0.3597003038 
0.3596502043 
0.3596001309 
0.3595500840 
0.3595000635 
0.3594500699 
0.3594001032 
0.3593501636 
0.3593002513 
0.3592503666 
0.3592005095 
0.3591506804 
0.3591008793 
0.3590511064 
0.3590013620 
0.3589516463 
0.3589019593 
0.3588523014 
0.3588026726 
0.3587530732 
0.3587035034 
0.3586539633 
0.3586044532 
0.3585549731 
0.3585055234 
0.3584561041 
0.3584067154 
0.3584067154 
0.3583573577 
0.3583080309 
0.3582587353 
0.3582094711 
0.3581602385 
0.3581110376 
0.3580618687 
0.3580127318 
0.3579636273 
0.3579145552 
0.3578655157 
0.3578165090 
0.3577675354 
0.3577185949 
0.3576696877 
0.3576208141 
0.3575719742 
0.3575231681 
0.3574743961 
0.3574256583 
0.3573769549 
0.3573282861 
0.3572796520 
0.3572310528 
0.3571824887 
0.3571339599 
0.3570854665 
0.3570370087 
0.3569885866 
0.3569402005 
0.3568918505 
0.3568435368 
0.3567952595 
0.3567470188 
0.3566988148 
0.3566506479 
0.3566025180 
0.3565544254 
0.3565063702 
0.3564583526 
0.3564103728 
0.3563624310 
0.3563145272 
0.3562666616 
0.3562188345 
0.3561710460 
0.3561232961 
0.3560755852 
0.3560279133 
0.3559802807 
0.3559326874 
0.3558851336 
0.3558376195 
0.3557901452 
0.3557427110 
0.3556953169 
0.3556479631 
0.3556006497 
0.3555533770 
0.3555061451 
0.3554589540 
0.3554118040 
0.3553646953 
0.3553176279 
0.3552706020 
0.3552236178 
0.3551766754 
0.3551297750 
0.3550829167 
0.3550361007 
0.3549893271 
0.3549425960 
0.3548959076 
0.3548492621 
0.3548026595 
0.3547561001 
0.3547095839 
0.3546631112 
0.3546166820 
0.3545702965 
0.3545239548 
0.3544776571 
0.3544314036 
0.3543851942 
0.3543390293 
0.3542929089 
0.3542468331 
0.3542008022 
0.3541548162 
0.3541088752 
0.3540629795 
0.3540171290 
0.3539713241 
0.3539255647 
0.3538798511 
0.3538341833 
0.3537885615 
0.3537429858 
0.3536974564 
0.3536974564 
0.3536519733 
0.3536065367 
0.3535611468 
0.3535158036 
0.3534705073 
0.3534252580 
0.3533800558 
0.3533349008 
0.3532897933 
0.3532447332 
0.3531997207 
0.3531547560 
0.3531098391 
0.3530649701 
0.3530201493 
0.3529753767 
0.3529306524 
0.3528859765 
0.3528413492 
0.3527967706 
0.3527522407 
0.3527077598 
0.3526633278 
0.3526189450 
0.3525746114 
0.3525303272 
0.3524860924 
0.3524419072 
0.3523977716 
0.3523536859 
0.3523096500 
0.3522656641 
0.3522217283 
0.3521778427 
0.3521340075 
0.3520902226 
0.3520464883 
0.3520028046 
0.3519591716 
0.3519155895 
0.3518720583 
0.3518285781 
0.3517851490 
0.3517417712 
0.3516984446 
0.3516551695 
0.3516119459 
0.3515687739 
0.3515256537 
0.3514825852 
0.3514395686 
0.3513966040 
0.3513536915 
0.3513108312 
0.3512680231 
0.3512252674 
0.3511825641 
0.3511399134 
0.3510973152 
0.3510547698 
0.3510122772 
0.3509698374 
0.3509274507 
0.3508851169 
0.3508428363 
0.3508006090 
0.3507584349 
0.3507163142 
0.3506742470 
0.3506322333 
0.3505902733 
0.3505483669 
0.3505065144 
0.3504647157 
0.3504229709 
0.3503812802 
0.3503396436 
0.3502980611 
0.3502565328 
0.3502150589 
0.3501736394 
0.3501322743 
0.3500909638 
0.3500497079 
0.3500085067 
0.3499673602 
0.3499262685 
0.3498852317 
0.3498442499 
0.3498033230 
0.3497624513 
0.3497216347 
0.3496808734 
0.3496401673 
0.3495995166 
0.3495589212 
0.3495183814 
0.3494778971 
0.3494374684 
0.3494374684 
0.3493970953 
0.3493567780 
0.3493165164 
0.3492763107 
0.3492361609 
0.3491960670 
0.3491560291 
0.3491160473 
0.3490761216 
0.3490362521 
0.3489964388 
0.3489566818 
0.3489169812 
0.3488773369 
0.3488377490 
0.3487982177 
0.3487587429 
0.3487193247 
0.3486799631 
0.3486406582 
0.3486014100 
0.3485622186 
0.3485230841 
0.3484840064 
0.3484449857 
0.3484060219 
0.3483671151 
0.3483282654 
0.3482894728 
0.3482507373 
0.3482120589 
0.3481734379 
0.3481348740 
0.3480963675 
0.3480579183 
0.3480195264 
0.3479811920 
0.3479429151 
0.3479046956 
0.3478665337 
0.3478284293 
0.3477903825 
0.3477523933 
0.3477144618 
0.3476765880 
0.3476387719 
0.3476010136 
0.3475633130 
0.3475256703 
0.3474880854 
0.3474505584 
0.3474130893 
0.3473756782 
0.3473383250 
0.3473010298 
0.3472637926 
0.3472266135 
0.3471894924 
0.3471524294 
0.3471154245 
0.3470784778 
0.3470415892 
0.3470047588 
0.3469679867 
0.3469312727 
0.3468946170 
0.3468580195 
0.3468214804 
0.3467849995 
0.3467485770 
0.3467122128 
0.3466759070 
0.3466396595 
0.3466034704 
0.3465673398 
0.3465312675 
0.3464952537 
0.3464592983 
0.3464234014 
0.3463875630 
0.3463517831 
0.3463160616 
0.3462803987 
0.3462447942 
0.3462092483 
0.3461737610 
0.3461383322 
0.3461029619 
0.3460676502 
0.3460323971 
0.3459972025 
0.3459620666 
0.3459269892 
0.3458919704 
0.3458570102 
0.3458221086 
0.3457872656 
0.3457524812 
0.3457177555 
0.3457177555 
0.3456830883 
0.3456484798 
0.3456139298 
0.3455794385 
0.3455450058 
0.3455106317 
0.3454763162 
0.3454420594 
0.3454078611 
0.3453737215 
0.3453396404 
0.3453056180 
0.3452716541 
0.3452377488 
0.3452039021 
0.3451701140 
0.3451363845 
0.3451027135 
0.3450691011 
0.3450355473 
0.3450020520 
0.3449686152 
0.3449352369 
0.3449019172 
0.3448686560 
0.3448354533 
0.3448023090 
0.3447692232 
0.3447361959 
0.3447032271 
0.3446703166 
0.3446374646 
0.3446046711 
0.3445719359 
0.3445392590 
0.3445066406 
0.3444740805 
0.3444415787 
0.3444091353 
0.3443767501 
0.3443444233 
0.3443121547 
0.3442799443 
0.3442477922 
0.3442156983 
0.3441836626 
0.3441516851 
0.3441197657 
0.3440879044 
0.3440561012 
0.3440243562 
0.3439926692 
0.3439610402 
0.3439294693 
0.3438979563 
0.3438665013 
0.3438351043 
0.3438037652 
0.3437724840 
0.3437412607 
0.3437100952 
0.3436789875 
0.3436479377 
0.3436169456 
0.3435860112 
0.3435551346 
0.3435243156 
0.3434935543 
0.3434628506 
0.3434322046 
0.3434016161 
0.3433710851 
0.3433406116 
0.3433101957 
0.3432798371 
0.3432495360 
0.3432192923 
0.3431891059 
0.3431589768 
0.3431289050 
0.3430988905 
0.3430689331 
0.3430390330 
0.3430091900 
0.3429794041 
0.3429496753 
0.3429200036 
0.3428903888 
0.3428608311 
0.3428313302 
0.3428018863 
0.3427724992 
0.3427431689 
0.3427138955 
0.3426846787 
0.3426555187 
0.3426264153 
0.3425973686 
0.3425683785 
0.3425683785 
0.3425394449 
0.3425105678 
0.3424817472 
0.3424529830 
0.3424242752 
0.3423956238 
0.3423670286 
0.3423384898 
0.3423100071 
0.3422815806 
0.3422532102 
0.3422248960 
0.3421966378 
0.3421684355 
0.3421402893 
0.3421121989 
0.3420841644 
0.3420561858 
0.3420282629 
0.3420003957 
0.3419725843 
0.3419448284 
0.3419171282 
0.3418894835 
0.3418618943 
0.3418343606 
0.3418068822 
0.3417794592 
0.3417520915 
0.3417247791 
0.3416975219 
0.3416703198 
0.3416431729 
0.3416160810 
0.3415890441 
0.3415620622 
0.3415351352 
0.3415082631 
0.3414814457 
0.3414546831 
0.3414279753 
0.3414013220 
0.3413747234 
0.3413481793 
0.3413216898 
0.3412952546 
0.3412688739 
0.3412425475 
0.3412162754 
0.3411900575 
0.3411638938 
0.3411377842 
0.3411117287 
0.3410857272 
0.3410597796 
0.3410338860 
0.3410080462 
0.3409822602 
0.3409565279 
0.3409308493 
0.3409052244 
0.3408796530 
0.3408541351 
0.3408286707 
0.3408032597 
0.3407779020 
0.3407525976 
0.3407273465 
0.3407021484 
0.3406770036 
0.3406519117 
0.3406268729 
0.3406018870 
0.3405769539 
0.3405520737 
0.3405272462 
0.3405024715 
0.3404777493 
0.3404530798 
0.3404284628 
0.3404038982 
0.3403793860 
0.3403549262 
0.3403305186 
0.3403061632 
0.3402818600 
0.3402576089 
0.3402334098 
0.3402092627 
0.3401851675 
0.3401611241 
0.3401371326 
0.3401131927 
0.3400893045 
0.3400654679 
0.3400416828 
0.3400179492 
0.3399942670 
0.3399706361 
0.3399706361 
0.3399470565 
0.3399235281 
0.3399000508 
0.3398766247 
0.3398532495 
0.3398299254 
0.3398066521 
0.3397834296 
0.3397602579 
0.3397371369 
0.3397140665 
0.3396910466 
0.3396680773 
0.3396451584 
0.3396222899 
0.3395994716 
0.3395767036 
0.3395539858 
0.3395313180 
0.3395087003 
0.3394861326 
0.3394636147 
0.3394411467 
0.3394187284 
0.3393963598 
0.3393740409 
0.3393517715 
0.3393295516 
0.3393073811 
0.3392852600 
0.3392631881 
0.3392411655 
0.3392191920 
0.3391972676 
0.3391753922 
0.3391535657 
0.3391317881 
0.3391100593 
0.3390883792 
0.3390667478 
0.3390451649 
0.3390236306 
0.3390021447 
0.3389807072 
0.3389593180 
0.3389379770 
0.3389166842 
0.3388954395 
0.3388742427 
0.3388530940 
0.3388319931 
0.3388109400 
0.3387899346 
0.3387689769 
0.3387480667 
0.3387272041 
0.3387063889 
0.3386856211 
0.3386649005 
0.3386442272 
0.3386236010 
0.3386030219 
0.3385824898 
0.3385620045 
0.3385415662 
0.3385211746 
0.3385008297 
0.3384805314 
0.3384602796 
0.3384400743 
0.3384199155 
0.3383998029 
0.3383797366 
0.3383597164 
0.3383397423 
0.3383198142 
0.3382999321 
0.3382800958 
0.3382603053 
0.3382405605 
0.3382208614 
0.3382012077 
0.3381815996 
0.3381620368 
0.3381425193 
0.3381230471 
0.3381036200 
0.3380842380 
0.3380649010 
0.3380456090 
0.3380263617 
0.3380071592 
0.3379880014 
0.3379688882 
0.3379498194 
0.3379307952 
0.3379118152 
0.3378928796 
0.3378739881 
0.3378739881 
0.3378551407 
0.3378363374 
0.3378175780 
0.3377988624 
0.3377801907 
0.3377615626 
0.3377429781 
0.3377244372 
0.3377059397 
0.3376874856 
0.3376690747 
0.3376507070 
0.3376323824 
0.3376141009 
0.3375958622 
0.3375776665 
0.3375595134 
0.3375414031 
0.3375233353 
0.3375053100 
0.3374873272 
0.3374693866 
0.3374514883 
0.3374336322 
0.3374158181 
0.3373980460 
0.3373803157 
0.3373626272 
0.3373449805 
0.3373273753 
0.3373098117 
0.3372922895 
0.3372748086 
0.3372573690 
0.3372399705 
0.3372226131 
0.3372052966 
0.3371880211 
0.3371707863 
0.3371535921 
0.3371364386 
0.3371193256 
0.3371022530 
0.3370852207 
0.3370682286 
0.3370512766 
0.3370343646 
0.3370174925 
0.3370006603 
0.3369838678 
0.3369671149 
0.3369504015 
0.3369337276 
0.3369170930 
0.3369004976 
0.3368839414 
0.3368674242 
0.3368509459 
0.3368345064 
0.3368181057 
0.3368017435 
0.3367854199 
0.3367691347 
0.3367528878 
0.3367366791 
0.3367205085 
0.3367043759 
0.3366882812 
0.3366722242 
0.3366562049 
0.3366402232 
0.3366242789 
0.3366083720 
0.3365925023 
0.3365766698 
0.3365608742 
0.3365451156 
0.3365293937 
0.3365137086 
0.3364980600 
0.3364824478 
0.3364668720 
0.3364513325 
0.3364358290 
0.3364203615 
0.3364049299 
0.3363895341 
0.3363741739 
0.3363588493 
0.3363435600 
0.3363283061 
0.3363130873 
0.3362979035 
0.3362827547 
0.3362676407 
0.3362525614 
0.3362375166 
0.3362225063 
0.3362075303 
0.3362075303 
0.3361925884 
0.3361776807 
0.3361628068 
0.3361479668 
0.3361331605 
0.3361183877 
0.3361036483 
0.3360889422 
0.3360742693 
0.3360596294 
0.3360450224 
0.3360304482 
0.3360159066 
0.3360013975 
0.3359869208 
0.3359724763 
0.3359580639 
0.3359436834 
0.3359293347 
0.3359150178 
0.3359007323 
0.3358864783 
0.3358722555 
0.3358580638 
0.3358439031 
0.3358297732 
0.3358156740 
0.3358016053 
0.3357875671 
0.3357735590 
0.3357595811 
0.3357456331 
0.3357317149 
0.3357178264 
0.3357039673 
0.3356901376 
0.3356763371 
0.3356625656 
0.3356488230 
0.3356351092 
0.3356214239 
0.3356077670 
0.3355941384 
0.3355805378 
0.3355669653 
0.3355534205 
0.3355399033 
0.3355264135 
0.3355129511 
0.3354995158 
0.3354861074 
0.3354727258 
0.3354593709 
0.3354460424 
0.3354327402 
0.3354194642 
0.3354062141 
0.3353929897 
0.3353797910 
0.3353666177 
0.3353534696 
0.3353403467 
0.3353272486 
0.3353141753 
0.3353011265 
0.3352881021 
0.3352751019 
0.3352621257 
0.3352491733 
0.3352362445 
0.3352233392 
0.3352104572 
0.3351975983 
0.3351847622 
0.3351719489 
0.3351591581 
0.3351463897 
0.3351336433 
0.3351209190 
0.3351082163 
0.3350955353 
0.3350828756 
0.3350702370 
0.3350576195 
0.3350450227 
0.3350324465 
0.3350198906 
0.3350073550 
0.3349948393 
0.3349823433 
0.3349698670 
0.3349574100 
0.3349449721 
0.3349325532 
0.3349201530 
0.3349077713 
0.3348954080 
0.3348830628 
0.3348707354 
0.3348707354 
0.3348584257 
0.3348461335 
0.3348338586 
0.3348216006 
0.3348093595 
0.3347971350 
0.3347849269 
0.3347727349 
0.3347605588 
0.3347483985 
0.3347362536 
0.3347241240 
0.3347120095 
0.3346999097 
0.3346878245 
0.3346757537 
0.3346636971 
0.3346516543 
0.3346396251 
0.3346276095 
0.3346156070 
0.3346036174 
0.3345916406 
0.3345796763 
0.3345677243 
0.3345557842 
0.3345438560 
0.3345319393 
0.3345200339 
0.3345081395 
0.3344962559 
0.3344843830 
0.3344725203 
0.3344606677 
0.3344488250 
0.3344369918 
0.3344251680 
0.3344133533 
0.3344015474 
0.3343897501 
0.3343779611 
0.3343661802 
0.3343544072 
0.3343426417 
0.3343308836 
0.3343191325 
0.3343073882 
0.3342956505 
0.3342839190 
0.3342721937 
0.3342604740 
0.3342487599 
0.3342370511 
0.3342253472 
0.3342136481 
0.3342019534 
0.3341902629 
0.3341785764 
0.3341668935 
0.3341552141 
0.3341435377 
0.3341318643 
0.3341201934 
0.3341085249 
0.3340968584 
0.3340851938 
0.3340735306 
0.3340618687 
0.3340502078 
0.3340385475 
0.3340268877 
0.3340152281 
0.3340035684 
0.3339919082 
0.3339802474 
0.3339685856 
0.3339569226 
0.3339452582 
0.3339335919 
0.3339219236 
0.3339102530 
0.3338985797 
0.3338869036 
0.3338752243 
0.3338635415 
0.3338518550 
0.3338401645 
0.3338284698 
0.3338167704 
0.3338050662 
0.3337933569 
0.3337816421 
0.3337699216 
0.3337581952 
0.3337464625 
0.3337347232 
0.3337229771 
0.3337112239 
0.3336994633 
0.3336994633 
0.3336876951 
0.3336759188 
0.3336641343 
0.3336523413 
0.3336405394 
0.3336287285 
0.3336169081 
0.3336050781 
0.3335932381 
0.3335813879 
0.3335695271 
0.3335576556 
0.3335457729 
0.3335338789 
0.3335219732 
0.3335100556 
0.3334981257 
0.3334861833 
0.3334742282 
0.3334622599 
0.3334502783 
0.3334382830 
0.3334262738 
0.3334142504 
0.3334022125 
0.3333901598 
0.3333780921 
0.3333660090 
0.3333539103 
0.3333417957 
0.3333296649 
0.3333175176 
0.3333053536 
0.3332931726 
0.3332809743 
0.3332687584 
0.3332565247 
0.3332442728 
0.3332320026 
0.3332197136 
0.3332074057 
0.3331950786 
0.3331827320 
0.3331703655 
0.3331579791 
0.3331455723 
0.3331331449 
0.3331206966 
0.3331082272 
0.3330957365 
0.3330832240 
0.3330706896 
0.3330581330 
0.3330455539 
0.3330329521 
0.3330203273 
0.3330076792 
0.3329950076 
0.3329823122 
0.3329695928 
0.3329568491 
0.3329440808 
0.3329312876 
0.3329184694 
0.3329056259 
0.3328927568 
0.3328798618 
0.3328669407 
0.3328539933 
0.3328410194 
0.3328280185 
0.3328149906 
0.3328019353 
0.3327888525 
0.3327757418 
0.3327626031 
0.3327494361 
0.3327362405 
0.3327230161 
0.3327097627 
0.3326964801 
0.3326831679 
0.3326698260 
0.3326564542 
0.3326430522 
0.3326296197 
0.3326161567 
0.3326026627 
0.3325891377 
0.3325755813 
0.3325619934 
0.3325483737 
0.3325347220 
0.3325210382 
0.3325073219 
0.3324935730 
0.3324797913 
0.3324659765 
0.3324521285 
0.3324521285 
0.3324382470 
0.3324243318 
0.3324103828 
0.3323963996 
0.3323823822 
0.3323683304 
0.3323542438 
0.3323401224 
0.3323259659 
0.3323117742 
0.3322975470 
0.3322832842 
0.3322689855 
0.3322546509 
0.3322402800 
0.3322258728 
0.3322114291 
0.3321969486 
0.3321824312 
0.3321678767 
0.3321532850 
0.3321386559 
0.3321239892 
0.3321092847 
0.3320945424 
0.3320797619 
0.3320649432 
0.3320500861 
0.3320351905 
0.3320202561 
0.3320052829 
0.3319902707 
0.3319752194 
0.3319601287 
0.3319449986 
0.3319298288 
0.3319146194 
0.3318993701 
0.3318840807 
0.3318687513 
0.3318533816 
0.3318379714 
0.3318225208 
0.3318070294 
0.3317914973 
0.3317759243 
0.3317603103 
0.3317446551 
0.3317289587 
0.3317132209 
0.3316974417 
0.3316816208 
0.3316657583 
0.3316498539 
0.3316339077 
0.3316179195 
0.3316018891 
0.3315858165 
0.3315697017 
0.3315535445 
0.3315373448 
0.3315211025 
0.3315048176 
0.3314884899 
0.3314721195 
0.3314557061 
0.3314392498 
0.3314227504 
0.3314062079 
0.3313896222 
0.3313729933 
0.3313563210 
0.3313396053 
0.3313228462 
0.3313060436 
0.3312891974 
0.3312723076 
0.3312553741 
0.3312383968 
0.3312213758 
0.3312043109 
0.3311872022 
0.3311700495 
0.3311528529 
0.3311356123 
0.3311183276 
0.3311009989 
0.3310836261 
0.3310662091 
0.3310487480 
0.3310312426 
0.3310136931 
0.3309960993 
0.3309784613 
0.3309607789 
0.3309430523 
0.3309252814 
0.3309074661 
0.3308896065 
0.3308896065 
