0.3886716078 1
0.3863342752 1
0.3791656245 1
0.3772067688 1
0.3765660040 1
0.3763243542 1
0.3762144907 1
0.3761428295 1
0.3760729746 1
0.3759902450 1
0.3758887682 1
0.3757662958 1
0.3756220215 1
0.3754556408 1
0.3752669320 1
0.3750555601 1
0.3748209749 1
0.3745623483 1
0.3742785265 1
0.3739679873 1
0.3736287967 1
0.3732585606 1
0.3728543712 1
0.3724127455 1
0.3719295543 1
0.3713999406 1
0.3708182266 1
0.3701778084 1
0.3694710373 1
0.3686890907 1
0.3678218322 1
0.3668576669 1
0.3657833969 1
0.3645840887 1
0.3632429642 1
0.3617413370 1
0.3600586152 1
0.3581724011 1
0.3560587204 1
0.3536924117 1
0.3510477080 1
0.3480990263 1
0.3448219681 1
0.3411945051 1
0.3371982944 1
0.3328200365 1
0.3280527596 1
0.3228969003 1
0.3173610530 1
0.3114622828 1
0.3052259417 1
0.2986849802 1
0.2918788046 1
0.2848517797 1
0.2776515086 1
0.2703270346 1
0.2629271016 1
0.2554985891 1
0.2480852033 1
0.2407264719 1
0.2334570586 1
0.2263063832 1
0.2192985192 1
0.2124523232 1
0.2057817503 1
0.1992963070 1
0.1930015962 1
0.1868999139 1
0.1809908638 1
0.1752719586 1
0.1697391864 1
0.1643875221 1
0.1592113721 1
0.1542049426 1
0.1493625297 1
0.1446787314 1
0.1401485849 1
0.1357676403 1
0.1315319776 1
0.1274381810 1
0.1234832825 1
0.1196646855 1
0.1159800806 1
0.1124273603 1
0.1090045403 1
0.1057096898 1
0.1025408744 1
0.0994961100 1
0.0965733286 1
0.0937703544 1
0.0910848869 1
0.0885144926 1
0.0860566008 1
0.0837085049 1
0.0814673674 1
0.0793302267 1
0.0772940084 1
0.0753555367 1
0.0735115491 1
0.1528261391 0
0.0717587111 1
0.0700936330 1
0.0685128860 1
0.0670130193 1
0.0655905767 1
0.0642421126 1
0.0629642071 1
0.0617534803 1
0.0606066054 1
0.0595203201 1
0.0584914370 1
0.0575168523 1
0.0565935533 1
0.0557186246 1
0.0548892525 1
0.0541027289 1
0.0533564538 1
0.0526479366 1
0.0519747970 1
0.0513347648 1
0.0507256789 1
0.0501454864 1
0.0495922405 1
0.0490640983 1
0.0485593184 1
0.0480762580 1
0.0476133699 1
0.0471691994 1
0.0467423808 1
0.0463316344 1
0.0459357626 1
0.0455536464 1
0.0451842423 1
0.0448265785 1
0.0444797511 1
0.0441429213 1
0.0438153111 1
0.0434962007 1
0.0431849247 1
0.0428808689 1
0.0425834673 1
0.0422921989 1
0.0420065845 1
0.0417261844 1
0.0414505951 1
0.0411794469 1
0.0409124013 1
0.0406491487 1
0.0403894059 1
0.0401329143 1
0.0398794376 1
0.0396287600 1
0.0393806845 1
0.0391350312 1
0.0388916355 1
0.0386503472 1
0.0384110288 1
0.0381735544 1
0.0379378087 1
0.0377036858 1
0.0374710883 1
0.0372399265 1
0.0370101178 1
0.0367815857 1
0.0365542594 1
0.0363280731 1
0.0361029655 1
0.0358788794 1
0.0356557615 1
0.0354335614 1
0.0352122318 1
0.0349917284 1
0.0347720089 1
0.0345530334 1
0.0343347640 1
0.0341171646 1
0.0339002006 1
0.0336838392 1
0.0334680488 1
0.0332527993 1
0.0330380615 1
0.0328238075 1
0.0326100106 1
0.0323966450 1
0.0321836857 1
0.0319711089 1
0.0317588915 1
0.0315470112 1
0.0313354469 1
0.0311241778 1
0.0309131844 1
0.0307024476 1
0.0304919493 1
0.0302816722 1
0.0300715997 1
0.0298617159 1
0.0296520059 1
0.0294424555 1
0.0292330512 1
0.0474441627 0
0.0290237804 1
0.0288146313 1
0.0286055928 1
0.0283966547 1
0.0281878076 1
0.0279790431 1
0.0277703534 1
0.0275617317 1
0.0273531719 1
0.0271446689 1
0.0269362184 1
0.0267278172 1
0.0265194625 1
0.0263111529 1
0.0261028876 1
0.0258946667 1
0.0256864914 1
0.0254783634 1
0.0252702858 1
0.0250622623 1
0.0248542975 1
0.0246463969 1
0.0244385670 1
0.0242308151 1
0.0240231493 1
0.0238155789 1
0.0236081136 1
0.0234007643 1
0.0231935427 1
0.0229864611 1
0.0227795328 1
0.0225727721 1
0.0223661936 1
0.0221598131 1
0.0219536470 1
0.0217477124 1
0.0215420272 1
0.0213366099 1
0.0211314798 1
0.0209266567 1
0.0207221611 1
0.0205180142 1
0.0203142375 1
0.0201108534 1
0.0199078845 1
0.0197053541 1
0.0195032859 1
0.0193017040 1
0.0191006329 1
0.0189000976 1
0.0187001233 1
0.0185007355 1
0.0183019600 1
0.0181038229 1
0.0179063504 1
0.0177095691 1
0.0175135054 1
0.0173181860 1
0.0171236378 1
0.0169298875 1
0.0167369618 1
0.0165448877 1
0.0163536916 1
0.0161634004 1
0.0159740403 1
0.0157856378 1
0.0155982189 1
0.0154118096 1
0.0152264354 1
0.0150421216 1
0.0148588933 1
0.0146767751 1
0.0144957913 1
0.0143159658 1
0.0141373219 1
0.0139598827 1
0.0137836706 1
0.0136087077 1
0.0134350152 1
0.0132626142 1
0.0130915249 1
0.0129217670 1
0.0127533596 1
0.0125863212 1
0.0124206696 1
0.0122564219 1
0.0120935945 1
0.0119322034 1
0.0117722635 1
0.0116137892 1
0.0114567941 1
0.0113012913 1
0.0111472927 1
0.0109948100 1
0.0108438537 1
0.0106944339 1
0.0105465597 1
0.0104002397 1
0.0102554815 1
0.0141283316 0
0.0101122920 1
0.0099706776 1
0.0098306438 1
0.0096921951 1
0.0095553358 1
0.0094200691 1
0.0092863976 1
0.0091543231 1
0.0090238470 1
0.0088949697 1
0.0087676910 1
0.0086420101 1
0.0085179255 1
0.0083954352 1
0.0082745364 1
0.0081552257 1
0.0080374991 1
0.0079213523 1
0.0078067799 1
0.0076937765 1
0.0075823358 1
0.0074724510 1
0.0073641151 1
0.0072573202 1
0.0071520582 1
0.0070483204 1
0.0069460979 1
0.0068453810 1
0.0067461598 1
0.0066484242 1
0.0065521633 1
0.0064573662 1
0.0063640214 1
0.0062721174 1
0.0061816421 1
0.0060925831 1
0.0060049280 1
0.0059186639 1
0.0058337777 1
0.0057502560 1
0.0056680855 1
0.0055872523 1
0.0055077425 1
0.0054295421 1
0.0053526368 1
0.0052770122 1
0.0052026538 1
0.0051295470 1
0.0050576771 1
0.0049870291 1
0.0049175882 1
0.0048493395 1
0.0047822678 1
0.0047163581 1
0.0046515952 1
0.0045879641 1
0.0045254495 1
0.0044640363 1
0.0044037094 1
0.0043444535 1
0.0042862536 1
0.0042290945 1
0.0041729613 1
0.0041178388 1
0.0040637121 1
0.0040105664 1
0.0039583868 1
0.0039071585 1
0.0038568669 1
0.0038074974 1
0.0037590355 1
0.0037114668 1
0.0036647770 1
0.0036189518 1
0.0035739773 1
0.0035298395 1
0.0034865245 1
0.0034440186 1
0.0034023082 1
0.0033613799 1
0.0033212204 1
0.0032818164 1
0.0032431549 1
0.0032052230 1
0.0031680079 1
0.0031314971 1
0.0030956780 1
0.0030605384 1
0.0030260660 1
0.0029922489 1
0.0029590752 1
0.0029265332 1
0.0028946112 1
0.0028632981 1
0.0028325824 1
0.0028024531 1
0.0027728993 1
0.0027439102 1
0.0027154752 1
0.0036564431 0
0.0026875839 1
0.0026602259 1
0.0026333911 1
0.0026070694 1
0.0025812512 1
0.0025559266 1
0.0025310862 1
0.0025067206 1
0.0024828206 1
0.0024593771 1
0.0024363812 1
0.0024138240 1
0.0023916971 1
0.0023699919 1
0.0023487001 1
0.0023278135 1
0.0023073240 1
0.0022872238 1
0.0022675051 1
0.0022481603 1
0.0022291819 1
0.0022105625 1
0.0021922949 1
0.0021743721 1
0.0021567870 1
0.0021395329 1
0.0021226030 1
0.0021059909 1
0.0020896899 1
0.0020736939 1
0.0020579966 1
0.0020425919 1
0.0020274739 1
0.0020126367 1
0.0019980745 1
0.0019837818 1
0.0019697529 1
0.0019559826 1
0.0019424655 1
0.0019291964 1
0.0019161702 1
0.0019033819 1
0.0018908266 1
0.0018784996 1
0.0018663961 1
0.0018545115 1
0.0018428414 1
0.0018313813 1
0.0018201269 1
0.0018090739 1
0.0017982182 1
0.0017875557 1
0.0017770825 1
0.0017667947 1
0.0017566884 1
0.0017467598 1
0.0017370054 1
0.0017274216 1
0.0017180048 1
0.0017087516 1
0.0016996586 1
0.0016907226 1
0.0016819403 1
0.0016733085 1
0.0016648242 1
0.0016564844 1
0.0016482860 1
0.0016402263 1
0.0016323023 1
0.0016245113 1
0.0016168505 1
0.0016093173 1
0.0016019091 1
0.0015946234 1
0.0015874576 1
0.0015804093 1
0.0015734762 1
0.0015666558 1
0.0015599460 1
0.0015533444 1
0.0015468489 1
0.0015404573 1
0.0015341675 1
0.0015279775 1
0.0015218853 1
0.0015158889 1
0.0015099864 1
0.0015041759 1
0.0014984555 1
0.0014928235 1
0.0014872781 1
0.0014818175 1
0.0014764402 1
0.0014711443 1
0.0014659283 1
0.0014607907 1
0.0014557299 1
0.0014507443 1
0.0014458324 1
0.0031032406 0
0.0014409929 1
0.0014362243 1
0.0014315252 1
0.0014268943 1
0.0014223302 1
0.0014178316 1
0.0014133972 1
0.0014090259 1
0.0014047163 1
0.0014004673 1
0.0013962777 1
0.0013921463 1
0.0013880721 1
0.0013840540 1
0.0013800908 1
0.0013761815 1
0.0013723251 1
0.0013685206 1
0.0013647670 1
0.0013610633 1
0.0013574087 1
0.0013538020 1
0.0013502426 1
0.0013467294 1
0.0013432616 1
0.0013398383 1
0.0013364588 1
0.0013331222 1
0.0013298277 1
0.0013265746 1
0.0013233620 1
0.0013201892 1
0.0013170555 1
0.0013139601 1
0.0013109025 1
0.0013078818 1
0.0013048974 1
0.0013019487 1
0.0012990349 1
0.0012961555 1
0.0012933099 1
0.0012904974 1
0.0012877174 1
0.0012849694 1
0.0012822528 1
0.0012795670 1
0.0012769115 1
0.0012742857 1
0.0012716892 1
0.0012691214 1
0.0012665817 1
0.0012640698 1
0.0012615851 1
0.0012591272 1
0.0012566955 1
0.0012542896 1
0.0012519092 1
0.0012495537 1
0.0012472227 1
0.0012449158 1
0.0012426325 1
0.0012403726 1
0.0012381355 1
0.0012359210 1
0.0012337286 1
0.0012315579 1
0.0012294085 1
0.0012272803 1
0.0012251726 1
0.0012230853 1
0.0012210180 1
0.0012189704 1
0.0012169421 1
0.0012149328 1
0.0012129422 1
0.0012109701 1
0.0012090160 1
0.0012070797 1
0.0012051610 1
0.0012032595 1
0.0012013749 1
0.0011995071 1
0.0011976556 1
0.0011958204 1
0.0011940010 1
0.0011921973 1
0.0011904089 1
0.0011886358 1
0.0011868776 1
0.0011851340 1
0.0011834050 1
0.0011816901 1
0.0011799893 1
0.0011783023 1
0.0011766289 1
0.0011749689 1
0.0011733220 1
0.0011716881 1
0.0011700670 1
0.0033780800 0
0.0011684585 1
0.0011668624 1
0.0011652785 1
0.0011637067 1
0.0011621467 1
0.0011605983 1
0.0011590615 1
0.0011575360 1
0.0011560217 1
0.0011545184 1
0.0011530259 1
0.0011515441 1
0.0011500728 1
0.0011486119 1
0.0011471613 1
0.0011457207 1
0.0011442900 1
0.0011428692 1
0.0011414580 1
0.0011400564 1
0.0011386641 1
0.0011372811 1
0.0011359072 1
0.0011345423 1
0.0011331863 1
0.0011318390 1
0.0011305004 1
0.0011291702 1
0.0011278485 1
0.0011265351 1
0.0011252298 1
0.0011239326 1
0.0011226433 1
0.0011213619 1
0.0011200882 1
0.0011188222 1
0.0011175637 1
0.0011163126 1
0.0011150688 1
0.0011138323 1
0.0011126030 1
0.0011113807 1
0.0011101653 1
0.0011089568 1
0.0011077551 1
0.0011065601 1
0.0011053717 1
0.0011041899 1
0.0011030144 1
0.0011018454 1
0.0011006826 1
0.0010995260 1
0.0010983755 1
0.0010972311 1
0.0010960926 1
0.0010949601 1
0.0010938334 1
0.0010927124 1
0.0010915971 1
0.0010904874 1
0.0010893833 1
0.0010882846 1
0.0010871914 1
0.0010861035 1
0.0010850209 1
0.0010839435 1
0.0010828713 1
0.0010818041 1
0.0010807420 1
0.0010796849 1
0.0010786327 1
0.0010775853 1
0.0010765428 1
0.0010755050 1
0.0010744719 1
0.0010734434 1
0.0010724196 1
0.0010714002 1
0.0010703854 1
0.0010693750 1
0.0010683689 1
0.0010673672 1
0.0010663698 1
0.0010653766 1
0.0010643876 1
0.0010634028 1
0.0010624220 1
0.0010614454 1
0.0010604727 1
0.0010595039 1
0.0010585391 1
0.0010575782 1
0.0010566211 1
0.0010556678 1
0.0010547183 1
0.0010537725 1
0.0010528303 1
0.0010518918 1
0.0010509569 1
0.0035176391 0
0.0010500256 1
0.0010490977 1
0.0010481734 1
0.0010472525 1
0.0010463350 1
0.0010454209 1
0.0010445101 1
0.0010436027 1
0.0010426985 1
0.0010417976 1
0.0010408999 1
0.0010400053 1
0.0010391139 1
0.0010382256 1
0.0010373404 1
0.0010364583 1
0.0010355791 1
0.0010347030 1
0.0010338298 1
0.0010329596 1
0.0010320922 1
0.0010312277 1
0.0010303661 1
0.0010295073 1
0.0010286513 1
0.0010277981 1
0.0010269475 1
0.0010260998 1
0.0010252546 1
0.0010244122 1
0.0010235724 1
0.0010227352 1
0.0010219006 1
0.0010210685 1
0.0010202390 1
0.0010194120 1
0.0010185875 1
0.0010177655 1
0.0010169459 1
0.0010161287 1
0.0010153140 1
0.0010145016 1
0.0010136916 1
0.0010128839 1
0.0010120785 1
0.0010112754 1
0.0010104747 1
0.0010096761 1
0.0010088798 1
0.0010080857 1
0.0010072938 1
0.0010065041 1
0.0010057165 1
0.0010049311 1
0.0010041478 1
0.0010033666 1
0.0010025875 1
0.0010018104 1
0.0010010354 1
0.0010002624 1
0.0009994915 1
0.0009987225 1
0.0009979555 1
0.0009971905 1
0.0009964274 1
0.0009956663 1
0.0009949070 1
0.0009941497 1
0.0009933943 1
0.0009926407 1
0.0009918889 1
0.0009911390 1
0.0009903910 1
0.0009896447 1
0.0009889002 1
0.0009881575 1
0.0009874166 1
0.0009866774 1
0.0009859400 1
0.0009852043 1
0.0009844702 1
0.0009837379 1
0.0009830073 1
0.0009822783 1
0.0009815510 1
0.0009808254 1
0.0009801013 1
0.0009793789 1
0.0009786581 1
0.0009779389 1
0.0009772212 1
0.0009765052 1
0.0009757907 1
0.0009750777 1
0.0009743663 1
0.0009736564 1
0.0009729480 1
0.0009722411 1
0.0009715357 1
0.0035440112 0
0.0009708318 1
0.0009701293 1
0.0009694283 1
0.0009687288 1
0.0009680307 1
0.0009673340 1
0.0009666387 1
0.0009659448 1
0.0009652524 1
0.0009645613 1
0.0009638716 1
0.0009631832 1
0.0009624963 1
0.0009618106 1
0.0009611263 1
0.0009604434 1
0.0009597617 1
0.0009590814 1
0.0009584023 1
0.0009577246 1
0.0009570482 1
0.0009563730 1
0.0009556991 1
0.0009550264 1
0.0009543550 1
0.0009536849 1
0.0009530159 1
0.0009523483 1
0.0009516818 1
0.0009510165 1
0.0009503524 1
0.0009496896 1
0.0009490279 1
0.0009483674 1
0.0009477081 1
0.0009470499 1
0.0009463929 1
0.0009457371 1
0.0009450823 1
0.0009444288 1
0.0009437763 1
0.0009431250 1
0.0009424748 1
0.0009418257 1
0.0009411777 1
0.0009405308 1
0.0009398850 1
0.0009392403 1
0.0009385966 1
0.0009379540 1
0.0009373125 1
0.0009366721 1
0.0009360326 1
0.0009353943 1
0.0009347570 1
0.0009341207 1
0.0009334854 1
0.0009328511 1
0.0009322179 1
0.0009315857 1
0.0009309545 1
0.0009303243 1
0.0009296950 1
0.0009290668 1
0.0009284396 1
0.0009278133 1
0.0009271880 1
0.0009265636 1
0.0009259403 1
0.0009253178 1
0.0009246964 1
0.0009240758 1
0.0009234563 1
0.0009228376 1
0.0009222199 1
0.0009216031 1
0.0009209872 1
0.0009203723 1
0.0009197582 1
0.0009191451 1
0.0009185329 1
0.0009179215 1
0.0009173111 1
0.0009167016 1
0.0009160929 1
0.0009154851 1
0.0009148782 1
0.0009142722 1
0.0009136670 1
0.0009130627 1
0.0009124593 1
0.0009118567 1
0.0009112549 1
0.0009106540 1
0.0009100540 1
0.0009094548 1
0.0009088564 1
0.0009082589 1
0.0009076622 1
0.0035108734 0
0.0009070663 1
0.0009064712 1
0.0009058770 1
0.0009052835 1
0.0009046909 1
0.0009040991 1
0.0009035081 1
0.0009029178 1
0.0009023284 1
0.0009017398 1
0.0009011519 1
0.0009005649 1
0.0008999786 1
0.0008993931 1
0.0008988084 1
0.0008982244 1
0.0008976412 1
0.0008970588 1
0.0008964772 1
0.0008958963 1
0.0008953161 1
0.0008947367 1
0.0008941581 1
0.0008935802 1
0.0008930031 1
0.0008924267 1
0.0008918510 1
0.0008912761 1
0.0008907019 1
0.0008901284 1
0.0008895557 1
0.0008889836 1
0.0008884123 1
0.0008878418 1
0.0008872719 1
0.0008867028 1
0.0008861343 1
0.0008855666 1
0.0008849996 1
0.0008844332 1
0.0008838676 1
0.0008833027 1
0.0008827385 1
0.0008821749 1
0.0008816121 1
0.0008810499 1
0.0008804884 1
0.0008799276 1
0.0008793675 1
0.0008788081 1
0.0008782493 1
0.0008776913 1
0.0008771338 1
0.0008765771 1
0.0008760210 1
0.0008754656 1
0.0008749109 1
0.0008743568 1
0.0008738034 1
0.0008732506 1
0.0008726985 1
0.0008721470 1
0.0008715962 1
0.0008710460 1
0.0008704965 1
0.0008699476 1
0.0008693993 1
0.0008688517 1
0.0008683048 1
0.0008677585 1
0.0008672128 1
0.0008666677 1
0.0008661233 1
0.0008655795 1
0.0008650363 1
0.0008644937 1
0.0008639518 1
0.0008634105 1
0.0008628698 1
0.0008623297 1
0.0008617902 1
0.0008612514 1
0.0008607132 1
0.0008601755 1
0.0008596385 1
0.0008591021 1
0.0008585663 1
0.0008580311 1
0.0008574965 1
0.0008569625 1
0.0008564291 1
0.0008558963 1
0.0008553640 1
0.0008548324 1
0.0008543014 1
0.0008537710 1
0.0008532411 1
0.0008527118 1
0.0008521832 1
0.0034476004 0
0.0008516551 1
0.0008511276 1
0.0008506006 1
0.0008500743 1
0.0008495485 1
0.0008490233 1
0.0008484987 1
0.0008479746 1
0.0008474512 1
0.0008469282 1
0.0008464059 1
0.0008458841 1
0.0008453629 1
0.0008448423 1
0.0008443222 1
0.0008438027 1
0.0008432838 1
0.0008427654 1
0.0008422475 1
0.0008417303 1
0.0008412136 1
0.0008406974 1
0.0008401818 1
0.0008396667 1
0.0008391522 1
0.0008386383 1
0.0008381248 1
0.0008376120 1
0.0008370997 1
0.0008365879 1
0.0008360767 1
0.0008355660 1
0.0008350558 1
0.0008345462 1
0.0008340371 1
0.0008335286 1
0.0008330206 1
0.0008325132 1
0.0008320062 1
0.0008314998 1
0.0008309940 1
0.0008304886 1
0.0008299838 1
0.0008294796 1
0.0008289758 1
0.0008284726 1
0.0008279699 1
0.0008274677 1
0.0008269661 1
0.0008264649 1
0.0008259643 1
0.0008254642 1
0.0008249647 1
0.0008244656 1
0.0008239671 1
0.0008234691 1
0.0008229716 1
0.0008224746 1
0.0008219781 1
0.0008214821 1
0.0008209867 1
0.0008204917 1
0.0008199973 1
0.0008195033 1
0.0008190099 1
0.0008185170 1
0.0008180246 1
0.0008175326 1
0.0008170412 1
0.0008165503 1
0.0008160599 1
0.0008155700 1
0.0008150806 1
0.0008145917 1
0.0008141033 1
0.0008136153 1
0.0008131279 1
0.0008126410 1
0.0008121545 1
0.0008116686 1
0.0008111831 1
0.0008106982 1
0.0008102137 1
0.0008097297 1
0.0008092462 1
0.0008087632 1
0.0008082807 1
0.0008077986 1
0.0008073171 1
0.0008068360 1
0.0008063554 1
0.0008058753 1
0.0008053957 1
0.0008049166 1
0.0008044379 1
0.0008039597 1
0.0008034820 1
0.0008030048 1
0.0008025280 1
0.0033692799 0
0.0008020517 1
0.0008015759 1
0.0008011006 1
0.0008006257 1
0.0008001513 1
0.0007996774 1
0.0007992040 1
0.0007987310 1
0.0007982585 1
0.0007977865 1
0.0007973149 1
0.0007968438 1
0.0007963732 1
0.0007959030 1
0.0007954333 1
0.0007949640 1
0.0007944952 1
0.0007940269 1
0.0007935591 1
0.0007930917 1
0.0007926247 1
0.0007921582 1
0.0007916922 1
0.0007912267 1
0.0007907616 1
0.0007902969 1
0.0007898327 1
0.0007893690 1
0.0007889057 1
0.0007884429 1
0.0007879805 1
0.0007875186 1
0.0007870571 1
0.0007865960 1
0.0007861355 1
0.0007856753 1
0.0007852157 1
0.0007847564 1
0.0007842977 1
0.0007838393 1
0.0007833814 1
0.0007829240 1
0.0007824670 1
0.0007820104 1
0.0007815543 1
0.0007810986 1
0.0007806434 1
0.0007801886 1
0.0007797342 1
0.0007792803 1
0.0007788269 1
0.0007783738 1
0.0007779212 1
0.0007774691 1
0.0007770173 1
0.0007765661 1
0.0007761152 1
0.0007756648 1
0.0007752148 1
0.0007747653 1
0.0007743161 1
0.0007738674 1
0.0007734192 1
0.0007729714 1
0.0007725240 1
0.0007720770 1
0.0007716305 1
0.0007711843 1
0.0007707387 1
0.0007702934 1
0.0007698486 1
0.0007694042 1
0.0007689602 1
0.0007685166 1
0.0007680735 1
0.0007676308 1
0.0007671885 1
0.0007667466 1
0.0007663052 1
0.0007658642 1
0.0007654236 1
0.0007649834 1
0.0007645436 1
0.0007641043 1
0.0007636653 1
0.0007632268 1
0.0007627887 1
0.0007623511 1
0.0007619138 1
0.0007614769 1
0.0007610405 1
0.0007606045 1
0.0007601689 1
0.0007597337 1
0.0007592989 1
0.0007588645 1
0.0007584305 1
0.0007579970 1
0.0007575638 1
0.0032838764 0
0.0007571311 1
0.0007566988 1
0.0007562669 1
0.0007558353 1
0.0007554042 1
0.0007549735 1
0.0007545432 1
0.0007541134 1
0.0007536839 1
0.0007532548 1
0.0007528261 1
0.0007523978 1
0.0007519700 1
0.0007515425 1
0.0007511154 1
0.0007506887 1
0.0007502625 1
0.0007498366 1
0.0007494111 1
0.0007489860 1
0.0007485614 1
0.0007481371 1
0.0007477132 1
0.0007472897 1
0.0007468666 1
0.0007464439 1
0.0007460216 1
0.0007455997 1
0.0007451782 1
0.0007447570 1
0.0007443363 1
0.0007439160 1
0.0007434960 1
0.0007430765 1
0.0007426573 1
0.0007422385 1
0.0007418201 1
0.0007414021 1
0.0007409845 1
0.0007405673 1
0.0007401504 1
0.0007397340 1
0.0007393179 1
0.0007389022 1
0.0007384869 1
0.0007380720 1
0.0007376575 1
0.0007372433 1
0.0007368296 1
0.0007364162 1
0.0007360032 1
0.0007355905 1
0.0007351783 1
0.0007347664 1
0.0007343550 1
0.0007339439 1
0.0007335331 1
0.0007331228 1
0.0007327128 1
0.0007323032 1
0.0007318940 1
0.0007314852 1
0.0007310767 1
0.0007306686 1
0.0007302609 1
0.0007298536 1
0.0007294466 1
0.0007290400 1
0.0007286338 1
0.0007282280 1
0.0007278225 1
0.0007274174 1
0.0007270127 1
0.0007266083 1
0.0007262043 1
0.0007258007 1
0.0007253974 1
0.0007249945 1
0.0007245920 1
0.0007241898 1
0.0007237881 1
0.0007233866 1
0.0007229856 1
0.0007225849 1
0.0007221846 1
0.0007217846 1
0.0007213850 1
0.0007209858 1
0.0007205869 1
0.0007201884 1
0.0007197902 1
0.0007193924 1
0.0007189950 1
0.0007185980 1
0.0007182012 1
0.0007178049 1
0.0007174089 1
0.0007170133 1
0.0007166180 1
0.0031957146 0
0.0007162231 1
0.0007158285 1
0.0007154343 1
0.0007150405 1
0.0007146470 1
0.0007142539 1
0.0007138611 1
0.0007134687 1
0.0007130766 1
0.0007126849 1
0.0007122935 1
0.0007119025 1
0.0007115118 1
0.0007111215 1
0.0007107316 1
0.0007103420 1
0.0007099527 1
0.0007095638 1
0.0007091752 1
0.0007087870 1
0.0007083992 1
0.0007080116 1
0.0007076245 1
0.0007072376 1
0.0007068512 1
0.0007064650 1
0.0007060793 1
0.0007056938 1
0.0007053087 1
0.0007049240 1
0.0007045396 1
0.0007041555 1
0.0007037718 1
0.0007033884 1
0.0007030054 1
0.0007026227 1
0.0007022403 1
0.0007018583 1
0.0007014766 1
0.0007010953 1
0.0007007143 1
0.0007003336 1
0.0006999533 1
0.0006995733 1
0.0006991937 1
0.0006988144 1
0.0006984354 1
0.0006980568 1
0.0006976785 1
0.0006973005 1
0.0006969229 1
0.0006965456 1
0.0006961686 1
0.0006957920 1
0.0006954157 1
0.0006950398 1
0.0006946641 1
0.0006942888 1
0.0006939139 1
0.0006935392 1
0.0006931649 1
0.0006927910 1
0.0006924173 1
0.0006920440 1
0.0006916710 1
0.0006912983 1
0.0006909260 1
0.0006905540 1
0.0006901823 1
0.0006898110 1
0.0006894400 1
0.0006890693 1
0.0006886989 1
0.0006883288 1
0.0006879591 1
0.0006875897 1
0.0006872206 1
0.0006868519 1
0.0006864834 1
0.0006861153 1
0.0006857476 1
0.0006853801 1
0.0006850129 1
0.0006846461 1
0.0006842796 1
0.0006839134 1
0.0006835476 1
0.0006831820 1
0.0006828168 1
0.0006824519 1
0.0006820873 1
0.0006817230 1
0.0006813591 1
0.0006809954 1
0.0006806321 1
0.0006802691 1
0.0006799064 1
0.0006795440 1
0.0006791820 1
0.0031071947 0
0.0006788202 1
0.0006784588 1
0.0006780976 1
0.0006777368 1
0.0006773763 1
0.0006770162 1
0.0006766563 1
0.0006762967 1
0.0006759375 1
0.0006755785 1
0.0006752199 1
0.0006748616 1
0.0006745036 1
0.0006741459 1
0.0006737885 1
0.0006734314 1
0.0006730746 1
0.0006727181 1
0.0006723620 1
0.0006720061 1
0.0006716505 1
0.0006712953 1
0.0006709404 1
0.0006705857 1
0.0006702314 1
0.0006698774 1
0.0006695236 1
0.0006691702 1
0.0006688171 1
0.0006684643 1
0.0006681118 1
0.0006677595 1
0.0006674076 1
0.0006670560 1
0.0006667047 1
0.0006663537 1
0.0006660030 1
0.0006656526 1
0.0006653025 1
0.0006649527 1
0.0006646031 1
0.0006642539 1
0.0006639050 1
0.0006635564 1
0.0006632081 1
0.0006628600 1
0.0006625123 1
0.0006621649 1
0.0006618177 1
0.0006614709 1
0.0006611243 1
0.0006607781 1
0.0006604321 1
0.0006600864 1
0.0006597410 1
0.0006593959 1
0.0006590512 1
0.0006587067 1
0.0006583624 1
0.0006580185 1
0.0006576749 1
0.0006573316 1
0.0006569885 1
0.0006566457 1
0.0006563033 1
0.0006559611 1
0.0006556192 1
0.0006552776 1
0.0006549363 1
0.0006545952 1
0.0006542545 1
0.0006539140 1
0.0006535739 1
0.0006532340 1
0.0006528944 1
0.0006525551 1
0.0006522161 1
0.0006518773 1
0.0006515388 1
0.0006512007 1
0.0006508628 1
0.0006505252 1
0.0006501878 1
0.0006498508 1
0.0006495140 1
0.0006491775 1
0.0006488413 1
0.0006485054 1
0.0006481698 1
0.0006478344 1
0.0006474993 1
0.0006471645 1
0.0006468300 1
0.0006464958 1
0.0006461618 1
0.0006458281 1
0.0006454947 1
0.0006451616 1
0.0006448287 1
0.0030196706 0
0.0006444962 1
0.0006441639 1
0.0006438318 1
0.0006435001 1
0.0006431686 1
0.0006428374 1
0.0006425065 1
0.0006421758 1
0.0006418455 1
0.0006415154 1
0.0006411855 1
0.0006408560 1
0.0006405267 1
0.0006401977 1
0.0006398689 1
0.0006395405 1
0.0006392123 1
0.0006388843 1
0.0006385567 1
0.0006382293 1
0.0006379022 1
0.0006375753 1
0.0006372487 1
0.0006369224 1
0.0006365964 1
0.0006362706 1
0.0006359451 1
0.0006356198 1
0.0006352949 1
0.0006349702 1
0.0006346457 1
0.0006343215 1
0.0006339976 1
0.0006336740 1
0.0006333506 1
0.0006330275 1
0.0006327046 1
0.0006323821 1
0.0006320597 1
0.0006317377 1
0.0006314159 1
0.0006310943 1
0.0006307731 1
0.0006304521 1
0.0006301313 1
0.0006298108 1
0.0006294906 1
0.0006291706 1
0.0006288509 1
0.0006285315 1
0.0006282123 1
0.0006278934 1
0.0006275747 1
0.0006272563 1
0.0006269381 1
0.0006266202 1
0.0006263026 1
0.0006259852 1
0.0006256681 1
0.0006253513 1
0.0006250346 1
0.0006247183 1
0.0006244022 1
0.0006240864 1
0.0006237708 1
0.0006234554 1
0.0006231404 1
0.0006228255 1
0.0006225110 1
0.0006221967 1
0.0006218826 1
0.0006215688 1
0.0006212552 1
0.0006209419 1
0.0006206289 1
0.0006203161 1
0.0006200035 1
0.0006196912 1
0.0006193792 1
0.0006190674 1
0.0006187559 1
0.0006184446 1
0.0006181335 1
0.0006178227 1
0.0006175122 1
0.0006172019 1
0.0006168918 1
0.0006165820 1
0.0006162725 1
0.0006159631 1
0.0006156541 1
0.0006153453 1
0.0006150367 1
0.0006147284 1
0.0006144203 1
0.0006141125 1
0.0006138049 1
0.0006134975 1
0.0006131904 1
0.0029339121 0
0.0006128836 1
0.0006125770 1
0.0006122706 1
0.0006119645 1
0.0006116586 1
0.0006113530 1
0.0006110476 1
0.0006107424 1
0.0006104375 1
0.0006101329 1
0.0006098284 1
0.0006095242 1
0.0006092203 1
0.0006089166 1
0.0006086131 1
0.0006083099 1
0.0006080069 1
0.0006077042 1
0.0006074017 1
0.0006070994 1
0.0006067974 1
0.0006064956 1
0.0006061940 1
0.0006058927 1
0.0006055916 1
0.0006052908 1
0.0006049902 1
0.0006046898 1
0.0006043897 1
0.0006040898 1
0.0006037901 1
0.0006034907 1
0.0006031915 1
0.0006028925 1
0.0006025938 1
0.0006022953 1
0.0006019970 1
0.0006016990 1
0.0006014012 1
0.0006011037 1
0.0006008063 1
0.0006005093 1
0.0006002124 1
0.0005999158 1
0.0005996194 1
0.0005993232 1
0.0005990273 1
0.0005987316 1
0.0005984361 1
0.0005981408 1
0.0005978458 1
0.0005975510 1
0.0005972565 1
0.0005969621 1
0.0005966680 1
0.0005963742 1
0.0005960805 1
0.0005957871 1
0.0005954939 1
0.0005952010 1
0.0005949082 1
0.0005946157 1
0.0005943234 1
0.0005940314 1
0.0005937396 1
0.0005934480 1
0.0005931566 1
0.0005928654 1
0.0005925745 1
0.0005922838 1
0.0005919933 1
0.0005917031 1
0.0005914130 1
0.0005911232 1
0.0005908336 1
0.0005905443 1
0.0005902551 1
0.0005899662 1
0.0005896775 1
0.0005893890 1
0.0005891008 1
0.0005888128 1
0.0005885249 1
0.0005882374 1
0.0005879500 1
0.0005876628 1
0.0005873759 1
0.0005870892 1
0.0005868027 1
0.0005865164 1
0.0005862304 1
0.0005859445 1
0.0005856589 1
0.0005853735 1
0.0005850884 1
0.0005848034 1
0.0005845186 1
0.0005842341 1
0.0005839498 1
0.0028503533 0
0.0005836657 1
0.0005833818 1
0.0005830982 1
0.0005828147 1
0.0005825315 1
0.0005822485 1
0.0005819657 1
0.0005816831 1
0.0005814007 1
0.0005811186 1
0.0005808366 1
0.0005805549 1
0.0005802734 1
0.0005799921 1
0.0005797110 1
0.0005794301 1
0.0005791494 1
0.0005788690 1
0.0005785887 1
0.0005783087 1
0.0005780289 1
0.0005777493 1
0.0005774699 1
0.0005771907 1
0.0005769117 1
0.0005766330 1
0.0005763544 1
0.0005760761 1
0.0005757979 1
0.0005755200 1
0.0005752423 1
0.0005749648 1
0.0005746875 1
0.0005744104 1
0.0005741335 1
0.0005738568 1
0.0005735803 1
0.0005733041 1
0.0005730280 1
0.0005727522 1
0.0005724765 1
0.0005722011 1
0.0005719259 1
0.0005716508 1
0.0005713760 1
0.0005711014 1
0.0005708270 1
0.0005705528 1
0.0005702788 1
0.0005700050 1
0.0005697314 1
0.0005694580 1
0.0005691848 1
0.0005689119 1
0.0005686391 1
0.0005683665 1
0.0005680941 1
0.0005678220 1
0.0005675500 1
0.0005672782 1
0.0005670067 1
0.0005667353 1
0.0005664641 1
0.0005661932 1
0.0005659224 1
0.0005656519 1
0.0005653815 1
0.0005651114 1
0.0005648414 1
0.0005645716 1
0.0005643021 1
0.0005640327 1
0.0005637636 1
0.0005634946 1
0.0005632258 1
0.0005629573 1
0.0005626889 1
0.0005624207 1
0.0005621527 1
0.0005618850 1
0.0005616174 1
0.0005613500 1
0.0005610828 1
0.0005608158 1
0.0005605490 1
0.0005602824 1
0.0005600160 1
0.0005597498 1
0.0005594838 1
0.0005592180 1
0.0005589524 1
0.0005586869 1
0.0005584217 1
0.0005581567 1
0.0005578918 1
0.0005576272 1
0.0005573627 1
0.0005570985 1
0.0005568344 1
0.0027692302 0
0.0005565705 1
0.0005563068 1
0.0005560433 1
0.0005557800 1
0.0005555169 1
0.0005552540 1
0.0005549913 1
0.0005547287 1
0.0005544664 1
0.0005542042 1
0.0005539423 1
0.0005536805 1
0.0005534189 1
0.0005531575 1
0.0005528963 1
0.0005526353 1
0.0005523745 1
0.0005521138 1
0.0005518534 1
0.0005515931 1
0.0005513330 1
0.0005510732 1
0.0005508135 1
0.0005505540 1
0.0005502946 1
0.0005500355 1
0.0005497766 1
0.0005495178 1
0.0005492592 1
0.0005490008 1
0.0005487427 1
0.0005484846 1
0.0005482268 1
0.0005479692 1
0.0005477117 1
0.0005474544 1
0.0005471974 1
0.0005469405 1
0.0005466837 1
0.0005464272 1
0.0005461709 1
0.0005459147 1
0.0005456587 1
0.0005454029 1
0.0005451473 1
0.0005448919 1
0.0005446366 1
0.0005443816 1
0.0005441267 1
0.0005438720 1
0.0005436175 1
0.0005433631 1
0.0005431090 1
0.0005428550 1
0.0005426012 1
0.0005423476 1
0.0005420942 1
0.0005418409 1
0.0005415878 1
0.0005413350 1
0.0005410822 1
0.0005408297 1
0.0005405774 1
0.0005403252 1
0.0005400732 1
0.0005398214 1
0.0005395698 1
0.0005393183 1
0.0005390670 1
0.0005388159 1
0.0005385650 1
0.0005383143 1
0.0005380637 1
0.0005378133 1
0.0005375631 1
0.0005373131 1
0.0005370632 1
0.0005368135 1
0.0005365640 1
0.0005363147 1
0.0005360656 1
0.0005358166 1
0.0005355678 1
0.0005353192 1
0.0005350707 1
0.0005348224 1
0.0005345744 1
0.0005343264 1
0.0005340787 1
0.0005338311 1
0.0005335837 1
0.0005333365 1
0.0005330894 1
0.0005328425 1
0.0005325958 1
0.0005323493 1
0.0005321029 1
0.0005318568 1
0.0005316107 1
0.0026906587 0
0.0005313649 1
0.0005311192 1
0.0005308737 1
0.0005306284 1
0.0005303833 1
0.0005301383 1
0.0005298935 1
0.0005296488 1
0.0005294043 1
0.0005291601 1
0.0005289159 1
0.0005286720 1
0.0005284282 1
0.0005281846 1
0.0005279411 1
0.0005276978 1
0.0005274547 1
0.0005272118 1
0.0005269690 1
0.0005267264 1
0.0005264840 1
0.0005262417 1
0.0005259996 1
0.0005257577 1
0.0005255159 1
0.0005252743 1
0.0005250329 1
0.0005247916 1
0.0005245505 1
0.0005243096 1
0.0005240689 1
0.0005238283 1
0.0005235879 1
0.0005233476 1
0.0005231075 1
0.0005228676 1
0.0005226278 1
0.0005223882 1
0.0005221488 1
0.0005219095 1
0.0005216704 1
0.0005214315 1
0.0005211927 1
0.0005209541 1
0.0005207157 1
0.0005204774 1
0.0005202393 1
0.0005200013 1
0.0005197636 1
0.0005195259 1
0.0005192885 1
0.0005190512 1
0.0005188140 1
0.0005185771 1
0.0005183403 1
0.0005181036 1
0.0005178671 1
0.0005176308 1
0.0005173947 1
0.0005171587 1
0.0005169228 1
0.0005166871 1
0.0005164516 1
0.0005162163 1
0.0005159811 1
0.0005157461 1
0.0005155112 1
0.0005152765 1
0.0005150419 1
0.0005148075 1
0.0005145733 1
0.0005143392 1
0.0005141053 1
0.0005138716 1
0.0005136380 1
0.0005134045 1
0.0005131713 1
0.0005129381 1
0.0005127052 1
0.0005124724 1
0.0005122397 1
0.0005120073 1
0.0005117749 1
0.0005115428 1
0.0005113107 1
0.0005110789 1
0.0005108472 1
0.0005106157 1
0.0005103843 1
0.0005101530 1
0.0005099220 1
0.0005096911 1
0.0005094603 1
0.0005092297 1
0.0005089992 1
0.0005087690 1
0.0005085388 1
0.0005083088 1
0.0005080790 1
0.0026146804 0
0.0005078493 1
0.0005076198 1
0.0005073905 1
0.0005071613 1
0.0005069322 1
0.0005067033 1
0.0005064746 1
0.0005062460 1
0.0005060175 1
0.0005057893 1
0.0005055611 1
0.0005053331 1
0.0005051053 1
0.0005048777 1
0.0005046501 1
0.0005044228 1
0.0005041956 1
0.0005039685 1
0.0005037416 1
0.0005035148 1
0.0005032882 1
0.0005030618 1
0.0005028355 1
0.0005026093 1
0.0005023833 1
0.0005021575 1
0.0005019318 1
0.0005017062 1
0.0005014808 1
0.0005012556 1
0.0005010305 1
0.0005008055 1
0.0005005807 1
0.0005003561 1
0.0005001316 1
0.0004999072 1
