0.1418863386 0.4217612826 
0.0404900396 0.2955712973 
-0.0095350704 0.2238777693 
-0.0262830413 0.1878657401 
-0.0216992370 0.1750914714 
-0.0036602905 0.1773285908 
0.0226491065 0.1891422996 
0.0538248824 0.2069455369 
0.0876403860 0.2283741840 
0.1226471508 0.2518734642 
0.1579106735 0.2764241485 
0.1928355635 0.3013613095 
0.2270498523 0.3262543393 
0.2603284600 0.3508275241 
0.2925425815 0.3749074659 
0.3236262272 0.3983882768 
0.3535541187 0.4212085391 
0.3823270964 0.4433360544 
0.4099625002 0.4647577491 
0.4364878390 0.4854729937 
0.4619366354 0.5054891821 
0.4863457090 0.5248188083 
0.5097534098 0.5434775326 
0.5321984798 0.5614829055 
0.5537193278 0.5788535250 
0.5743535773 0.5956084829 
