0.4505415985 
0.0079978777 
-0.2652696195 
-0.4412553709 
-0.5609054942 
-0.6475304678 
-0.7144224337 
-0.7691812521 
-0.8161714328 
-0.8579175772 
-0.8958969885 
-0.9309899240 
-0.9637354149 
-0.9944766600 
-1.0234437033 
-1.0508004878 
-1.0766716744 
-1.1011579633 
-1.1243448819 
-1.1463078572 
-1.1671151739 
-1.1868297284 
-1.2055100945 
-1.2232111942 
-1.2399847421 
-1.2558795564 
-1.2709417923 
-1.2852151275 
-1.2987409185 
-1.3115583364 
-1.3237044905 
-1.3352145406 
-1.3461218020 
-1.3564578434 
-1.3662525795 
-1.3755343578 
-1.3843300413 
-1.3926650860 
-1.4005636148 
-1.4080484875 
-1.4151413667 
-1.4218627807 
-1.4282321828 
-1.4342680077 
-1.4399877246 
-1.4454078880 
-1.4505441856 
-1.4554114833 
-1.4600238688 
-1.4643946920 
-1.4685366037 
-1.4724615920 
-1.4761810176 
-1.4797056459 
-1.4830456788 
-1.4862107838 
-1.4892101221 
-1.4920523751 
-1.4947457698 
-1.4972981022 
-1.4997167599 
-1.5020087439 
-1.5041806882 
-1.5062388798 
-1.5081892760 
-1.5100375225 
-1.5117889690 
-1.5134486853 
-1.5150214756 
-1.5165118924 
-1.5179242499 
-1.5192626363 
-1.5205309257 
-1.5217327893 
-1.5228717061 
-1.5239509729 
-1.5249737136 
-1.5259428889 
-1.5268613040 
-1.5277316176 
-1.5285563488 
-1.5293378850 
-1.5300784886 
-1.5307803032 
-1.5314453605 
-1.5320755855 
-1.5326728027 
-1.5332387407 
-1.5337750377 
-1.5342832463 
-1.5347648374 
-1.5352212053 
-1.5356536709 
-1.5360634861 
-1.5364518372 
-1.5368198485 
-1.5371685851 
-1.5374990565 
-1.5378122196 
-1.5381089806 
-1.5383901988 
