0.6892145031 0.7481515928 
0.5293260993 0.5702192627 
0.4565046171 0.4845418326 
0.4321367988 0.4505038769 
0.4343501607 0.4450747593 
0.4507760839 0.4552088478 
0.4744401460 0.4735296115 
0.5014284107 0.4958786487 
0.5295622816 0.5199238164 
0.5576461104 0.5443688274 
0.5850400654 0.5685044233 
0.6114177063 0.5919535287 
0.6366284454 0.6145265681 
0.6606195660 0.6361393430 
0.6833920552 0.6567664368 
0.7049756329 0.6764147952 
0.7254146750 0.6951087629 
0.7447603179 0.7128816256 
0.7630660661 0.7297708449 
0.7803853846 0.7458153903 
0.7967704123 0.7610542597 
0.8122713078 0.7755256743 
0.8269359493 0.7892666557 
0.8408098316 0.8023128182 
0.8539360697 0.8146982829 
0.8663554617 0.8264556590 
0.8781065786 0.8376160627 
0.8892258691 0.8482091570 
0.8997477671 0.8582632000 
0.9097048001 0.8678051004 
0.9191276936 0.8768604727 
0.9280454716 0.8854536934 
0.9364855522 0.8936079559 
0.9444738385 0.9013453241 
0.9520348036 0.9086867841 
0.9591915718 0.9156522936 
0.9659659944 0.9222608301 
0.9723787218 0.9285304366 
0.9784492707 0.9344782655 
0.9841960880 0.9401206209 
0.9896366108 0.9454729986 
0.9947873227 0.9505501247 
0.9996638075 0.9553659925 
1.0042807987 0.9599338977 
1.0086522276 0.9642664718 
1.0127912675 0.9683757144 
1.0167103755 0.9722730237 
1.0204213328 0.9759692259 
1.0239352815 0.9794746030 
1.0272627603 0.9827989191 
1.0304137375 0.9859514465 
1.0333976425 0.9889409891 
1.0362233955 0.9917759059 
1.0388994353 0.9944641329 
1.0414337459 0.9970132040 
1.0438338809 0.9994302709 
1.0461069880 1.0017221221 
1.0482598299 1.0038952009 
1.0502988064 1.0059556229 
1.0522299737 1.0079091919 
1.0540590628 1.0097614159 
1.0557914978 1.0115175219 
1.0574324121 1.0131824696 
1.0589866644 1.0147609655 
1.0604588535 1.0162574748 
1.0618533322 1.0176762344 
1.0631742210 1.0190212641 
1.0644254202 1.0202963772 
1.0656106220 1.0215051915 
1.0667333219 1.0226511390 
1.0677968289 1.0237374754 
1.0688042757 1.0247672886 
1.0697586285 1.0257435081 
1.0706626953 1.0266689122 
1.0715191350 1.0275461362 
1.0723304651 1.0283776795 
1.0730990693 1.0291659127 
1.0738272046 1.0299130840 
1.0745170085 1.0306213255 
1.0751705047 1.0312926592 
1.0757896097 1.0319290026 
1.0763761385 1.0325321741 
1.0769318098 1.0331038981 
1.0774582511 1.0336458096 
1.0779570040 1.0341594591 
1.0784295283 1.0346463167 
1.0788772066 1.0351077765 
1.0793013483 1.0355451603 
1.0797031935 1.0359597212 
1.0800839168 1.0363526475 
1.0804446308 1.0367250659 
1.0807863892 1.0370780444 
1.0811101900 1.0374125958 
1.0814169786 1.0377296801 
1.0817076504 1.0380302077 
1.0819830536 1.0383150414 
1.0822439916 1.0385849993 
1.0824912254 1.0388408572 
1.0827254759 1.0390833501 
1.0829474259 1.0393131751 
1.0831577223 1.0395309929 
