1.6905669481 
1.2902166144 
1.1056793694 
0.9874032498 
0.9074706400 
0.8499889984 
0.8058969167 
0.7700143478 
0.7393673135 
0.7122363986 
0.6876162941 
0.6649087797 
0.6437482845 
0.6239027421 
0.6052172116 
0.5875817889 
0.5709133165 
0.5551449331 
0.5402200798 
0.5395909076 
0.5397451389 
0.5398955966 
0.5400420362 
0.5401842989 
0.5403222857 
0.5404559409 
0.5405852415 
0.5407101905 
0.5408308113 
0.5409471446 
0.5410592451 
0.5411671789 
0.5412710223 
0.5413708590 
0.5414667797 
0.5415588801 
0.5416472600 
0.5417320225 
0.5418132727 
0.5418911174 
0.5419656643 
0.5420370211 
0.5421052954 
0.5421705943 
0.5422330235 
0.5422926875 
0.5423496891 
0.5424041293 
0.5424561069 
0.5425057186 
0.5425530585 
0.5425982185 
0.5426412878 
0.5426823530 
0.5427214982 
0.5427588047 
0.5427943512 
0.5428282137 
0.5428604656 
0.5428911777 
0.5429204182 
0.5429482528 
0.5429747447 
0.5429999546 
0.5430239409 
0.5430467595 
0.5430684644 
0.5430891069 
0.5431087367 
0.5431274009 
0.5431451451 
0.5431620125 
0.5431780448 
0.5431932816 
0.5432077609 
0.5432215190 
0.5432345907 
0.5432470089 
0.5432588054 
0.5432700103 
0.5432806525 
0.5432907593 
0.5433003570 
0.5433094706 
0.5433181238 
0.5433263394 
0.5433341390 
0.5433415432 
0.5433485716 
0.5433552429 
0.5433615749 
0.5433675845 
0.5433732879 
0.5433787003 
0.5433838363 
0.5433887099 
0.5433933342 
0.5433977218 
0.5434018846 
0.5434058340 
