1.0000000000
0.9286329860
0.8591659850
0.7915682470
0.7258090230
0.6618583710
0.5996863520
0.5392622160
0.4805576390
0.4235443010
0.3681914510
0.3144723860
0.2623579740
0.2118215120
0.1628338680
0.1153691470
0.0694006460
0.0249008520
-0.0181569390
-0.0597970030
-0.1000460440
-0.1389299560
-0.1764730160
-0.2127011180
-0.2476377290
-0.2813071250
-0.3137343910
-0.3449421860
-0.3749547860
-0.4037948470
-0.4314858380
-0.4580496060
-0.4835088090
-0.5078852970
-0.5312017260
-0.5534791360
-0.5747385660
-0.5950010560
-0.6142884540
-0.6326201810
-0.6500164670
-0.6664983520
-0.6820844470
-0.6967949820
-0.7106493790
-0.7236654390
-0.7358642020
-0.7472618530
-0.7578778120
-0.7677298810
-0.7768366730
-0.7852151800
-0.7928823960
-0.7998553140
-0.8061517370
-0.8117886580
-0.8167806430
-0.8211454940
-0.8248993960
-0.8280569130
-0.8306342300
-0.8326467230
-0.8341089560
-0.8350371140
-0.8354449530
-0.8353470400
-0.8347579390
-0.8336914060
-0.8321612000
-0.8301818850
-0.8277655990
-0.8249260990
-0.8216771420
-0.8180308650
-0.8140010240
-0.8095981410
-0.8048359700
-0.7997258410
-0.7942798930
-0.7885102620
-0.7824282780
-0.7760452700
-0.7693717580
-0.7624198790
-0.7551993440
-0.7477214810
-0.7399960030
-0.7320334270
-0.7238450830
-0.7154390620
-0.7068258860
-0.6980152630
-0.6890169050
-0.6798397130
-0.6704917780
-0.6609836210
-0.6513233330
-0.6415190070
-0.6315795440
-0.6215138440
-0.6113291920
-0.6010336780
-0.5906345870
-0.5801408180
-0.5695596550
-0.5588975720
-0.5481618510
-0.5373605840
-0.5265002460
-0.5155873090
-0.5046282470
-0.4936303440
-0.4825992630
-0.4715414790
-0.4604634640
-0.4493708840
-0.4382685930
-0.4271638750
-0.4160615840
-0.4049665760
-0.3938853240
-0.3828226850
-0.3717827030
-0.3607710430
-0.3497933700
-0.3388529200
-0.3279545490
-0.3171031110
-0.3063034630
-0.2955588410
-0.2848732910
-0.2742516680
-0.2636972080
-0.2532139590
-0.2428051570
-0.2324748480
-0.2222262680
-0.2120626550
-0.2019872450
-0.1920040850
-0.1821147920
-0.1723226040
-0.1626307570
-0.1530424890
-0.1435594170
-0.1341839690
-0.1249193830
-0.1157680850
-0.1067316940
-0.0978126380
-0.0890125350
-0.0803338130
-0.0717788990
-0.0633486030
-0.0550453520
-0.0468707640
-0.0388264590
-0.0309132440
-0.0231327400
-0.0154865630
-0.0079755230
-0.0006012390
0.0066346710
0.0137322070
0.0206905590
0.0275081100
0.0341840500
0.0407183800
0.0471094800
0.0533581600
0.0594619920
0.0654225950
0.0712375410
0.0769084490
0.0824337000
0.0878132940
0.0930480400
0.0981363200
0.1030789440
0.1078767190
0.1125288380
0.1170353000
0.1213961050
0.1256128720
0.1296847900
0.1336126710
0.1373965130
0.1410371260
0.1445353180
0.1478902820
0.1511044430
0.1541778030
0.1571103620
0.1599037370
0.1625579290
0.1650753650
0.1674544280
0.1696983530
0.1718071410
0.1737816000
0.1756225420
0.1773323910
0.1789103410
0.1803596270
0.1816794400
0.1828722080
0.1839387400
0.1848806540
0.1856995700
0.1863954860
0.1869708310
0.1874272220
0.1877654700
0.1879871920
0.1880931980
0.1880867240
0.1879669620
0.1877379570
0.1873997090
0.1869538370
0.1864027690
0.1857473130
0.1849898970
0.1841321400
0.1831748510
0.1821204570
0.1809705770
0.1797268290
0.1783916410
0.1769658220
0.1754517990
0.1738511920
0.1721656180
0.1703975060
0.1685476630
0.1666193280
0.1646133090
0.1625312250
0.1603763130
0.1581501900
0.1558536670
0.1534891700
0.1510583190
0.1485643490
0.1460080710
0.1433911020
0.1407158710
0.1379848050
0.1351995220
0.1323616400
0.1294727790
0.1265353650
0.1235518270
0.1205237820
0.1174528500
0.1143406480
0.1111896040
0.1080021460
0.1047798920
0.1015236520
0.0982366620
0.0949205400
0.0915777150
0.0882089950
0.0848159990
0.0814027730
0.0779685070
0.0745172490
0.0710498060
0.0675677970
0.0640736510
0.0605697940
0.0570562260
0.0535369940
0.0500120980
0.0464839640
0.0429542130
0.0394252700
0.0358979460
0.0323746680
0.0288570550
0.0253475330
0.0218461040
0.0183551940
0.0148764220
0.0114122160
0.0079633850
0.0045323560
0.0011191300
-0.0022730560
-0.0056425860
-0.0089894570
-0.0123112430
-0.0156063250
-0.0188730850
-0.0221107140
-0.0253175930
-0.0284912940
-0.0316318180
-0.0347367370
-0.0378052420
-0.0408357140
-0.0438265360
-0.0467777060
-0.0496859880
-0.0525521920
-0.0553738890
-0.0581494620
-0.0608789100
-0.0635598050
-0.0661921490
-0.0687743220
-0.0713055140
-0.0737841090
-0.0762092960
-0.0785802660
-0.0808954010
-0.0831547010
-0.0853565480
-0.0875001310
-0.0895854520
-0.0916100830
-0.0935740230
-0.0954764640
-0.0973165960
-0.0990936100
-0.1008075060
-0.1024558560
-0.1040394700
-0.1055575380
-0.1070084420
-0.1083929920
-0.1097095680
-0.1109581710
-0.1121379920
-0.1132490300
-0.1142904770
-0.1152615230
-0.1161621680
-0.1169924120
-0.1177514460
-0.1184392700
-0.1190550750
-0.1195996700
-0.1200714370
-0.1204711840
-0.1207981030
-0.1210530020
-0.1212350730
-0.1213443160
-0.1213807300
-0.1213443160
-0.1212350730
-0.1210530020
-0.1207981030
-0.1204711840
-0.1200714370
-0.1195996700
-0.1190550750
-0.1184392700
-0.1177514460
-0.1169924120
-0.1161621680
-0.1152615230
-0.1142904770
-0.1132490300
-0.1121379920
-0.1109581710
-0.1097095680
-0.1083929920
-0.1070084420
-0.1055575380
-0.1040394700
-0.1024558560
-0.1008075060
-0.0990936100
-0.0973165960
-0.0954764640
-0.0935740230
-0.0916100830
-0.0895854520
-0.0875001310
-0.0853565480
-0.0831547010
-0.0808954010
-0.0785802660
-0.0762092960
-0.0737841090
-0.0713055140
-0.0687743220
-0.0661921490
-0.0635598050
-0.0608789100
-0.0581494620
-0.0553738890
-0.0525521920
-0.0496859880
-0.0467777060
-0.0438265360
-0.0408357140
-0.0378052420
-0.0347367370
-0.0316318180
-0.0284912940
-0.0253175930
-0.0221107140
-0.0188730850
-0.0156063250
-0.0123112430
-0.0089894570
-0.0056425860
-0.0022730560
0.0011191300
0.0045323560
0.0079633850
0.0114122160
0.0148764220
0.0183551940
0.0218461040
0.0253475330
0.0288570550
0.0323746680
0.0358979460
0.0394252700
0.0429542130
0.0464839640
0.0500120980
0.0535369940
0.0570562260
0.0605697940
0.0640736510
0.0675677970
0.0710498060
0.0745172490
0.0779685070
0.0814027730
0.0848159990
0.0882089950
0.0915777150
0.0949205400
0.0982366620
0.1015236520
0.1047798920
0.1080021460
0.1111896040
0.1143406480
0.1174528500
0.1205237820
0.1235518270
0.1265353650
0.1294727790
0.1323616400
0.1351995220
0.1379848050
0.1407158710
0.1433911020
0.1460080710
0.1485643490
0.1510583190
0.1534891700
0.1558536670
0.1581501900
0.1603763130
0.1625312250
0.1646133090
0.1666193280
0.1685476630
0.1703975060
0.1721656180
0.1738511920
0.1754517990
0.1769658220
0.1783916410
0.1797268290
0.1809705770
0.1821204570
0.1831748510
0.1841321400
0.1849898970
0.1857473130
0.1864027690
0.1869538370
0.1873997090
0.1877379570
0.1879669620
0.1880867240
0.1880931980
0.1879871920
0.1877654700
0.1874272220
0.1869708310
0.1863954860
0.1856995700
0.1848806540
0.1839387400
0.1828722080
0.1816794400
0.1803596270
0.1789103410
0.1773323910
0.1756225420
0.1737816000
0.1718071410
0.1696983530
0.1674544280
0.1650753650
0.1625579290
0.1599037370
0.1571103620
0.1541778030
0.1511044430
0.1478902820
0.1445353180
0.1410371260
0.1373965130
0.1336126710
0.1296847900
0.1256128720
0.1213961050
0.1170353000
0.1125288380
0.1078767190
0.1030789440
0.0981363200
0.0930480400
0.0878132940
0.0824337000
0.0769084490
0.0712375410
0.0654225950
0.0594619920
0.0533581600
0.0471094800
0.0407183800
0.0341840500
0.0275081100
0.0206905590
0.0137322070
0.0066346710
-0.0006012390
-0.0079755230
-0.0154865630
-0.0231327400
-0.0309132440
-0.0388264590
-0.0468707640
-0.0550453520
-0.0633486030
-0.0717788990
-0.0803338130
-0.0890125350
-0.0978126380
-0.1067316940
-0.1157680850
-0.1249193830
-0.1341839690
-0.1435594170
-0.1530424890
-0.1626307570
-0.1723226040
-0.1821147920
-0.1920040850
-0.2019872450
-0.2120626550
-0.2222262680
-0.2324748480
-0.2428051570
-0.2532139590
-0.2636972080
-0.2742516680
-0.2848732910
-0.2955588410
-0.3063034630
-0.3171031110
-0.3279545490
-0.3388529200
-0.3497933700
-0.3607710430
-0.3717827030
-0.3828226850
-0.3938853240
-0.4049665760
-0.4160615840
-0.4271638750
-0.4382685930
-0.4493708840
-0.4604634640
-0.4715414790
-0.4825992630
-0.4936303440
-0.5046282470
-0.5155873090
-0.5265002460
-0.5373605840
-0.5481618510
-0.5588975720
-0.5695596550
-0.5801408180
-0.5906345870
-0.6010336780
-0.6113291920
-0.6215138440
-0.6315795440
-0.6415190070
-0.6513233330
-0.6609836210
-0.6704917780
-0.6798397130
-0.6890169050
-0.6980152630
-0.7068258860
-0.7154390620
-0.7238450830
-0.7320334270
-0.7399960030
-0.7477214810
-0.7551993440
-0.7624198790
-0.7693717580
-0.7760452700
-0.7824282780
-0.7885102620
-0.7942798930
-0.7997258410
-0.8048359700
-0.8095981410
-0.8140010240
-0.8180308650
-0.8216771420
-0.8249260990
-0.8277655990
-0.8301818850
-0.8321612000
-0.8336914060
-0.8347579390
-0.8353470400
-0.8354449530
-0.8350371140
-0.8341089560
-0.8326467230
-0.8306342300
-0.8280569130
-0.8248993960
-0.8211454940
-0.8167806430
-0.8117886580
-0.8061517370
-0.7998553140
-0.7928823960
-0.7852151800
-0.7768366730
-0.7677298810
-0.7578778120
-0.7472618530
-0.7358642020
-0.7236654390
-0.7106493790
-0.6967949820
-0.6820844470
-0.6664983520
-0.6500164670
-0.6326201810
-0.6142884540
-0.5950010560
-0.5747385660
-0.5534791360
-0.5312017260
-0.5078852970
-0.4835088090
-0.4580496060
-0.4314858380
-0.4037948470
-0.3749547860
-0.3449421860
-0.3137343910
-0.2813071250
-0.2476377290
-0.2127011180
-0.1764730160
-0.1389299560
-0.1000460440
-0.0597970030
-0.0181569390
0.0249008520
0.0694006460
0.1153691470
0.1628338680
0.2118215120
0.2623579740
0.3144723860
0.3681914510
0.4235443010
0.4805576390
0.5392622160
0.5996863520
0.6618583710
0.7258090230
0.7915682470
0.8591659850
0.9286329860
