-0.2985457928 0.8780031240 0.7518856230 0.1003126858 
-0.2851681196 0.8812901790 0.7800666225 0.0998894777 
-0.2829728516 0.8805622407 0.7727303668 0.0977262117 
-0.2806482000 0.8796283669 0.7659709131 0.0956470754 
-0.2781745351 0.8785369306 0.7599524980 0.0936736250 
-0.2755389226 0.8773347927 0.7547634179 0.0918242407 
-0.2727370113 0.8760655538 0.7504180694 0.0901128149 
-0.2697742414 0.8747678248 0.7468682828 0.0885479949 
-0.2666661380 0.8734738916 0.7440205127 0.0871330787 
-0.2634376156 0.8722089971 0.7417549452 0.0858664966 
-0.2601213943 0.8709912904 0.7399431988 0.0847427034 
-0.2567557728 0.8698323519 0.7384624890 0.0837532610 
-0.2533820897 0.8687381189 0.7372053681 0.0828879228 
-0.2500422096 0.8677100169 0.7360851287 0.0821355844 
-0.2467763145 0.8667461238 0.7350375679 0.0814850336 
-0.2436211810 0.8658422423 0.7340200683 0.0809254860 
-0.2406090198 0.8649928077 0.7330089667 0.0804469261 
-0.2377668614 0.8641916018 0.7319960438 0.0800402910 
-0.2351164124 0.8634322780 0.7309847717 0.0796975380 
-0.2326742728 0.8627087193 0.7299867506 0.0794116330 
-0.2304524015 0.8620152598 0.7290185927 0.0791764894 
-0.2284587231 0.8613468039 0.7280993694 0.0789868795 
-0.2266977943 0.8606988704 0.7272486471 0.0788383342 
-0.2251714655 0.8600675874 0.7264850709 0.0787270408 
-0.2238794968 0.8594496554 0.7258254237 0.0786497452 
-0.2228201050 0.8588422940 0.7252840762 0.0786036616 
-0.2219904293 0.8582431806 0.7248727389 0.0785863920 
-0.2213869162 0.8576503884 0.7246004366 0.0785958551 
-0.2210056268 0.8570623265 0.7244736387 0.0786302254 
-0.2208424752 0.8564776863 0.7244964858 0.0786878810 
-0.2208934075 0.8558953932 0.7246710715 0.0787673600 
-0.2211545314 0.8553145651 0.7249977455 0.0788673244 
-0.2216222056 0.8547344775 0.7254754147 0.0789865300 
-0.2222930972 0.8541545339 0.7261018271 0.0791238024 
-0.2231642154 0.8535742415 0.7268738298 0.0792780177 
-0.2242329263 0.8529931918 0.7277875947 0.0794480867 
-0.2254969551 0.8524110443 0.7288388125 0.0796329433 
-0.2269543787 0.8518275144 0.7300228540 0.0798315347 
-0.2286036125 0.8512423629 0.7313349026 0.0800428150 
-0.2304433936 0.8506553886 0.7327700594 0.0802657397 
-0.2324727623 0.8500664222 0.7343234261 0.0804992620 
-0.2346910431 0.8494753218 0.7359901674 0.0807423308 
-0.2370978259 0.8488819694 0.7377655578 0.0809938888 
-0.2396929484 0.8482862686 0.7396450144 0.0812528723 
-0.2424764806 0.8476881424 0.7416241199 0.0815182110 
-0.2454487095 0.8470875324 0.7436986364 0.0817888289 
-0.2486101272 0.8464843979 0.7458645130 0.0820636448 
-0.2519614195 0.8458787154 0.7481178888 0.0823415741 
-0.2555034568 0.8452704783 0.7504550923 0.0826215302 
-0.2592372866 0.8446596970 0.7528726375 0.0829024264 
-0.2631641271 0.8440463990 0.7553672192 0.0831831783 
-0.2672853621 0.8434306295 0.7579357064 0.0834627054 
-0.2716025381 0.8428124512 0.7605751354 0.0837399338 
-0.2761173611 0.8421919453 0.7632827020 0.0840137987 
-0.2808316952 0.8415692117 0.7660557541 0.0842832465 
-0.2857475619 0.8409443696 0.7688917840 0.0845472378 
-0.2908671403 0.8403175582 0.7717884206 0.0848047494 
-0.2961927676 0.8396889372 0.7747434223 0.0850547773 
-0.3017269407 0.8390586875 0.7777546694 0.0852963387 
-0.3074723180 0.8384270120 0.7808201574 0.0855284748 
-0.3134317218 0.8377941363 0.7839379900 0.0857502532 
-0.3196081413 0.8371603090 0.7871063726 0.0859607699 
-0.3260047357 0.8365258033 0.7903236055 0.0861591515 
-0.3326248380 0.8358909168 0.7935880779 0.0863445576 
-0.3394719589 0.8352559730 0.7968982615 0.0865161824 
-0.3465497909 0.8346213221 0.8002527044 0.0866732565 
-0.3538622130 0.8339873414 0.8036500248 0.0868150489 
-0.3614132952 0.8333544364 0.8070889053 0.0869408680 
-0.3692073035 0.8327230420 0.8105680863 0.0870500632 
-0.3772487047 0.8320936227 0.8140863603 0.0871420258 
-0.3855421716 0.8314666743 0.8176425657 0.0872161904 
-0.3940925878 0.8308427246 0.8212355803 0.0872720348 
-0.4029050526 0.8302223340 0.8248643150 0.0873090813 
-0.4119848863 0.8296060973 0.8285277077 0.0873268968 
-0.4213376340 0.8289946439 0.8322247165 0.0873250927 
-0.4309690707 0.8283886396 0.8359543126 0.0873033252 
-0.4408852043 0.8277887872 0.8397154739 0.0872612947 
-0.4510922796 0.8271958281 0.8435071776 0.0871987455 
-0.4615967804 0.8266105428 0.8473283926 0.0871154652 
-0.4724054315 0.8260337530 0.8511780724 0.0870112838 
-0.4835251995 0.8254663218 0.8550551466 0.0868860724 
-0.4949632924 0.8249091557 0.8589585131 0.0867397422 
-0.5067271578 0.8243632057 0.8628870291 0.0865722433 
-0.5188244795 0.8238294683 0.8668395029 0.0863835628 
-0.5312631727 0.8233089871 0.8708146837 0.0861737229 
-0.5440513764 0.8228028540 0.8748112527 0.0859427798 
-0.5571974443 0.8223122104 0.8788278125 0.0856908209 
-0.5707099324 0.8218382490 0.8828628764 0.0854179631 
-0.5845975844 0.8213822146 0.8869148579 0.0851243504 
-0.5988693135 0.8209454057 0.8909820582 0.0848101518 
-0.6135341807 0.8205291757 0.8950626548 0.0844755590 
-0.6286013698 0.8201349343 0.8991546880 0.0841207837 
-0.6440801583 0.8197641489 0.9032560481 0.0837460556 
-0.6599798836 0.8194183452 0.9073644610 0.0833516198 
-0.6763099056 0.8190991090 0.9114774734 0.0829377350 
-0.6930795642 0.8188080868 0.9155924378 0.0825046708 
-0.7102981321 0.8185469870 0.9197064954 0.0820527062 
-0.7279747633 0.8183175804 0.9238165599 0.0815821279 
-0.7461184369 0.8181217010 0.9279192989 0.0810932287 
-0.7647378964 0.8179612460 0.9320111152 0.0805863063 
-0.7647378964 0.8179612460 0.9320111152 0.0805863063 
-0.7838415853 0.8178381767 0.9360881268 0.0800616634 
-0.8034375795 0.8177545172 0.9401461458 0.0795196066 
-0.8235335159 0.8177123549 0.9441806558 0.0789604478 
-0.8441365206 0.8177138388 0.9481867881 0.0783845048 
-0.8652531351 0.8177611783 0.9521592957 0.0777921033 
-0.8868892436 0.8178566410 0.9560925263 0.0771835801 
-0.9090500019 0.8180025500 0.9599803918 0.0765592861 
-0.9317397698 0.8182012804 0.9638163359 0.0759195915 
-0.9549620488 0.8184552548 0.9675932987 0.0752648915 
-0.9787194269 0.8187669379 0.9713036767 0.0745956130 
-1.0030135315 0.8191388299 0.9749392798 0.0739122228 
-1.0278449940 0.8195734585 0.9784912821 0.0732152368 
-1.0532134262 0.8200733698 0.9819501677 0.0725052302 
-1.0791174102 0.8206411170 0.9853056693 0.0717828493 
-1.1055545041 0.8212792481 0.9885466995 0.0710488236 
-1.1325212630 0.8219902906 0.9916612731 0.0703039798 
-1.1600132769 0.8227767349 0.9946364200 0.0695492555 
-1.1880252245 0.8236410151 0.9974580870 0.0687857145 
-1.2165509431 0.8245854868 1.0001110279 0.0680145617 
-1.2455835132 0.8256124025 1.0025786807 0.0672371584 
-1.2751153557 0.8267238843 1.0048430313 0.0664550374 
-1.3051383411 0.8279218927 1.0068844627 0.0656699173 
-1.3356439057 0.8292081931 1.0086815899 0.0648837161 
-1.3666231744 0.8305843175 1.0102110797 0.0640985634 
-1.3980670855 0.8320515245 1.0114474562 0.0633168105 
-1.4299665144 0.8336107536 1.0123628936 0.0625410389 
-1.4623123942 0.8352625777 1.0129269958 0.0617740659 
-1.4950958282 0.8370071505 1.0131065677 0.0610189478 
-1.5283081937 0.8388441510 1.0128653789 0.0602789798 
-1.5619412327 0.8407727244 1.0121639239 0.0595576930 
-1.5959871295 0.8427914194 1.0109591845 0.0588588484 
-1.6304385723 0.8448981227 1.0092043983 0.0581864276 
-1.6652887982 0.8470899901 1.0068488391 0.0575446210 
-1.7005316217 0.8493633761 1.0038376171 0.0569378145 
-1.7361614461 0.8517137602 1.0001115031 0.0563705736 
-1.7721732583 0.8541356735 0.9956067857 0.0558476280 
-1.8085626078 0.8566226230 0.9902551638 0.0553738561 
-1.8453255700 0.8591670172 0.9839836814 0.0549542709 
-1.8824586955 0.8617600927 0.9767147027 0.0545940094 
-1.9199589447 0.8643918427 0.9683659276 0.0542983251 
-1.9578236081 0.8670509495 0.9588504351 0.0540725857 
-1.9960502113 0.8697247220 0.9480767434 0.0539222773 
-2.0346364008 0.8723990388 0.9359488581 0.0538530141 
-2.0735798086 0.8750582993 0.9223662795 0.0538705558 
-2.1128778855 0.8776853827 0.9072239238 0.0539808307 
-2.1525276951 0.8802616155 0.8904119172 0.0541899657 
-2.1925256548 0.8827667484 0.8718152147 0.0545043210 
-2.2328672070 0.8851789405 0.8513130192 0.0549305290 
-2.2735464021 0.8874747514 0.8287779975 0.0554755364 
-2.3145553770 0.8896291411 0.8040753486 0.0561466477 
-2.3558837151 0.8916154788 0.7770618529 0.0569515694 
-2.3975176857 0.8934055670 0.7475851401 0.0578984541 
-2.4394393780 0.8949696904 0.7154835534 0.0589959426 
-2.4816257687 0.8962767079 0.6805871688 0.0602532039 
-2.5240477930 0.8972942138 0.6427207557 0.0616799703 
-2.5666695184 0.8979888009 0.6017097526 0.0632865660 
-2.6094475382 0.8983264688 0.5573906795 0.0650839243 
-2.6523306928 0.8982732215 0.5096277964 0.0670835868 
-2.6952601505 0.8977959049 0.4583381395 0.0692976708 
-2.7381697094 0.8968633333 0.4035270889 0.0717387781 
-2.7809858730 0.8954477673 0.3453358534 0.0744197925 
-2.8236268094 0.8935268205 0.2840999906 0.0773534731 
-2.8659988503 0.8910859130 0.2204135367 0.0805516927 
-2.9079890215 0.8881214104 0.1551864437 0.0840241255 
-2.9494527099 0.8846445511 0.0896755439 0.0877762049 
-2.9901973908 0.8806860643 0.0254655488 0.0918063273 
-3.0299662040 0.8763009734 -0.0356178141 0.0961026016 
-3.0684278863 0.8715725362 -0.0916630150 0.1006398425 
-3.1051802255 0.8666138391 -0.1408725853 0.1053777615 
-3.1397714797 0.8615655438 -0.1817647009 0.1102612133 
-3.1717387647 0.8565888504 -0.2133302738 0.1152228920 
-3.2006567566 0.8518537975 -0.2351140599 0.1201882262 
-3.2261868589 0.8475242458 -0.2472128434 0.1250816523 
-3.2481172914 0.8437419007 -0.2502059101 0.1298331067 
-3.2663875557 0.8406121675 -0.2450443464 0.1343835634 
-3.2810947444 0.8381943602 -0.2329254094 0.1386887248 
-3.2924827547 0.8364978535 -0.2151711493 0.1427204731 
-3.3009179405 0.8354844677 -0.1931223570 0.1464662290 
-3.3068559444 0.8350761042 -0.1680529440 0.1499267629 
-3.3108046092 0.8351657680 -0.1411063861 0.1531131678 
-3.3132872810 0.8356298146 -0.1132539401 0.1560436374 
-3.3148098523 0.8363394893 -0.0852730698 0.1587405021 
-3.3158337952 0.8371704096 -0.0577435187 0.1612277574 
-3.3167564071 0.8380093243 -0.0310577083 0.1635291489 
-3.3178986058 0.8387580819 -0.0054417179 0.1656667742 
-3.3194999062 0.8393351608 0.0190169580 0.1676601219 
-3.3217196904 0.8396753329 0.0423384024 0.1695254610 
-3.3246435433 0.8397280829 0.0646190311 0.1712755055 
-3.3282932544 0.8394553532 0.0860024665 0.1729192961 
-3.3326390636 0.8388290650 0.1066541905 0.1744622465 
-3.3376128311 0.8378287369 0.1267409678 0.1759063118 
-3.3431209987 0.8364393966 0.1464154454 0.1772502359 
-3.3490564569 0.8346498816 0.1658058524 0.1784898351 
-3.3553086956 0.8324515496 0.1850103609 0.1796182810 
-3.3617718738 0.8298373688 0.2040954195 0.1806263446 
-3.3683506788 0.8268013320 0.2230972310 0.1815025752 
-3.3749640368 0.8233381248 0.2420254942 0.1822333934 
-3.3815468816 0.8194429775 0.2608685578 0.1828030882 
-3.3880502898 0.8151116386 0.2795992211 0.1831937175 
-3.3880502898 0.8151116386 0.2795992211 0.1831937175 
-3.3944403444 0.8103404137 0.2981805381 0.1833849216 
-3.4006961043 0.8051262316 0.3165711320 0.1833536656 
-3.4068070416 0.7994667054 0.3347296777 0.1830739365 
-3.4127702700 0.7933601728 0.3526183585 0.1825164229 
-3.4185878312 0.7868057049 0.3702052320 0.1816482118 
-3.4242642439 0.7798030830 0.3874655451 0.1804325361 
-3.4298044554 0.7723527477 0.4043821171 0.1788286085 
-3.4352122728 0.7644557252 0.4209449624 0.1767915710 
-3.4404892994 0.7561135419 0.4371503476 0.1742725858 
-3.4456343568 0.7473281332 0.4529994839 0.1712190829 
-3.4506433408 0.7381017554 0.4684970420 0.1675751690 
-3.4555094385 0.7284369056 0.4836496515 0.1632821909 
-3.4602236221 0.7183362542 0.4984645149 0.1582794326 
-3.4647753322 0.7078025914 0.5129482303 0.1525049158 
-3.4691532684 0.6968387892 0.5271058832 0.1458962635 
-3.4733462112 0.6854477774 0.5409404341 0.1383915842 
-3.4773438140 0.6736325327 0.5544524031 0.1299303324 
-3.4811373143 0.6613960782 0.5676398289 0.1204541055 
-3.4847201293 0.6487414918 0.5804984641 0.1099073470 
-3.4880883116 0.6356719201 0.5930221582 0.0982379334 
-3.4912408566 0.6221905975 0.6052033741 0.0853976362 
-3.4941798597 0.6083008687 0.6170337808 0.0713424595 
-3.4969105340 0.5940062140 0.6285048710 0.0560328650 
-3.4994411041 0.5793102790 0.6396085543 0.0394339028 
-3.5017825961 0.5642169090 0.6503376872 0.0215152708 
-3.5039485481 0.5487301914 0.6606865096 0.0022513305 
-3.5059546645 0.5328545076 0.6706509674 -0.0183788946 
-3.5078184373 0.5165945977 0.6802289098 -0.0403917134 
-3.5095587549 0.4999556413 0.6894201630 -0.0637987315 
-3.5111955154 0.4829433550 0.6982264848 -0.0886067672 
-3.5127492589 0.4655641104 0.7066514153 -0.1148177046 
-3.5142408267 0.4478250720 0.7147000429 -0.1424282771 
-3.5156910564 0.4297343555 0.7223787049 -0.1714297751 
-3.5171205131 0.4113012053 0.7296946476 -0.2018076821 
-3.5185492605 0.3925361884 0.7366556660 -0.2335412438 
-3.5199966674 0.3734514019 0.7432697458 -0.2666029858 
-3.5214812516 0.3540606876 0.7495447235 -0.3009581939 
-3.5230205538 0.3343798491 0.7554879822 -0.3365643851 
-3.5246310422 0.3144268611 0.7611061932 -0.3733707943 
-3.5263280418 0.2942220628 0.7664051129 -0.4113179140 
-3.5281256876 0.2737883244 0.7713894413 -0.4503371248 
-3.5300368964 0.2531511716 0.7760627447 -0.4903504599 
-3.5320733564 0.2323388582 0.7804274448 -0.5312705480 
-3.5342455306 0.2113823698 0.7844848719 -0.5730007786 
-3.5365626717 0.1903153474 0.7882353817 -0.6154357280 
-3.5390328460 0.1691739187 0.7916785287 -0.6584618753 
-3.5416629641 0.1479964307 0.7948132908 -0.7019586261 
-3.5444588178 0.1268230795 0.7976383345 -0.7457996381 
-3.5474251208 0.1056954447 0.8001523072 -0.7898544276 
-3.5505655563 0.0846559369 0.8023541405 -0.8339902063 
-3.5538828299 0.0637471810 0.8042433459 -0.8780738825 
-3.5573787331 0.0430113603 0.8058202802 -0.9219741378 
-3.5610542156 0.0224895528 0.8070863641 -0.9655634872 
-3.5649094709 0.0022210935 0.8080442344 -1.0087202235 
-3.5689440328 -0.0177570073 0.8086978213 -1.0513301626 
-3.5731568813 -0.0374105622 0.8090523464 -1.0932881164 
-3.5775465537 -0.0567086032 0.8091142478 -1.1344990492 
-3.5821112542 -0.0756236662 0.8088910440 -1.1748788923 
-3.5868489555 -0.0941319624 0.8083911552 -1.2143550186 
-3.5917574863 -0.1122134430 0.8076237029 -1.2528663960 
-3.5968345965 -0.1298517690 0.8065983080 -1.2903634553 
-3.6020780000 -0.1470342025 0.8053249030 -1.3268077154 
-3.6074853904 -0.1637514344 0.8038135709 -1.3621712132 
-3.6130544334 -0.1799973666 0.8020744158 -1.3964357861 
-3.6187827391 -0.1957688625 0.8001174660 -1.4295922525 
-3.6246678186 -0.2110654775 0.7979526057 -1.4616395302 
-3.6307070326 -0.2258891809 0.7955895292 -1.4925837284 
-3.6368975375 -0.2402440771 0.7930377107 -1.5224372425 
-3.6432362355 -0.2541361314 0.7903063827 -1.5512178758 
-3.6497197330 -0.2675729066 0.7874045195 -1.5789480056 
-3.6563443105 -0.2805633133 0.7843408196 -1.6056538073 
-3.6631059069 -0.2931173766 0.7811236891 -1.6313645453 
-3.6700001178 -0.3052460223 0.7777612234 -1.6561119352 
-3.6770222071 -0.3169608815 0.7742611901 -1.6799295776 
-3.6841671310 -0.3282741172 0.7706310140 -1.7028524638 
-3.6914295712 -0.3391982704 0.7668777674 -1.7249165489 
-3.6988039753 -0.3497461260 0.7630081657 -1.7461583869 
-3.7062846013 -0.3599305985 0.7590285711 -1.7666148226 
-3.7138655640 -0.3697646338 0.7549450032 -1.7863227333 
-3.7215408812 -0.3792611284 0.7507631576 -1.8053188145 
-3.7293045177 -0.3884328612 0.7464884307 -1.8236394018 
-3.7371504258 -0.3972924393 0.7421259495 -1.8413203245 
-3.7450725820 -0.4058522527 0.7376806049 -1.8583967843 
-3.7530650186 -0.4141244386 0.7331570860 -1.8749032557 
-3.7611218516 -0.4221208532 0.7285599146 -1.8908734025 
-3.7692373029 -0.4298530486 0.7238934777 -1.9063400088 
-3.7774057198 -0.4373322550 0.7191620561 -1.9213349203 
-3.7856215904 -0.4445693672 0.7143698499 -1.9358889951 
-3.7938795561 -0.4515749329 0.7095209974 -1.9500320612 
-3.8021744218 -0.4583591448 0.7046195909 -1.9637928810 
-3.8105011645 -0.4649318344 0.6996696854 -1.9771991209 
-3.8188549397 -0.4713024671 0.6946753033 -1.9902773258 
-3.8272310875 -0.4774801399 0.6896404350 -2.0030528987 
-3.8356251373 -0.4834735796 0.6845690349 -2.0155500847 
-3.8440328116 -0.4892911432 0.6794650147 -2.0277919597 
-3.8524500297 -0.4949408193 0.6743322344 -2.0398004240 
-3.8608729104 -0.5004302308 0.6691744918 -2.0515961998 
-3.8692977736 -0.5057666386 0.6639955103 -2.0631988352 
-3.8777211421 -0.5109569473 0.6587989271 -2.0746267107 
-3.8777211421 -0.5109569473 0.6587989271 -2.0746267107 
-3.8861397422 -0.5160077116 0.6535882810 -2.0858970529 
-3.8945505029 -0.5209251433 0.6483670016 -2.0970259507 
-3.9029505557 -0.5257151205 0.6431383980 -2.1080283782 
-3.9113372321 -0.5303831967 0.6379056500 -2.1189182202 
-3.9197080610 -0.5349346117 0.6326718000 -2.1297083029 
-3.9280607654 -0.5393743020 0.6274397467 -2.1404104283 
-3.9363932573 -0.5437069134 0.6222122398 -2.1510354114 
-3.9447036331 -0.5479368128 0.6169918768 -2.1615931217 
-3.9529901673 -0.5520681013 0.6117811010 -2.1720925255 
-3.9612513061 -0.5561046274 0.6065822010 -2.1825417321 
-3.9694856603 -0.5600499998 0.6013973115 -2.1929480406 
-3.9776919976 -0.5639076014 0.5962284154 -2.2033179879 
-3.9858692345 -0.5676806023 0.5910773471 -2.2136573976 
-3.9940164284 -0.5713719732 0.5859457963 -2.2239714293 
-4.0021327690 -0.5749844986 0.5808353136 -2.2342646269 
-4.0102175697 -0.5785207894 0.5757473155 -2.2445409671 
-4.0182702590 -0.5819832956 0.5706830911 -2.2548039060 
-4.0262903721 -0.5853743181 0.5656438089 -2.2650564252 
-4.0342775425 -0.5886960204 0.5606305234 -2.2753010757 
-4.0422314939 -0.5919504396 0.5556441827 -2.2855400195 
-4.0501520319 -0.5951394969 0.5506856357 -2.2957750704 
-4.0580390367 -0.5982650075 0.5457556393 -2.3060077309 
-4.0658924557 -0.6013286900 0.5408548655 -2.3162392279 
-4.0737122966 -0.6043321747 0.5359839087 -2.3264705457 
-4.0814986204 -0.6072770122 0.5311432920 -2.3367024560 
-4.0892515358 -0.6101646806 0.5263334742 -2.3469355459 
-4.0969711932 -0.6129965920 0.5215548554 -2.3571702435 
-4.1046577795 -0.6157740995 0.5168077829 -2.3674068406 
-4.1123115127 -0.6184985023 0.5120925565 -2.3776455138 
-4.1199326382 -0.6211710508 0.5074094336 -2.3878863424 
-4.1275214241 -0.6237929516 0.5027586335 -2.3981293256 
-4.1350781577 -0.6263653714 0.4981403413 -2.4083743960 
-4.1426031422 -0.6288894405 0.4935547119 -2.4186214325 
-4.1500966937 -0.6313662562 0.4890018734 -2.4288702713 
-4.1575591386 -0.6337968857 0.4844819292 -2.4391207150 
-4.1649908114 -0.6361823681 0.4799949615 -2.4493725400 
-4.1723920523 -0.6385237169 0.4755410329 -2.4596255036 
-4.1797632058 -0.6408219219 0.4711201883 -2.4698793488 
-4.1871046193 -0.6430779501 0.4667324568 -2.4801338091 
-4.1944166411 -0.6452927474 0.4623778528 -2.4903886114 
-4.2016996203 -0.6474672398 0.4580563771 -2.5006434787 
-4.2089539052 -0.6496023339 0.4537680178 -2.5108981323 
-4.2161798426 -0.6516989174 0.4495127512 -2.5211522924 
-4.2233777776 -0.6537578604 0.4452905418 -2.5314056798 
-4.2305480526 -0.6557800149 0.4411013434 -2.5416580156 
-4.2376910073 -0.6577662156 0.4369450990 -2.5519090215 
-4.2448069781 -0.6597172801 0.4328217409 -2.5621584196 
-4.2518962984 -0.6616340088 0.4287311909 -2.5724059319 
-4.2589592975 -0.6635171851 0.4246733607 -2.5826512798 
-4.2659963017 -0.6653675755 0.4206481512 -2.5928941834 
-4.2730076330 -0.6671859293 0.4166554532 -2.6031343608 
-4.2799936101 -0.6689729790 0.4126951466 -2.6133715274 
-4.2869545478 -0.6707294399 0.4087671010 -2.6236053947 
-4.2938907571 -0.6724560100 0.4048711754 -2.6338356702 
-4.3008025454 -0.6741533704 0.4010072179 -2.6440620560 
-4.3076902163 -0.6758221847 0.3971750661 -2.6542842489 
-4.3145540700 -0.6774630993 0.3933745467 -2.6645019391 
-4.3213944027 -0.6790767432 0.3896054756 -2.6747148099 
-4.3282115074 -0.6806637282 0.3858676580 -2.6849225375 
-4.3350056731 -0.6822246485 0.3821608885 -2.6951247903 
-4.3417771856 -0.6837600813 0.3784849511 -2.7053212288 
-4.3485263271 -0.6852705862 0.3748396193 -2.7155115056 
-4.3552533761 -0.6867567057 0.3712246561 -2.7256952645 
-4.3619586078 -0.6882189653 0.3676398146 -2.7358721415 
-4.3686422936 -0.6896578732 0.3640848380 -2.7460417642 
-4.3753047016 -0.6910739211 0.3605594596 -2.7562037518 
-4.3819460960 -0.6924675836 0.3570634037 -2.7663577157 
-4.3885667376 -0.6938393190 0.3535963851 -2.7765032595 
-4.3951668835 -0.6951895691 0.3501581102 -2.7866399791 
-4.4017467871 -0.6965187597 0.3467482771 -2.7967674635 
-4.4083066979 -0.6978273005 0.3433665755 -2.8068852947 
-4.4148468618 -0.6991155857 0.3400126881 -2.8169930482 
-4.4213675206 -0.7003839941 0.3366862902 -2.8270902935 
-4.4278689124 -0.7016328894 0.3333870505 -2.8371765948 
-4.4343512712 -0.7028626204 0.3301146314 -2.8472515109 
-4.4408148270 -0.7040735217 0.3268686900 -2.8573145963 
-4.4472598056 -0.7052659133 0.3236488778 -2.8673654013 
-4.4536864289 -0.7064401017 0.3204548419 -2.8774034728 
-4.4600949144 -0.7075963799 0.3172862250 -2.8874283545 
-4.4664854754 -0.7087350276 0.3141426664 -2.8974395879 
-4.4728583209 -0.7098563118 0.3110238023 -2.9074367124 
-4.4792136557 -0.7109604871 0.3079292662 -2.9174192661 
-4.4855516800 -0.7120477961 0.3048586897 -2.9273867862 
-4.4918725899 -0.7131184698 0.3018117028 -2.9373388095 
-4.4981765767 -0.7141727276 0.2987879347 -2.9472748732 
-4.5044638277 -0.7152107784 0.2957870141 -2.9571945150 
-4.5107345254 -0.7162328203 0.2928085699 -2.9670972738 
-4.5169888481 -0.7172390415 0.2898522316 -2.9769826903 
-4.5232269693 -0.7182296203 0.2869176298 -2.9868503074 
-4.5294490585 -0.7192047257 0.2840043968 -2.9966996704 
-4.5356552805 -0.7201645178 0.2811121672 -3.0065303281 
-4.5418457958 -0.7211091479 0.2782405780 -3.0163418324 
-4.5480207604 -0.7220387595 0.2753892697 -3.0261337395 
-4.5541803261 -0.7229534878 0.2725578860 -3.0359056097 
-4.5603246405 -0.7238534611 0.2697460748 -3.0456570084 
-4.5664538466 -0.7247388001 0.2669534887 -3.0553875059 
-4.5725680837 -0.7256096193 0.2641797848 -3.0650966781 
-4.5786674867 -0.7264660265 0.2614246259 -3.0747841069 
-4.5847521866 -0.7273081238 0.2586876801 -3.0844493804 
-4.5847521866 -0.7273081238 0.2586876801 -3.0844493804 
-4.5908223104 -0.7281360076 0.2559686219 -3.0940920932 
-4.5968779812 -0.7289497690 0.2532671321 -3.1037118469 
-4.6029193184 -0.7297494942 0.2505828982 -3.1133082503 
-4.6089464379 -0.7305352650 0.2479156148 -3.1228809196 
-4.6149594518 -0.7313071589 0.2452649838 -3.1324294787 
-4.6209584689 -0.7320652492 0.2426307149 -3.1419535598 
-4.6269435947 -0.7328096061 0.2400125256 -3.1514528032 
-4.6329149314 -0.7335402960 0.2374101414 -3.1609268575 
-4.6388725783 -0.7342573828 0.2348232964 -3.1703753805 
-4.6448166317 -0.7349609275 0.2322517329 -3.1797980384 
-4.6507471851 -0.7356509885 0.2296952023 -3.1891945070 
-4.6566643294 -0.7363276224 0.2271534647 -3.1985644712 
-4.6625681529 -0.7369908839 0.2246262889 -3.2079076252 
-4.6684587418 -0.7376408258 0.2221134534 -3.2172236731 
-4.6743361799 -0.7382774998 0.2196147453 -3.2265123286 
-4.6802005490 -0.7389009566 0.2171299614 -3.2357733154 
-4.6860519291 -0.7395112457 0.2146589076 -3.2450063672 
-4.6918903984 -0.7401084163 0.2122013992 -3.2542112277 
-4.6977160336 -0.7406925167 0.2097572609 -3.2633876508 
-4.7035289101 -0.7412635955 0.2073263267 -3.2725354007 
-4.7093291019 -0.7418217008 0.2049084399 -3.2816542521 
-4.7151166821 -0.7423668810 0.2025034531 -3.2907439898 
-4.7208917228 -0.7428991849 0.2001112282 -3.2998044092 
-4.7266542954 -0.7434186617 0.1977316362 -3.3088353161 
-4.7324044707 -0.7439253612 0.1953645569 -3.3178365267 
-4.7381423191 -0.7444193339 0.1930098795 -3.3268078677 
-4.7438679110 -0.7449006314 0.1906675015 -3.3357491763 
-4.7495813164 -0.7453693062 0.1883373293 -3.3446603001 
-4.7552826054 -0.7458254121 0.1860192778 -3.3535410971 
-4.7609718486 -0.7462690040 0.1837132703 -3.3623914358 
-4.7666491167 -0.7467001383 0.1814192380 -3.3712111947 
-4.7723144812 -0.7471188729 0.1791371202 -3.3800002628 
-4.7779680140 -0.7475252672 0.1768668640 -3.3887585394 
-4.7836097881 -0.7479193822 0.1746084238 -3.3974859337 
-4.7892398774 -0.7483012808 0.1723617616 -3.4061823650 
-4.7948583568 -0.7486710274 0.1701268463 -3.4148477626 
-4.8004653026 -0.7490286886 0.1679036536 -3.4234820657 
-4.8060607925 -0.7493743327 0.1656921658 -3.4320852231 
-4.8116449055 -0.7497080299 0.1634923716 -3.4406571935 
-4.8172177225 -0.7500298525 0.1613042658 -3.4491979447 
-4.8227793260 -0.7503398749 0.1591278487 -3.4577074544 
-4.8283298004 -0.7506381735 0.1569631266 -3.4661857094 
-4.8338692320 -0.7509248268 0.1548101107 -3.4746327055 
-4.8393977094 -0.7511999154 0.1526688174 -3.4830484478 
-4.8449153232 -0.7514635221 0.1505392677 -3.4914329502 
-4.8504221664 -0.7517157318 0.1484214870 -3.4997862353 
-4.8559183342 -0.7519566318 0.1463155052 -3.5081083344 
-4.8614039244 -0.7521863114 0.1442213557 -3.5163992875 
-4.8668790375 -0.7524048621 0.1421390757 -3.5246591426 
-4.8723437762 -0.7526123777 0.1400687059 -3.5328879561 
-4.8777982463 -0.7528089542 0.1380102897 -3.5410857926 
-4.8832425562 -0.7529946900 0.1359638739 -3.5492527244 
-4.8886768172 -0.7531696854 0.1339295072 -3.5573888319 
-4.8941011435 -0.7533340433 0.1319072412 -3.5654942031 
-4.8995156520 -0.7534878686 0.1298971292 -3.5735689333 
-4.9049204631 -0.7536312685 0.1278992263 -3.5816131254 
-4.9103156998 -0.7537643526 0.1259135895 -3.5896268898 
-4.9157014885 -0.7538872327 0.1239402766 -3.5976103436 
-4.9210779586 -0.7540000226 0.1219793470 -3.6055636113 
-4.9264452428 -0.7541028388 0.1200308606 -3.6134868242 
-4.9318034770 -0.7541957999 0.1180948781 -3.6213801203 
-4.9371528002 -0.7542790266 0.1161714606 -3.6292436443 
-4.9424933548 -0.7543526421 0.1142606694 -3.6370775475 
-4.9478252867 -0.7544167718 0.1123625658 -3.6448819876 
-4.9531487448 -0.7544715436 0.1104772110 -3.6526571288 
-4.9584638815 -0.7545170875 0.1086046656 -3.6604031412 
-4.9637708528 -0.7545535358 0.1067449900 -3.6681202013 
-4.9690698178 -0.7545810235 0.1048982436 -3.6758084916 
-4.9743609390 -0.7545996875 0.1030644850 -3.6834682005 
-4.9796443826 -0.7546096675 0.1012437716 -3.6910995221 
-4.9849203179 -0.7546111054 0.0994361598 -3.6987026564 
-4.9901889180 -0.7546041456 0.0976417045 -3.7062778092 
-4.9954503590 -0.7545889349 0.0958604590 -3.7138251916 
-5.0007048208 -0.7545656227 0.0940924751 -3.7213450204 
-5.0059524866 -0.7545343607 0.0923378028 -3.7288375177 
-5.0111935430 -0.7544953035 0.0905964900 -3.7363029111 
-5.0164281803 -0.7544486081 0.0888685827 -3.7437414333 
-5.0216565919 -0.7543944340 0.0871541248 -3.7511533225 
-5.0268789749 -0.7543329436 0.0854531577 -3.7585388216 
-5.0320955296 -0.7542643018 0.0837657207 -3.7658981789 
-5.0373064599 -0.7541886765 0.0820918503 -3.7732316477 
-5.0425119730 -0.7541062381 0.0804315807 -3.7805394861 
-5.0477122795 -0.7540171601 0.0787849433 -3.7878219570 
-5.0529075935 -0.7539216187 0.0771519667 -3.7950793285 
-5.0580981323 -0.7538197932 0.0755326766 -3.8023118730 
-5.0632841166 -0.7537118658 0.0739270958 -3.8095198677 
-5.0684657704 -0.7535980217 0.0723352442 -3.8167035947 
-5.0736433210 -0.7534784493 0.0707571383 -3.8238633404 
-5.0788169990 -0.7533533401 0.0691927915 -3.8309993956 
-5.0839870381 -0.7532228889 0.0676422141 -3.8381120558 
-5.0891536754 -0.7530872936 0.0661054128 -3.8452016207 
-5.0943171509 -0.7529467556 0.0645823911 -3.8522683941 
-5.0994777079 -0.7528014796 0.0630731487 -3.8593126845 
-5.1046355929 -0.7526516737 0.0615776821 -3.8663348041 
-5.1097910550 -0.7524975497 0.0600959837 -3.8733350693 
-5.1149443467 -0.7523393228 0.0586280427 -3.8803138005 
-5.1200957231 -0.7521772120 0.0571738440 -3.8872713219 
-5.1252454424 -0.7520114396 0.0557333689 -3.8942079617 
-5.1303937653 -0.7518422322 0.0543065947 -3.9011240516 
-5.1303937653 -0.7518422322 0.0543065947 -3.9011240516 
-5.1355409555 -0.7516698198 0.0528934948 -3.9080199269 
-5.1406872790 -0.7514944363 0.0514940381 -3.9148959266 
-5.1458330046 -0.7513163198 0.0501081899 -3.9217523928 
-5.1509784033 -0.7511357120 0.0487359107 -3.9285896711 
-5.1561237487 -0.7509528588 0.0473771570 -3.9354081100 
-5.1612693163 -0.7507680103 0.0460318809 -3.9422080613 
-5.1664153838 -0.7505814205 0.0447000296 -3.9489898794 
-5.1715622310 -0.7503933476 0.0433815462 -3.9557539214 
-5.1767101393 -0.7502040541 0.0420763688 -3.9625005471 
-5.1818593919 -0.7500138066 0.0407844309 -3.9692301186 
-5.1870102734 -0.7498228760 0.0395056610 -3.9759430001 
-5.1921630698 -0.7496315377 0.0382399828 -3.9826395579 
-5.1973180681 -0.7494400711 0.0369873148 -3.9893201599 
-5.2024755565 -0.7492487601 0.0357475703 -3.9959851759 
-5.2076358234 -0.7490578929 0.0345206576 -4.0026349767 
-5.2127991583 -0.7488677620 0.0333064794 -4.0092699344 
-5.2179658504 -0.7486786644 0.0321049330 -4.0158904218 
-5.2231361891 -0.7484909013 0.0309159102 -4.0224968122 
-5.2283104636 -0.7483047782 0.0297392969 -4.0290894794 
-5.2334889621 -0.7481206049 0.0285749735 -4.0356687969 
-5.2386719723 -0.7479386955 0.0274228142 -4.0422351381 
-5.2438597803 -0.7477593683 0.0262826873 -4.0487888755 
-5.2490526708 -0.7475829456 0.0251544550 -4.0553303807 
-5.2542509262 -0.7474097540 0.0240379733 -4.0618600235 
-5.2594548269 -0.7472401239 0.0229330916 -4.0683781725 
-5.2646646502 -0.7470743898 0.0218396530 -4.0748851934 
-5.2698806700 -0.7469128897 0.0207574939 -4.0813814497 
-5.2751031569 -0.7467559657 0.0196864440 -4.0878673016 
-5.2803323769 -0.7466039632 0.0186263262 -4.0943431057 
-5.2855685915 -0.7464572310 0.0175769565 -4.1008092145 
-5.2908120566 -0.7463161212 0.0165381438 -4.1072659758 
-5.2960630226 -0.7461809890 0.0155096897 -4.1137137325 
-5.3013217332 -0.7460521925 0.0144913889 -4.1201528215 
-5.3065884253 -0.7459300924 0.0134830284 -4.1265835737 
-5.3118633279 -0.7458150519 0.0124843879 -4.1330063128 
-5.3171466616 -0.7457074364 0.0114952397 -4.1394213551 
-5.3224386381 -0.7456076132 0.0105153484 -4.1458290089 
-5.3277394593 -0.7455159513 0.0095444709 -4.1522295734 
-5.3330493164 -0.7454328209 0.0085823564 -4.1586233384 
-5.3383683895 -0.7453585934 0.0076287464 -4.1650105834 
-5.3436968464 -0.7452936407 0.0066833746 -4.1713915770 
-5.3490348421 -0.7452383353 0.0057459668 -4.1777665760 
-5.3543825179 -0.7451930493 0.0048162410 -4.1841358248 
-5.3597400004 -0.7451581545 0.0038939075 -4.1904995544 
-5.3651074005 -0.7451340217 0.0029786687 -4.1968579819 
-5.3704848131 -0.7451210204 0.0020702191 -4.2032113093 
-5.3758723154 -0.7451195181 0.0011682457 -4.2095597231 
-5.3812699665 -0.7451298801 0.0002724277 -4.2159033931 
-5.3866778063 -0.7451524688 -0.0006175629 -4.2222424716 
-5.3920958543 -0.7451876432 -0.0015020621 -4.2285770929 
-5.3975241092 -0.7452357584 -0.0023814125 -4.2349073721 
-5.4029625475 -0.7452971648 -0.0032559644 -4.2412334042 
-5.4084111223 -0.7453722079 -0.0041260746 -4.2475552635 
-5.4138697631 -0.7454612272 -0.0049921068 -4.2538730026 
-5.4193383743 -0.7455645559 -0.0058544311 -4.2601866515 
-5.4248168342 -0.7456825202 -0.0067134238 -4.2664962170 
-5.4303049943 -0.7458154386 -0.0075694670 -4.2728016816 
-5.4358026785 -0.7459636211 -0.0084229485 -4.2791030030 
-5.4413096818 -0.7461273688 -0.0092742610 -4.2854001129 
-5.4468257698 -0.7463069727 -0.0101238023 -4.2916929168 
-5.4523506778 -0.7465027136 -0.0109719743 -4.2979812930 
-5.4578841100 -0.7467148610 -0.0118191829 -4.3042650918 
-5.4634257388 -0.7469436725 -0.0126658374 -4.3105441351 
-5.4689752039 -0.7471893929 -0.0135123499 -4.3168182158 
-5.4745321123 -0.7474522537 -0.0143591349 -4.3230870973 
-5.4800960369 -0.7477324723 -0.0152066085 -4.3293505127 
-5.4856665168 -0.7480302514 -0.0160551879 -4.3356081650 
-5.4912430565 -0.7483457781 -0.0169052909 -4.3418597262 
-5.4968251257 -0.7486792232 -0.0177573348 -4.3481048373 
-5.5024121590 -0.7490307409 -0.0186117361 -4.3543431082 
-5.5080035559 -0.7494004677 -0.0194689095 -4.3605741174 
-5.5135986807 -0.7497885219 -0.0203292674 -4.3667974121 
-5.5191968626 -0.7501950034 -0.0211932185 -4.3730125083 
-5.5247973959 -0.7506199924 -0.0220611679 -4.3792188909 
-5.5303995403 -0.7510635496 -0.0229335154 -4.3854160142 
-5.5360025214 -0.7515257152 -0.0238106551 -4.3916033018 
-5.5416055312 -0.7520065086 -0.0246929744 -4.3977801476 
-5.5472077286 -0.7525059281 -0.0255808533 -4.4039459161 
-5.5528082407 -0.7530239505 -0.0264746631 -4.4100999434 
-5.5584061633 -0.7535605305 -0.0273747657 -4.4162415376 
-5.5640005621 -0.7541156009 -0.0282815130 -4.4223699799 
-5.5695904737 -0.7546890721 -0.0291952455 -4.4284845259 
-5.5751749076 -0.7552808321 -0.0301162915 -4.4345844064 
-5.5807528466 -0.7558907462 -0.0310449664 -4.4406688287 
-5.5863232494 -0.7565186574 -0.0319815717 -4.4467369780 
-5.5918850517 -0.7571643859 -0.0329263942 -4.4527880191 
-5.5974371681 -0.7578277298 -0.0338797048 -4.4588210976 
-5.6029784940 -0.7585084646 -0.0348417582 -4.4648353417 
-5.6085079080 -0.7592063443 -0.0358127916 -4.4708298640 
-5.6140242734 -0.7599211009 -0.0367930242 -4.4768037631 
-5.6195264408 -0.7606524453 -0.0377826566 -4.4827561257 
-5.6250132504 -0.7614000675 -0.0387818694 -4.4886860287 
-5.6304835341 -0.7621636373 -0.0397908235 -4.4945925406 
-5.6359361181 -0.7629428047 -0.0408096586 -4.5004747244 
-5.6413698255 -0.7637372006 -0.0418384934 -4.5063316390 
-5.6467834783 -0.7645464377 -0.0428774244 -4.5121623418 
-5.6521759004 -0.7653701110 -0.0439265258 -4.5179658904 
-5.6575459201 -0.7662077987 -0.0449858493 -4.5237413454 
-5.6628923721 -0.7670590631 -0.0460554231 -4.5294877719 
-5.6628923721 -0.7670590631 -0.0460554231 -4.5294877719 
-5.6682141009 -0.7679234514 -0.0471352522 -4.5352042422 
-5.6735099626 -0.7688004969 -0.0482253183 -4.5408898376 
-5.6787788276 -0.7696897197 -0.0493255788 -4.5465436505 
-5.6840195830 -0.7705906281 -0.0504359677 -4.5521647869 
-5.6892311350 -0.7715027191 -0.0515563951 -4.5577523678 
-5.6944124114 -0.7724254802 -0.0526867474 -4.5633055317 
-5.6995623634 -0.7733583898 -0.0538268873 -4.5688234361 
-5.7046799678 -0.7743009188 -0.0549766540 -4.5743052595 
-5.7097642296 -0.7752525315 -0.0561358640 -4.5797502034 
-5.7148141831 -0.7762126871 -0.0573043105 -4.5851574934 
-5.7198288943 -0.7771808401 -0.0584817649 -4.5905263810 
-5.7248074625 -0.7781564421 -0.0596679763 -4.5958561454 
-5.7297490215 -0.7791389429 -0.0608626727 -4.6011460944 
-5.7346527416 -0.7801277910 -0.0620655616 -4.6063955657 
-5.7395178305 -0.7811224354 -0.0632763301 -4.6116039282 
-5.7443435345 -0.7821223264 -0.0644946465 -4.6167705829 
-5.7491291397 -0.7831269162 -0.0657201602 -4.6218949640 
-5.7538739729 -0.7841356608 -0.0669525034 -4.6269765393 
-5.7585774020 -0.7851480203 -0.0681912913 -4.6320148112 
-5.7632388369 -0.7861634598 -0.0694361235 -4.6370093171 
-5.7678577299 -0.7871814510 -0.0706865845 -4.6419596300 
-5.7724335760 -0.7882014722 -0.0719422454 -4.6468653585 
-5.7769659131 -0.7892230096 -0.0732026643 -4.6517261472 
-5.7814543219 -0.7902455580 -0.0744673877 -4.6565416772 
-5.7858984260 -0.7912686216 -0.0757359514 -4.6613116651 
-5.7902978916 -0.7922917144 -0.0770078819 -4.6660358641 
-5.7946524273 -0.7933143609 -0.0782826972 -4.6707140629 
-5.7989617835 -0.7943360970 -0.0795599080 -4.6753460858 
-5.8032257519 -0.7953564702 -0.0808390191 -4.6799317923 
-5.8074441647 -0.7963750401 -0.0821195301 -4.6844710766 
-5.8116168944 -0.7973913788 -0.0834009369 -4.6889638672 
-5.8157438522 -0.7984050715 -0.0846827325 -4.6934101260 
-5.8198249877 -0.7994157167 -0.0859644083 -4.6978098481 
-5.8238602875 -0.8004229261 -0.0872454551 -4.7021630606 
-5.8278497744 -0.8014263256 -0.0885253642 -4.7064698222 
-5.8317935063 -0.8024255549 -0.0898036284 -4.7107302221 
-5.8356915748 -0.8034202677 -0.0910797429 -4.7149443794 
-5.8395441039 -0.8044101320 -0.0923532063 -4.7191124419 
-5.8433512493 -0.8053948301 -0.0936235218 -4.7232345856 
-5.8471131966 -0.8063740584 -0.0948901977 -4.7273110131 
-5.8508301599 -0.8073475278 -0.0961527485 -4.7313419532 
-5.8545023809 -0.8083149633 -0.0974106956 -4.7353276596 
-5.8581301272 -0.8092761040 -0.0986635682 -4.7392684100 
-5.8617136911 -0.8102307030 -0.0999109039 -4.7431645050 
-5.8652533881 -0.8111785275 -0.1011522493 -4.7470162669 
-5.8687495555 -0.8121193580 -0.1023871611 -4.7508240390 
-5.8722025513 -0.8130529889 -0.1036152060 -4.7545881843 
-5.8756127524 -0.8139792278 -0.1048359618 -4.7583090846 
-5.8789805538 -0.8148978953 -0.1060490176 -4.7619871393 
-5.8823063666 -0.8158088248 -0.1072539745 -4.7656227646 
-5.8855906174 -0.8167118624 -0.1084504456 -4.7692163922 
-5.8888337465 -0.8176068664 -0.1096380570 -4.7727684685 
-5.8920362069 -0.8184937070 -0.1108164475 -4.7762794536 
-5.8951984629 -0.8193722662 -0.1119852692 -4.7797498202 
-5.8983209893 -0.8202424374 -0.1131441875 -4.7831800528 
-5.9014042695 -0.8211041248 -0.1142928816 -4.7865706466 
-5.9044487954 -0.8219572435 -0.1154310447 -4.7899221067 
-5.9074550652 -0.8228017190 -0.1165583835 -4.7932349472 
-5.9104235834 -0.8236374868 -0.1176746189 -4.7965096904 
-5.9133548590 -0.8244644921 -0.1187794860 -4.7997468655 
-5.9162494051 -0.8252826895 -0.1198727338 -4.8029470086 
-5.9191077375 -0.8260920425 -0.1209541252 -4.8061106610 
-5.9219303743 -0.8268925236 -0.1220234373 -4.8092383691 
-5.9247178347 -0.8276841133 -0.1230804611 -4.8123306834 
-5.9274706384 -0.8284668003 -0.1241250012 -4.8153881577 
-5.9301893049 -0.8292405812 -0.1251568761 -4.8184113486 
-5.9328743526 -0.8300054595 -0.1261759175 -4.8214008144 
-5.9355262982 -0.8307614461 -0.1271819709 -4.8243571152 
-5.9381456562 -0.8315085586 -0.1281748945 -4.8272808114 
-5.9407329383 -0.8322468209 -0.1291545595 -4.8301724640 
-5.9432886526 -0.8329762631 -0.1301208501 -4.8330326333 
-5.9458133034 -0.8336969212 -0.1310736626 -4.8358618785 
-5.9483073908 -0.8344088365 -0.1320129055 -4.8386607577 
-5.9507714097 -0.8351120557 -0.1329384994 -4.8414298267 
-5.9532058502 -0.8358066304 -0.1338503765 -4.8441696389 
-5.9556111966 -0.8364926171 -0.1347484801 -4.8468807449 
-5.9579879275 -0.8371700764 -0.1356327649 -4.8495636918 
-5.9603365150 -0.8378390734 -0.1365031959 -4.8522190232 
-5.9626574252 -0.8384996768 -0.1373597488 -4.8548472784 
-5.9649511171 -0.8391519593 -0.1382024093 -4.8574489921 
-5.9672180431 -0.8397959969 -0.1390311730 -4.8600246945 
-5.9694586484 -0.8404318687 -0.1398460446 -4.8625749105 
-5.9716733711 -0.8410596571 -0.1406470382 -4.8651001594 
-5.9738626417 -0.8416794470 -0.1414341766 -4.8676009552 
-5.9760268835 -0.8422913262 -0.1422074912 -4.8700778056 
-5.9781665122 -0.8428953846 -0.1429670211 -4.8725312121 
-5.9802819357 -0.8434917145 -0.1437128137 -4.8749616700 
-5.9823735544 -0.8440804102 -0.1444449236 -4.8773696678 
-5.9844417610 -0.8446615677 -0.1451634126 -4.8797556873 
-5.9864869404 -0.8452352848 -0.1458683494 -4.8821202031 
-5.9885094700 -0.8458016608 -0.1465598090 -4.8844636828 
-5.9905097192 -0.8463607965 -0.1472378729 -4.8867865869 
-5.9924880499 -0.8469127935 -0.1479026284 -4.8890893681 
-5.9944448165 -0.8474577549 -0.1485541682 -4.8913724720 
-5.9963803657 -0.8479957845 -0.1491925907 -4.8936363363 
-5.9982950367 -0.8485269868 -0.1498179989 -4.8958813912 
-6.0001891612 -0.8490514673 -0.1504305008 -4.8981080591 
-6.0020630639 -0.8495693318 -0.1510302087 -4.9003167546 
-6.0039170618 -0.8500806864 -0.1516172392 -4.9025078844 
-6.0039170618 -0.8500806864 -0.1516172392 -4.9025078844 
-6.0057514650 -0.8505856378 -0.1521917127 -4.9046818474 
-6.0075665766 -0.8510842927 -0.1527537534 -4.9068390346 
-6.0093626925 -0.8515767580 -0.1533034886 -4.9089798290 
-6.0111401021 -0.8520631407 -0.1538410491 -4.9111046059 
-6.0128990879 -0.8525435474 -0.1543665684 -4.9132137324 
-6.0146399258 -0.8530180850 -0.1548801827 -4.9153075680 
-6.0163628853 -0.8534868596 -0.1553820307 -4.9173864642 
-6.0180682296 -0.8539499774 -0.1558722534 -4.9194507649 
-6.0197562157 -0.8544075440 -0.1563509936 -4.9215008060 
-6.0214270945 -0.8548596646 -0.1568183962 -4.9235369158 
-6.0230811109 -0.8553064437 -0.1572746075 -4.9255594149 
-6.0247185042 -0.8557479854 -0.1577197753 -4.9275686163 
-6.0263395079 -0.8561843930 -0.1581540487 -4.9295648257 
-6.0279443499 -0.8566157690 -0.1585775778 -4.9315483412 
-6.0295332530 -0.8570422152 -0.1589905136 -4.9335194535 
-6.0311064344 -0.8574638327 -0.1593930079 -4.9354784461 
-6.0326641064 -0.8578807216 -0.1597852129 -4.9374255954 
-6.0342064763 -0.8582929808 -0.1601672815 -4.9393611706 
-6.0357337465 -0.8587007088 -0.1605393666 -4.9412854341 
-6.0372461146 -0.8591040026 -0.1609016215 -4.9431986414 
-6.0387437739 -0.8595029584 -0.1612541992 -4.9451010411 
-6.0402269129 -0.8598976712 -0.1615972529 -4.9469928753 
-6.0416957159 -0.8602882351 -0.1619309353 -4.9488743795 
-6.0431503630 -0.8606747428 -0.1622553989 -4.9507457830 
-6.0445910302 -0.8610572860 -0.1625707957 -4.9526073085 
-6.0460178895 -0.8614359552 -0.1628772770 -4.9544591727 
-6.0474311092 -0.8618108396 -0.1631749937 -4.9563015863 
-6.0488308536 -0.8621820274 -0.1634640956 -4.9581347540 
-6.0502172836 -0.8625496052 -0.1637447320 -4.9599588747 
-6.0515905564 -0.8629136586 -0.1640170509 -4.9617741417 
-6.0529508259 -0.8632742719 -0.1642811996 -4.9635807426 
-6.0542982428 -0.8636315280 -0.1645373241 -4.9653788597 
-6.0556329543 -0.8639855087 -0.1647855694 -4.9671686700 
-6.0569551049 -0.8643362943 -0.1650260790 -4.9689503453 
-6.0582648357 -0.8646839639 -0.1652589955 -4.9707240524 
-6.0595622852 -0.8650285952 -0.1654844599 -4.9724899531 
-6.0608475888 -0.8653702646 -0.1657026118 -4.9742482045 
-6.0621208795 -0.8657090472 -0.1659135894 -4.9759989588 
-6.0633822875 -0.8660450169 -0.1661175294 -4.9777423641 
-6.0646319402 -0.8663782460 -0.1663145671 -4.9794785635 
-6.0658699631 -0.8667088057 -0.1665048360 -4.9812076963 
-6.0670964787 -0.8670367657 -0.1666884680 -4.9829298972 
-6.0683116075 -0.8673621946 -0.1668655937 -4.9846452971 
-6.0695154679 -0.8676851596 -0.1670363415 -4.9863540229 
-6.0707081757 -0.8680057264 -0.1672008386 -4.9880561976 
-6.0718898450 -0.8683239596 -0.1673592102 -4.9897519403 
-6.0730605877 -0.8686399225 -0.1675115798 -4.9914413668 
-6.0742205137 -0.8689536770 -0.1676580691 -4.9931245891 
-6.0753697309 -0.8692652839 -0.1677987982 -4.9948017161 
-6.0765083457 -0.8695748026 -0.1679338854 -4.9964728530 
-6.0776364625 -0.8698822912 -0.1680634469 -4.9981381022 
-6.0787541838 -0.8701878066 -0.1681875974 -4.9997975626 
-6.0798616107 -0.8704914045 -0.1683064498 -5.0014513304 
-6.0809588425 -0.8707931394 -0.1684201150 -5.0030994987 
-6.0820459771 -0.8710930645 -0.1685287023 -5.0047421580 
-6.0831231108 -0.8713912319 -0.1686323189 -5.0063793959 
-6.0841903382 -0.8716876923 -0.1687310704 -5.0080112972 
-6.0852477528 -0.8719824956 -0.1688250607 -5.0096379446 
-6.0862954465 -0.8722756902 -0.1689143916 -5.0112594180 
-6.0873335100 -0.8725673236 -0.1689991633 -5.0128757949 
-6.0883620326 -0.8728574419 -0.1690794742 -5.0144871507 
-6.0893811023 -0.8731460904 -0.1691554208 -5.0160935584 
-6.0903908058 -0.8734333131 -0.1692270980 -5.0176950890 
-6.0913912289 -0.8737191530 -0.1692945987 -5.0192918113 
-6.0923824559 -0.8740036520 -0.1693580144 -5.0208837921 
-6.0933645701 -0.8742868509 -0.1694174345 -5.0224710963 
-6.0943376537 -0.8745687897 -0.1694729470 -5.0240537870 
-6.0953017880 -0.8748495071 -0.1695246380 -5.0256319254 
-6.0962570528 -0.8751290411 -0.1695725920 -5.0272055710 
-6.0972035274 -0.8754074283 -0.1696168917 -5.0287747816 
-6.0981412898 -0.8756847048 -0.1696576184 -5.0303396135 
-6.0990704170 -0.8759609054 -0.1696948516 -5.0319001212 
-6.0999909853 -0.8762360642 -0.1697286691 -5.0334563578 
-6.1009030699 -0.8765102142 -0.1697591473 -5.0350083752 
-6.1018067451 -0.8767833877 -0.1697863610 -5.0365562235 
-6.1027020845 -0.8770556161 -0.1698103833 -5.0380999517 
-6.1035891606 -0.8773269297 -0.1698312858 -5.0396396073 
-6.1044680452 -0.8775973581 -0.1698491389 -5.0411752369 
-6.1053388093 -0.8778669302 -0.1698640110 -5.0427068856 
-6.1062015230 -0.8781356740 -0.1698759695 -5.0442345973 
-6.1070562557 -0.8784036166 -0.1698850800 -5.0457584149 
-6.1079030761 -0.8786707844 -0.1698914070 -5.0472783803 
-6.1087420520 -0.8789372030 -0.1698950133 -5.0487945342 
-6.1095732505 -0.8792028974 -0.1698959604 -5.0503069164 
-6.1103967380 -0.8794678917 -0.1698943087 -5.0518155655 
-6.1112125802 -0.8797322094 -0.1698901169 -5.0533205195 
-6.1120208421 -0.8799958731 -0.1698834427 -5.0548218153 
-6.1128215880 -0.8802589050 -0.1698743423 -5.0563194890 
-6.1136148816 -0.8805213265 -0.1698628707 -5.0578135757 
-6.1144007858 -0.8807831582 -0.1698490817 -5.0593041100 
-6.1151793630 -0.8810444203 -0.1698330278 -5.0607911254 
-6.1159506749 -0.8813051322 -0.1698147605 -5.0622746548 
-6.1167147825 -0.8815653129 -0.1697943299 -5.0637547305 
-6.1174717463 -0.8818249805 -0.1697717850 -5.0652313838 
-6.1182216261 -0.8820841528 -0.1697471738 -5.0667046455 
-6.1189644811 -0.8823428469 -0.1697205430 -5.0681745458 
-6.1197003701 -0.8826010793 -0.1696919384 -5.0696411141 
-6.1204293511 -0.8828588661 -0.1696614046 -5.0711043795 
-6.1211514816 -0.8831162227 -0.1696289853 -5.0725643700 
-6.1211514816 -0.8831162227 -0.1696289853 -5.0725643700 
-6.1218668184 -0.8833731642 -0.1695947230 -5.0740211136 
-6.1225754181 -0.8836297050 -0.1695586593 -5.0754746373 
-6.1232773363 -0.8838858591 -0.1695208349 -5.0769249678 
-6.1239726284 -0.8841416401 -0.1694812894 -5.0783721313 
-6.1246613491 -0.8843970609 -0.1694400616 -5.0798161534 
-6.1253435526 -0.8846521342 -0.1693971892 -5.0812570593 
-6.1260192926 -0.8849068721 -0.1693527091 -5.0826948736 
-6.1266886222 -0.8851612864 -0.1693066574 -5.0841296206 
-6.1273515941 -0.8854153884 -0.1692590692 -5.0855613242 
-6.1280082605 -0.8856691890 -0.1692099789 -5.0869900077 
-6.1286586729 -0.8859226986 -0.1691594199 -5.0884156940 
-6.1293028825 -0.8861759274 -0.1691074251 -5.0898384059 
-6.1299409401 -0.8864288851 -0.1690540262 -5.0912581654 
-6.1305728956 -0.8866815812 -0.1689992544 -5.0926749945 
-6.1311987990 -0.8869340246 -0.1689431402 -5.0940889145 
-6.1318186992 -0.8871862241 -0.1688857131 -5.0954999466 
-6.1324326452 -0.8874381879 -0.1688270023 -5.0969081115 
-6.1330406852 -0.8876899241 -0.1687670358 -5.0983134298 
-6.1336428670 -0.8879414403 -0.1687058412 -5.0997159215 
-6.1342392380 -0.8881927440 -0.1686434455 -5.1011156065 
-6.1348298450 -0.8884438423 -0.1685798749 -5.1025125042 
-6.1354147347 -0.8886947419 -0.1685151550 -5.1039066338 
-6.1359939529 -0.8889454494 -0.1684493108 -5.1052980143 
-6.1365675454 -0.8891959710 -0.1683823666 -5.1066866643 
-6.1371355571 -0.8894463126 -0.1683143463 -5.1080726022 
-6.1376980330 -0.8896964801 -0.1682452730 -5.1094558461 
-6.1382550173 -0.8899464787 -0.1681751695 -5.1108364139 
-6.1388065538 -0.8901963139 -0.1681040577 -5.1122143230 
-6.1393526861 -0.8904459904 -0.1680319592 -5.1135895909 
-6.1398934572 -0.8906955131 -0.1679588951 -5.1149622346 
-6.1404289097 -0.8909448866 -0.1678848858 -5.1163322711 
-6.1409590859 -0.8911941150 -0.1678099515 -5.1176997169 
-6.1414840276 -0.8914432025 -0.1677341115 -5.1190645886 
-6.1420037763 -0.8916921531 -0.1676573850 -5.1204269021 
-6.1425183729 -0.8919409703 -0.1675797906 -5.1217866737 
-6.1430278583 -0.8921896576 -0.1675013463 -5.1231439189 
-6.1435322725 -0.8924382185 -0.1674220699 -5.1244986535 
-6.1440316556 -0.8926866560 -0.1673419786 -5.1258508926 
-6.1445260470 -0.8929349731 -0.1672610893 -5.1272006516 
-6.1450154859 -0.8931831726 -0.1671794184 -5.1285479454 
-6.1455000110 -0.8934312570 -0.1670969819 -5.1298927888 
-6.1459796607 -0.8936792290 -0.1670137955 -5.1312351963 
-6.1464544731 -0.8939270907 -0.1669298745 -5.1325751824 
-6.1469244858 -0.8941748443 -0.1668452336 -5.1339127614 
-6.1473897361 -0.8944224920 -0.1667598876 -5.1352479473 
-6.1478502609 -0.8946700354 -0.1666738504 -5.1365807540 
-6.1483060970 -0.8949174764 -0.1665871360 -5.1379111952 
-6.1487572804 -0.8951648167 -0.1664997579 -5.1392392845 
-6.1492038472 -0.8954120576 -0.1664117292 -5.1405650354 
-6.1496458329 -0.8956592005 -0.1663230628 -5.1418884609 
-6.1500832727 -0.8959062467 -0.1662337713 -5.1432095744 
-6.1505162015 -0.8961531973 -0.1661438668 -5.1445283886 
-6.1509446539 -0.8964000534 -0.1660533613 -5.1458449163 
-6.1513686642 -0.8966468158 -0.1659622665 -5.1471591703 
-6.1517882661 -0.8968934853 -0.1658705938 -5.1484711629 
-6.1522034933 -0.8971400627 -0.1657783542 -5.1497809066 
-6.1526143791 -0.8973865485 -0.1656855586 -5.1510884135 
-6.1530209565 -0.8976329434 -0.1655922175 -5.1523936957 
-6.1534232580 -0.8978792476 -0.1654983414 -5.1536967652 
-6.1538213159 -0.8981254615 -0.1654039402 -5.1549976336 
-6.1542151624 -0.8983715855 -0.1653090238 -5.1562963128 
-6.1546048291 -0.8986176196 -0.1652136019 -5.1575928142 
-6.1549903474 -0.8988635640 -0.1651176837 -5.1588871493 
-6.1553717485 -0.8991094187 -0.1650212784 -5.1601793293 
-6.1557490632 -0.8993551836 -0.1649243950 -5.1614693653 
-6.1561223219 -0.8996008586 -0.1648270421 -5.1627572685 
-6.1564915550 -0.8998464434 -0.1647292284 -5.1640430496 
-6.1568567925 -0.9000919380 -0.1646309620 -5.1653267196 
-6.1572180639 -0.9003373419 -0.1645322512 -5.1666082891 
-6.1575753986 -0.9005826547 -0.1644331037 -5.1678877686 
-6.1579288259 -0.9008278760 -0.1643335275 -5.1691651686 
-6.1582783745 -0.9010730053 -0.1642335300 -5.1704404994 
-6.1586240729 -0.9013180421 -0.1641331186 -5.1717137713 
-6.1589659496 -0.9015629858 -0.1640323004 -5.1729849944 
-6.1593040325 -0.9018078356 -0.1639310826 -5.1742541786 
-6.1596383493 -0.9020525910 -0.1638294721 -5.1755213339 
-6.1599689277 -0.9022972511 -0.1637274754 -5.1767864700 
-6.1602957948 -0.9025418151 -0.1636250992 -5.1780495967 
-6.1606189776 -0.9027862823 -0.1635223499 -5.1793107236 
-6.1609385029 -0.9030306517 -0.1634192336 -5.1805698601 
-6.1612543972 -0.9032749225 -0.1633157567 -5.1818270156 
-6.1615666867 -0.9035190936 -0.1632119248 -5.1830821995 
-6.1618753974 -0.9037631641 -0.1631077440 -5.1843354208 
-6.1621805550 -0.9040071330 -0.1630032199 -5.1855866888 
-6.1624821851 -0.9042509992 -0.1628983581 -5.1868360125 
-6.1627803129 -0.9044947616 -0.1627931640 -5.1880834007 
-6.1630749635 -0.9047384191 -0.1626876428 -5.1893288622 
-6.1633661617 -0.9049819705 -0.1625817999 -5.1905724059 
-6.1636539320 -0.9052254147 -0.1624756402 -5.1918140403 
-6.1639382988 -0.9054687505 -0.1623691687 -5.1930537740 
-6.1642192863 -0.9057119766 -0.1622623902 -5.1942916154 
-6.1644969182 -0.9059550918 -0.1621553095 -5.1955275731 
-6.1647712184 -0.9061980948 -0.1620479312 -5.1967616552 
-6.1650422102 -0.9064409843 -0.1619402598 -5.1979938700 
-6.1653099169 -0.9066837589 -0.1618322997 -5.1992242256 
-6.1655743615 -0.9069264175 -0.1617240553 -5.2004527300 
-6.1658355668 -0.9071689585 -0.1616155306 -5.2016793913 
-6.1660935554 -0.9074113806 -0.1615067300 -5.2029042174 
-6.1663483498 -0.9076536824 -0.1613976573 -5.2041272160 
-6.1663483498 -0.9076536824 -0.1613976573 -5.2041272160 
-6.1665999721 -0.9078958626 -0.1612883165 -5.2053483948 
-6.1668484442 -0.9081379196 -0.1611787116 -5.2065677617 
-6.1670937881 -0.9083798520 -0.1610688461 -5.2077853240 
-6.1673360252 -0.9086216585 -0.1609587239 -5.2090010894 
-6.1675751770 -0.9088633375 -0.1608483484 -5.2102150654 
-6.1678112647 -0.9091048875 -0.1607377233 -5.2114272591 
-6.1680443092 -0.9093463071 -0.1606268519 -5.2126376781 
-6.1682743313 -0.9095875948 -0.1605157377 -5.2138463294 
-6.1685013518 -0.9098287490 -0.1604043839 -5.2150532202 
-6.1687253910 -0.9100697682 -0.1602927936 -5.2162583577 
-6.1689464691 -0.9103106510 -0.1601809702 -5.2174617489 
-6.1691646063 -0.9105513957 -0.1600689166 -5.2186634006 
-6.1693798224 -0.9107920009 -0.1599566358 -5.2198633199 
-6.1695921371 -0.9110324649 -0.1598441308 -5.2210615134 
-6.1698015700 -0.9112727863 -0.1597314044 -5.2222579880 
-6.1700081404 -0.9115129635 -0.1596184595 -5.2234527504 
-6.1702118675 -0.9117529948 -0.1595052989 -5.2246458072 
-6.1704127703 -0.9119928788 -0.1593919251 -5.2258371649 
-6.1706108676 -0.9122326139 -0.1592783409 -5.2270268301 
-6.1708061781 -0.9124721985 -0.1591645488 -5.2282148092 
-6.1709987203 -0.9127116310 -0.1590505514 -5.2294011087 
-6.1711885126 -0.9129509098 -0.1589363510 -5.2305857347 
-6.1713755731 -0.9131900333 -0.1588219502 -5.2317686937 
-6.1715599198 -0.9134290001 -0.1587073513 -5.2329499918 
-6.1717415707 -0.9136678084 -0.1585925565 -5.2341296351 
-6.1719205433 -0.9139064566 -0.1584775682 -5.2353076299 
-6.1720968552 -0.9141449433 -0.1583623885 -5.2364839820 
-6.1722705238 -0.9143832668 -0.1582470196 -5.2376586976 
-6.1724415664 -0.9146214256 -0.1581314637 -5.2388317825 
-6.1726100000 -0.9148594179 -0.1580157228 -5.2400032426 
-6.1727758416 -0.9150972423 -0.1578997990 -5.2411730837 
-6.1729391079 -0.9153348972 -0.1577836942 -5.2423413117 
-6.1730998156 -0.9155723810 -0.1576674103 -5.2435079323 
-6.1732579811 -0.9158096920 -0.1575509493 -5.2446729511 
-6.1734136209 -0.9160468288 -0.1574343131 -5.2458363737 
-6.1735667510 -0.9162837897 -0.1573175034 -5.2469982058 
-6.1737173877 -0.9165205732 -0.1572005220 -5.2481584529 
-6.1738655467 -0.9167571777 -0.1570833708 -5.2493171203 
-6.1740112440 -0.9169936016 -0.1569660514 -5.2504742137 
-6.1741544951 -0.9172298434 -0.1568485654 -5.2516297383 
-6.1742953155 -0.9174659014 -0.1567309146 -5.2527836995 
-6.1744337207 -0.9177017743 -0.1566131005 -5.2539361025 
-6.1745697259 -0.9179374602 -0.1564951247 -5.2550869527 
-6.1747033462 -0.9181729579 -0.1563769887 -5.2562362552 
-6.1748345966 -0.9184082656 -0.1562586941 -5.2573840152 
-6.1749634919 -0.9186433818 -0.1561402423 -5.2585302378 
-6.1750900470 -0.9188783051 -0.1560216348 -5.2596749281 
-6.1752142763 -0.9191130338 -0.1559028731 -5.2608180910 
-6.1753361944 -0.9193475665 -0.1557839584 -5.2619597316 
-6.1754558157 -0.9195819016 -0.1556648921 -5.2630998549 
-6.1755731543 -0.9198160377 -0.1555456757 -5.2642384656 
-6.1756882245 -0.9200499731 -0.1554263103 -5.2653755687 
-6.1758010401 -0.9202837064 -0.1553067973 -5.2665111691 
-6.1759116152 -0.9205172362 -0.1551871379 -5.2676452714 
-6.1760199634 -0.9207505608 -0.1550673334 -5.2687778804 
-6.1761260983 -0.9209836788 -0.1549473850 -5.2699090008 
-6.1762300337 -0.9212165888 -0.1548272937 -5.2710386374 
-6.1763317827 -0.9214492892 -0.1547070609 -5.2721667946 
-6.1764313588 -0.9216817786 -0.1545866877 -5.2732934772 
-6.1765287752 -0.9219140556 -0.1544661750 -5.2744186896 
-6.1766240449 -0.9221461186 -0.1543455241 -5.2755424364 
-6.1767171810 -0.9223779662 -0.1542247360 -5.2766647220 
-6.1768081962 -0.9226095970 -0.1541038118 -5.2777855509 
-6.1768971034 -0.9228410096 -0.1539827524 -5.2789049276 
-6.1769839152 -0.9230722024 -0.1538615589 -5.2800228563 
-6.1770686441 -0.9233031742 -0.1537402323 -5.2811393414 
-6.1771513027 -0.9235339234 -0.1536187735 -5.2822543872 
-6.1772319033 -0.9237644486 -0.1534971835 -5.2833679980 
-6.1773104581 -0.9239947486 -0.1533754633 -5.2844801781 
-6.1773869792 -0.9242248218 -0.1532536136 -5.2855909316 
-6.1774614787 -0.9244546669 -0.1531316355 -5.2867002627 
-6.1775339686 -0.9246842825 -0.1530095298 -5.2878081755 
-6.1776044607 -0.9249136672 -0.1528872973 -5.2889146742 
-6.1776729667 -0.9251428197 -0.1527649390 -5.2900197629 
-6.1777394984 -0.9253717385 -0.1526424556 -5.2911234455 
-6.1778040672 -0.9256004225 -0.1525198480 -5.2922257261 
-6.1778666847 -0.9258288701 -0.1523971169 -5.2933266088 
-6.1779273622 -0.9260570801 -0.1522742631 -5.2944260973 
-6.1779861110 -0.9262850512 -0.1521512875 -5.2955241957 
-6.1780429423 -0.9265127820 -0.1520281907 -5.2966209079 
-6.1780978673 -0.9267402712 -0.1519049735 -5.2977162378 
-6.1781508968 -0.9269675175 -0.1517816366 -5.2988101891 
-6.1782020419 -0.9271945196 -0.1516581808 -5.2999027656 
-6.1782513134 -0.9274212763 -0.1515346067 -5.3009939713 
-6.1782987221 -0.9276477862 -0.1514109151 -5.3020838098 
-6.1783442785 -0.9278740480 -0.1512871065 -5.3031722848 
-6.1783879934 -0.9281000606 -0.1511631817 -5.3042594001 
-6.1784298771 -0.9283258225 -0.1510391414 -5.3053451593 
-6.1784699402 -0.9285513327 -0.1509149861 -5.3064295661 
-6.1785081929 -0.9287765898 -0.1507907165 -5.3075126241 
-6.1785446454 -0.9290015926 -0.1506663332 -5.3085943369 
-6.1785793081 -0.9292263399 -0.1505418368 -5.3096747080 
-6.1786121909 -0.9294508304 -0.1504172279 -5.3107537411 
-6.1786433038 -0.9296750630 -0.1502925071 -5.3118314396 
-6.1786726568 -0.9298990364 -0.1501676750 -5.3129078071 
-6.1787002598 -0.9301227495 -0.1500427321 -5.3139828469 
-6.1787261225 -0.9303462010 -0.1499176790 -5.3150565626 
-6.1787502546 -0.9305693897 -0.1497925162 -5.3161289576 
-6.1787726658 -0.9307923146 -0.1496672443 -5.3172000353 
-6.1787726658 -0.9307923146 -0.1496672443 -5.3172000353 
