-0.3777954267 0.8467592842 -0.1395852173 
-0.2923266405 0.7756558443 -0.2073780652 
-0.2825734472 0.7831784128 -0.1964193121 
-0.2727543934 0.7901761897 -0.1843716448 
-0.2630006382 0.7966993304 -0.1713876773 
-0.2534302403 0.8028006315 -0.1576525087 
-0.2441364590 0.8085300727 -0.1433758720 
-0.2351798327 0.8139305535 -0.1287810625 
-0.2265853339 0.8190354698 -0.1140923430 
-0.2183445227 0.8238682270 -0.0995226593 
-0.2104215193 0.8284433371 -0.0852632298 
-0.2027610773 0.8327685002 -0.0714760271 
-0.1952970734 0.8368470465 -0.0582895491 
-0.1879601321 0.8406802394 -0.0457977212 
-0.1806836487 0.8442691321 -0.0340613921 
-0.1734079631 0.8476158503 -0.0231116967 
-0.1660827926 0.8507243130 -0.0129545378 
-0.1586682264 0.8536004847 -0.0035755291 
-0.1511346548 0.8562522873 0.0050551084 
-0.1434619923 0.8586892970 0.0129780456 
-0.1356384968 0.8609223350 0.0202409393 
-0.1276594127 0.8629630316 0.0268952067 
-0.1195255983 0.8648234165 0.0329934795 
-0.1112422376 0.8665155659 0.0385876876 
-0.1028176932 0.8680513193 0.0437276893 
-0.0942625247 0.8694420678 0.0484603577 
-0.0855886762 0.8706986076 0.0528290313 
-0.0768088242 0.8718310496 0.0568732454 
-0.0679358686 0.8728487751 0.0606286728 
-0.0589825497 0.8737604265 0.0641272115 
-0.0499611695 0.8745739241 0.0673971743 
-0.0408834002 0.8752965008 0.0704635391 
-0.0317601620 0.8759347492 0.0733482348 
-0.0226015551 0.8764946746 0.0760704388 
-0.0134168347 0.8769817517 0.0786468745 
-0.0042144160 0.8774009804 0.0810920956 
0.0049980976 0.8777569413 0.0834187536 
0.0142138717 0.8780538463 0.0856378431 
0.0234267876 0.8782955871 0.0877589237 
0.0326313845 0.8784857775 0.0897903189 
0.0418227994 0.8786277929 0.0917392915 
0.0509967075 0.8787248040 0.0936121978 
0.0601492647 0.8787798074 0.0954146220 
0.0692770540 0.8787956509 0.0971514920 
0.0783770349 0.8787750562 0.0988271793 
0.0874464985 0.8787206379 0.1004455848 
0.0964830261 0.8786349190 0.1020102119 
0.1054844531 0.8785203446 0.1035242282 
0.1144488368 0.8783792926 0.1049905183 
0.1233744278 0.8782140828 0.1064117283 
0.1322596459 0.8780269839 0.1077903037 
0.1411030589 0.8778202198 0.1091285207 
0.1499033637 0.8775959737 0.1104285129 
0.1586593714 0.8773563918 0.1116922946 
0.1673699931 0.8771035863 0.1129217791 
0.1760342289 0.8768396374 0.1141187954 
0.1846511575 0.8765665952 0.1152851018 
0.1932199282 0.8762864808 0.1164223976 
0.2017397531 0.8760012875 0.1175323336 
0.2102099011 0.8757129816 0.1186165206 
0.2186296922 0.8754235038 0.1196765371 
0.2269984925 0.8751347694 0.1207139367 
0.2353157099 0.8748486698 0.1217302535 
0.2435807904 0.8745670735 0.1227270084 
0.2517932141 0.8742918271 0.1237057143 
0.2599524918 0.8740247569 0.1246678808 
0.2680581622 0.8737676707 0.1256150190 
0.2761097882 0.8735223594 0.1265486466 
0.2841069545 0.8732905997 0.1274702921 
0.2920492641 0.8730741559 0.1283814994 
0.2999363357 0.8728747832 0.1292838329 
0.3077678002 0.8726942306 0.1301788820 
0.3155432982 0.8725342441 0.1310682661 
0.3232624761 0.8723965704 0.1319536400 
0.3309249836 0.8722829611 0.1328366989 
0.3385304696 0.8721951768 0.1337191846 
0.3460785790 0.8721349915 0.1346028909 
0.3535689489 0.8721041977 0.1354896702 
0.3610012046 0.8721046117 0.1363814398 
0.3683749555 0.8721380785 0.1372801893 
0.3756897910 0.8722064780 0.1381879874 
0.3829452757 0.8723117305 0.1391069902 
0.3901409446 0.8724558035 0.1400394487 
0.3972762981 0.8726407173 0.1409877177 
0.4043507967 0.8728685521 0.1419542647 
0.4113638555 0.8731414547 0.1429416793 
0.4183148376 0.8734616452 0.1439526827 
0.4252030487 0.8738314240 0.1449901383 
0.4320277298 0.8742531787 0.1460570618 
0.4387880506 0.8747293913 0.1471566322 
0.4454831020 0.8752626449 0.1482922033 
0.4521118883 0.8758556304 0.1494673145 
0.4586733194 0.8765111532 0.1506857027 
0.4651662020 0.8772321390 0.1519513140 
0.4715892310 0.8780216399 0.1532683149 
0.4779409799 0.8788828391 0.1546411042 
0.4842198916 0.8798190558 0.1560743238 
0.4904242684 0.8808337480 0.1575728697 
0.4965522613 0.8819305156 0.1591419013 
0.5026018598 0.8831131015 0.1607868514 
0.5026018598 0.8831131015 0.1607868514 
0.5085708808 0.8843853910 0.1625134337 
0.5144569578 0.8857514104 0.1643276493 
0.5202575290 0.8872153230 0.1662357922 
0.5259698262 0.8887814236 0.1682444518 
0.5315908629 0.8904541298 0.1703605140 
0.5371174228 0.8922379716 0.1725911591 
0.5425460477 0.8941375782 0.1749438575 
0.5478730259 0.8961576608 0.1774263612 
0.5530943799 0.8983029936 0.1800466929 
0.5582058549 0.9005783905 0.1828131304 
0.5632029062 0.9029886788 0.1857341876 
0.5680806878 0.9055386694 0.1888185904 
0.5728340393 0.9082331236 0.1920752491 
0.5774574737 0.9110767159 0.1955132261 
0.5819451643 0.9140739945 0.1991416981 
0.5862909306 0.9172293381 0.2029699150 
0.5904882241 0.9205469099 0.2070071539 
0.5945301125 0.9240306099 0.2112626686 
0.5984092625 0.9276840247 0.2157456358 
0.6021179214 0.9315103766 0.2204650974 
0.6056478956 0.9355124718 0.2254299001 
0.6089905283 0.9396926490 0.2306486323 
0.6121366725 0.9440527293 0.2361295597 
0.6150766624 0.9485939677 0.2418805596 
0.6178002803 0.9533170078 0.2479090555 
0.6202967200 0.9582218400 0.2542219524 
0.6225545453 0.9633077649 0.2608255741 
0.6245616439 0.9685733616 0.2677256034 
0.6263051769 0.9740164623 0.2749270262 
0.6277715219 0.9796341335 0.2824340811 
0.6289462112 0.9854226631 0.2902502141 
0.6298138638 0.9913775544 0.2983780404 
0.6303581122 0.9974935249 0.3068193134 
0.6305615228 1.0037645099 0.3155749000 
0.6304055120 1.0101836676 0.3246447633 
0.6298702570 1.0167433851 0.3340279503 
0.6289346029 1.0234352808 0.3437225842 
0.6275759682 1.0302502007 0.3537258565 
0.6257702493 1.0371782051 0.3640340180 
0.6234917267 1.0442085415 0.3746423621 
0.6207129756 1.0513295997 0.3855451955 
0.6174047832 1.0585288471 0.3967357901 
0.6135360748 1.0657927411 0.4082063083 
0.6090738506 1.0731066177 0.4199476942 
0.6039831325 1.0804545567 0.4319495218 
0.5982269186 1.0878192257 0.4441997928 
0.5917661391 1.0951817069 0.4566846754 
0.5845596042 1.1025213138 0.4693881792 
0.5765639296 1.1098154075 0.4822917633 
0.5677334208 1.1170392259 0.4953738779 
0.5580198975 1.1241657472 0.5086094522 
0.5473724348 1.1311656170 0.5219693450 
0.5357370072 1.1380071816 0.5354197962 
0.5230560243 1.1446566864 0.5489219271 
0.5092677703 1.1510787164 0.5624313642 
0.4943057881 1.1572369691 0.5758980719 
0.4780983119 1.1630954503 0.5892664953 
0.4605679543 1.1686201530 0.6024761035 
0.4416320381 1.1737811963 0.6154623825 
0.4212042469 1.1785552432 0.6281582341 
0.3991986575 1.1829277760 0.6404955873 
0.3755376303 1.1868945352 0.6524068552 
0.3501652047 1.1904612578 0.6638257673 
0.3230671241 1.1936409938 0.6746872133 
0.2942968778 1.1964488935 0.6849261265 
0.2640041336 1.1988953196 0.6944759731 
0.2324585959 1.2009789640 0.7032677109 
0.2000606268 1.2026817931 0.7112298685 
0.1673316872 1.2039670640 0.7182898797 
0.1348827807 1.2047808531 0.7243765725 
0.1033653925 1.2050570042 0.7294239729 
0.0734140308 1.2047250560 0.7333768342 
0.0455908483 1.2037202288 0.7361979079 
0.0203412374 1.2019939114 0.7378759696 
-0.0020339626 1.1995226655 0.7384326901 
-0.0213877359 1.1963139290 0.7379262842 
-0.0377191106 1.1924073550 0.7364505886 
-0.0511522827 1.1878717605 0.7341294260 
-0.0619078211 1.1827985538 0.7311072447 
-0.0702710969 1.1772930155 0.7275377172 
-0.0765620995 1.1714648985 0.7235721422 
-0.0811093990 1.1654196149 0.7193492397 
-0.0842296363 1.1592509462 0.7149874364 
-0.0862128463 1.1530358437 0.7105801823 
-0.0873132231 1.1468315372 0.7061943269 
-0.0877445616 1.1406748667 0.7018711891 
-0.0876794671 1.1345835224 0.6976296980 
-0.0872514198 1.1285587234 0.6934708747 
-0.0865588414 1.1225888041 0.6893829305 
-0.0856704073 1.1166531893 0.6853463574 
-0.0846309585 1.1107263091 0.6813385325 
-0.0834674758 1.1047811143 0.6773375224 
-0.0821947017 1.0987919667 0.6733249284 
-0.0808201064 1.0927367962 0.6692877427 
-0.0793480058 1.0865985080 0.6652192836 
-0.0777827421 1.0803656968 0.6611193401 
-0.0761309212 1.0740327728 0.6569936928 
-0.0744027723 1.0675996289 0.6528531891 
-0.0726127430 1.0610709890 0.6487125432 
-0.0726127430 1.0610709890 0.6487125432 
-0.0707794743 1.0544555694 0.6445890138 
-0.0689253112 1.0477651680 0.6405010869 
-0.0670755028 1.0410137789 0.6364672614 
-0.0652572326 1.0342167977 0.6325050012 
-0.0634985971 1.0273903642 0.6286298957 
-0.0618276274 1.0205508601 0.6248550358 
-0.0602714216 1.0137145606 0.6211906003 
-0.0588554311 1.0068974258 0.6176436268 
-0.0576029235 1.0001150031 0.6142179351 
-0.0565346243 0.9933824092 0.6109141667 
-0.0556685313 0.9867143611 0.6077299039 
-0.0550198804 0.9801252256 0.6046598395 
-0.0546012404 0.9736290652 0.6016959712 
-0.0544227102 0.9672396652 0.5988278052 
-0.0544921900 0.9609705328 0.5960425583 
-0.0548157017 0.9548348660 0.5933253555 
-0.0553977334 0.9488454950 0.5906594254 
-0.0562415873 0.9430148023 0.5880262953 
-0.0573497125 0.9373546273 0.5854059956 
-0.0587240102 0.9318761657 0.5827772780 
-0.0603660997 0.9265898693 0.5801178546 
-0.0622775396 0.9215053542 0.5774046632 
-0.0644600028 0.9166313223 0.5746141604 
-0.0669154045 0.9119755011 0.5717226438 
-0.0696459885 0.9075446056 0.5687065999 
-0.0726543752 0.9033443238 0.5655430729 
-0.0759435778 0.8993793277 0.5622100450 
-0.0795169927 0.8956533094 0.5586868222 
-0.0833783675 0.8921690408 0.5549544114 
-0.0875317520 0.8889284553 0.5509958823 
-0.0919814304 0.8859327454 0.5467967025 
-0.0967318368 0.8831824750 0.5423450390 
-0.1017874499 0.8806776961 0.5376320198 
-0.1071526614 0.8784180676 0.5326519506 
-0.1128316142 0.8764029666 0.5274024842 
-0.1188280005 0.8746315862 0.5218847403 
-0.1251448141 0.8731030130 0.5161033745 
-0.1317840497 0.8718162784 0.5100665946 
-0.1387463419 0.8707703775 0.5037861239 
-0.1460305452 0.8699642523 0.4972771084 
-0.1536332525 0.8693967365 0.4905579660 
-0.1615482652 0.8690664614 0.4836501755 
-0.1697660281 0.8689717261 0.4765780022 
-0.1782730568 0.8691103343 0.4693681605 
-0.1870513951 0.8694794089 0.4620494122 
-0.1960781468 0.8700751910 0.4546521049 
-0.2053251380 0.8708928387 0.4472076577 
-0.2147587661 0.8719262382 0.4397480040 
-0.2243400906 0.8731678423 0.4323050073 
-0.2340252065 0.8746085508 0.4249098692 
-0.2437659246 0.8762376439 0.4175925515 
-0.2535107506 0.8780427770 0.4103812365 
-0.2632061266 0.8800100422 0.4033018494 
-0.2727978652 0.8821240947 0.3963776623 
-0.2822326797 0.8843683406 0.3896289980 
-0.2914597024 0.8867251745 0.3830730424 
-0.3004318805 0.8891762571 0.3767237687 
-0.3091071525 0.8917028156 0.3705919689 
-0.3174493368 0.8942859546 0.3646853811 
-0.3254286936 0.8969069607 0.3590088979 
-0.3330221566 0.8995475907 0.3535648334 
-0.3402132597 0.9021903301 0.3483532317 
-0.3469918071 0.9048186177 0.3433721945 
-0.3533533455 0.9074170285 0.3386182115 
-0.3592985034 0.9099714157 0.3340864780 
-0.3648322576 0.9124690095 0.3297711903 
-0.3699631792 0.9148984768 0.3256658109 
-0.3747027001 0.9172499438 0.3217632996 
-0.3790644302 0.9195149867 0.3180563094 
-0.3830635438 0.9216865952 0.3145373486 
-0.3867162464 0.9237591140 0.3111989110 
-0.3900393236 0.9257281658 0.3080335774 
-0.3930497706 0.9275905634 0.3050340920 
-0.3957644973 0.9293442126 0.3021934184 
-0.3982000989 0.9309880100 0.2995047769 
-0.4003726871 0.9325217405 0.2969616685 
-0.4022977694 0.9339459756 0.2945578867 
-0.4039901706 0.9352619744 0.2922875214 
-0.4054639870 0.9364715903 0.2901449548 
-0.4067325677 0.9375771832 0.2881248541 
-0.4078085158 0.9385815380 0.2862221590 
-0.4087037048 0.9394877903 0.2844320685 
-0.4094293061 0.9402993587 0.2827500259 
-0.4099958230 0.9410198841 0.2811717028 
-0.4104131302 0.9416531755 0.2796929839 
-0.4106905142 0.9422031610 0.2783099522 
-0.4108367143 0.9426738460 0.2770188746 
-0.4108599637 0.9430692747 0.2758161892 
-0.4107680265 0.9433934978 0.2746984929 
-0.4105682345 0.9436505431 0.2736625309 
-0.4102675192 0.9438443910 0.2727051874 
-0.4098724413 0.9439789530 0.2718234766 
-0.4093892176 0.9440580529 0.2710145362 
-0.4088237431 0.9440854113 0.2702756204 
-0.4081816122 0.9440646325 0.2696040950 
-0.4074681350 0.9439991939 0.2689974325 
-0.4066883531 0.9438924371 0.2684532082 
-0.4058470513 0.9437475609 0.2679690967 
-0.4049487692 0.9435676171 0.2675428688 
-0.4049487692 0.9435676171 0.2675428688 
-0.4039978097 0.9433555062 0.2671723890 
-0.4029982467 0.9431139763 0.2668556127 
-0.4019539325 0.9428456225 0.2665905836 
-0.4008685028 0.9425528873 0.2663754318 
-0.3997453830 0.9422380628 0.2662083711 
-0.3985877925 0.9419032935 0.2660876963 
-0.3973987502 0.9415505802 0.2660117809 
-0.3961810788 0.9411817842 0.2659790744 
-0.3949374102 0.9407986330 0.2659880989 
-0.3936701906 0.9404027255 0.2660374465 
-0.3923816857 0.9399955385 0.2661257760 
-0.3910739869 0.9395784331 0.2662518089 
-0.3897490170 0.9391526613 0.2664143269 
-0.3884085372 0.9387193732 0.2666121671 
-0.3870541532 0.9382796236 0.2668442191 
-0.3856873231 0.9378343788 0.2671094210 
-0.3843093640 0.9373845239 0.2674067552 
-0.3829214605 0.9369308690 0.2677352451 
-0.3815246714 0.9364741559 0.2680939510 
-0.3801199384 0.9360150641 0.2684819667 
-0.3787080937 0.9355542170 0.2688984156 
-0.3772898678 0.9350921872 0.2693424474 
-0.3758658974 0.9346295021 0.2698132350 
-0.3744367330 0.9341666487 0.2703099710 
-0.3730028465 0.9337040779 0.2708318652 
-0.3715646383 0.9332422092 0.2713781417 
-0.3701224445 0.9327814344 0.2719480365 
-0.3686765433 0.9323221209 0.2725407952 
-0.3672271616 0.9318646150 0.2731556712 
-0.3657744811 0.9314092450 0.2737919239 
-0.3643186435 0.9309563233 0.2744488171 
-0.3628597562 0.9305061491 0.2751256179 
-0.3613978971 0.9300590098 0.2758215958 
-0.3599331190 0.9296151833 0.2765360215 
-0.3584654540 0.9291749391 0.2772681670 
-0.3569949170 0.9287385394 0.2780173045 
-0.3555215091 0.9283062406 0.2787827069 
-0.3540452212 0.9278782939 0.2795636475 
-0.3525660362 0.9274549459 0.2803594003 
-0.3510839317 0.9270364392 0.2811692402 
-0.3495988821 0.9266230130 0.2819924439 
-0.3481108609 0.9262149032 0.2828282899 
-0.3466198417 0.9258123427 0.2836760599 
-0.3451258001 0.9254155616 0.2845350391 
-0.3436287149 0.9250247871 0.2854045174 
-0.3421285689 0.9246402436 0.2862837904 
-0.3406253503 0.9242621525 0.2871721601 
-0.3391190526 0.9238907326 0.2880689363 
-0.3376096761 0.9235261993 0.2889734376 
-0.3360972277 0.9231687650 0.2898849925 
-0.3345817217 0.9228186389 0.2908029404 
-0.3330631799 0.9224760266 0.2917266329 
-0.3315416320 0.9221411301 0.2926554349 
-0.3300171155 0.9218141478 0.2935887253 
-0.3284896761 0.9214952740 0.2945258986 
-0.3269593675 0.9211846993 0.2954663656 
-0.3254262517 0.9208826101 0.2964095542 
-0.3238903990 0.9205891884 0.2973549108 
-0.3223518878 0.9203046120 0.2983019006 
-0.3208108049 0.9200290546 0.2992500087 
-0.3192672452 0.9197626852 0.3001987412 
-0.3177213118 0.9195056685 0.3011476250 
-0.3161731160 0.9192581646 0.3020962093 
-0.3146227773 0.9190203294 0.3030440656 
-0.3130704235 0.9187923142 0.3039907884 
-0.3115161903 0.9185742660 0.3049359958 
-0.3099602218 0.9183663274 0.3058793294 
-0.3084026702 0.9181686369 0.3068204550 
-0.3068436958 0.9179813286 0.3077590626 
-0.3052834673 0.9178045328 0.3086948667 
-0.3037221615 0.9176383756 0.3096276063 
-0.3021599634 0.9174829794 0.3105570451 
-0.3005970663 0.9173384629 0.3114829710 
-0.2990336720 0.9172049411 0.3124051969 
-0.2974699905 0.9170825259 0.3133235594 
-0.2959062400 0.9169713257 0.3142379199 
-0.2943426474 0.9168714459 0.3151481631 
-0.2927794477 0.9167829890 0.3160541977 
-0.2912168845 0.9167060550 0.3169559554 
-0.2896552098 0.9166407410 0.3178533910 
-0.2880946839 0.9165871421 0.3187464816 
-0.2865355755 0.9165453511 0.3196352263 
-0.2849781617 0.9165154589 0.3205196458 
-0.2834227279 0.9164975546 0.3213997815 
-0.2818695677 0.9164917259 0.3222756954 
-0.2803189828 0.9164980589 0.3231474693 
-0.2787712830 0.9165166388 0.3240152039 
-0.2772267863 0.9165475498 0.3248790187 
-0.2756858181 0.9165908752 0.3257390510 
-0.2741487117 0.9166466979 0.3265954549 
-0.2726158079 0.9167151004 0.3274484015 
-0.2710874549 0.9167961649 0.3282980772 
-0.2695640078 0.9168899739 0.3291446836 
-0.2680458287 0.9169966097 0.3299884364 
-0.2665332863 0.9171161554 0.3308295650 
-0.2650267558 0.9172486943 0.3316683114 
-0.2635266184 0.9173943106 0.3325049296 
-0.2620332611 0.9175530895 0.3333396848 
-0.2605470764 0.9177251170 0.3341728528 
-0.2605470764 0.9177251170 0.3341728528 
-0.2590684619 0.9179104805 0.3350047191 
-0.2575978201 0.9181092686 0.3358355778 
-0.2561355578 0.9183215716 0.3366657317 
-0.2546820859 0.9185474813 0.3374954907 
-0.2532378191 0.9187870914 0.3383251715 
-0.2518031751 0.9190404972 0.3391550968 
-0.2503785748 0.9193077965 0.3399855948 
-0.2489644412 0.9195890888 0.3408169979 
-0.2475611995 0.9198844760 0.3416496427 
-0.2461692765 0.9201940623 0.3424838690 
-0.2447891000 0.9205179545 0.3433200190 
-0.2434210987 0.9208562615 0.3441584370 
-0.2420657013 0.9212090952 0.3449994687 
-0.2407233365 0.9215765698 0.3458434604 
-0.2393944323 0.9219588024 0.3466907587 
-0.2380794157 0.9223559127 0.3475417096 
-0.2367787123 0.9227680234 0.3483966586 
-0.2354927454 0.9231952599 0.3492559494 
-0.2342219364 0.9236377503 0.3501199241 
-0.2329667036 0.9240956258 0.3509889221 
-0.2317274624 0.9245690205 0.3518632804 
-0.2305046245 0.9250580713 0.3527433327 
-0.2292985977 0.9255629179 0.3536294089 
-0.2281097855 0.9260837031 0.3545218352 
-0.2269385867 0.9266205725 0.3554209335 
-0.2257853952 0.9271736746 0.3563270212 
-0.2246505995 0.9277431607 0.3572404106 
-0.2235345825 0.9283291848 0.3581614090 
-0.2224377213 0.9289319039 0.3590903186 
-0.2213603866 0.9295514775 0.3600274356 
-0.2203029430 0.9301880681 0.3609730508 
-0.2192657481 0.9308418406 0.3619274490 
-0.2182491529 0.9315129625 0.3628909088 
-0.2172535011 0.9322016040 0.3638637027 
-0.2162791294 0.9329079377 0.3648460971 
-0.2153263669 0.9336321385 0.3658383520 
-0.2143955355 0.9343743838 0.3668407207 
-0.2134869490 0.9351348534 0.3678534505 
-0.2126009140 0.9359137290 0.3688767820 
-0.2117377289 0.9367111948 0.3699109494 
-0.2108976845 0.9375274369 0.3709561805 
-0.2100810638 0.9383626433 0.3720126968 
-0.2092881417 0.9392170044 0.3730807132 
-0.2085191854 0.9400907120 0.3741604385 
-0.2077744541 0.9409839599 0.3752520753 
-0.2070541995 0.9418969437 0.3763558202 
-0.2063586652 0.9428298606 0.3774718635 
-0.2056880874 0.9437829094 0.3786003900 
-0.2050426948 0.9447562906 0.3797415783 
-0.2044227083 0.9457502058 0.3808956018 
-0.2038283419 0.9467648584 0.3820626282 
-0.2032598020 0.9478004530 0.3832428200 
-0.2027172885 0.9488571955 0.3844363343 
-0.2022009938 0.9499352929 0.3856433234 
-0.2017111041 0.9510349538 0.3868639348 
-0.2012477988 0.9521563873 0.3880983113 
-0.2008112513 0.9532998042 0.3893465910 
-0.2004016285 0.9544654160 0.3906089081 
-0.2000190917 0.9556534351 0.3918853924 
-0.1996637965 0.9568640751 0.3931761699 
-0.1993358929 0.9580975505 0.3944813627 
-0.1990355259 0.9593540764 0.3958010895 
-0.1987628355 0.9606338689 0.3971354656 
-0.1985179569 0.9619371449 0.3984846031 
-0.1983010209 0.9632641221 0.3998486111 
-0.1981121540 0.9646150188 0.4012275959 
-0.1979514790 0.9659900542 0.4026216610 
-0.1978191147 0.9673894480 0.4040309077 
-0.1977151768 0.9688134206 0.4054554347 
-0.1976397775 0.9702621930 0.4068953389 
-0.1975930263 0.9717359870 0.4083507150 
-0.1975750300 0.9732350247 0.4098216558 
-0.1975858930 0.9747595289 0.4113082528 
-0.1976257176 0.9763097230 0.4128105957 
-0.1976946043 0.9778858309 0.4143287729 
-0.1977926519 0.9794880768 0.4158628717 
-0.1979199578 0.9811166857 0.4174129780 
-0.1980766185 0.9827718827 0.4189791770 
-0.1982627295 0.9844538938 0.4205615530 
-0.1984783856 0.9861629448 0.4221601893 
-0.1987236814 0.9878992624 0.4237751690 
-0.1989987114 0.9896630735 0.4254065741 
-0.1993035700 0.9914546051 0.4270544864 
-0.1996383520 0.9932740849 0.4287189874 
-0.2000031529 0.9951217404 0.4304001581 
-0.2003980687 0.9969977997 0.4320980792 
-0.2008231967 0.9989024908 0.4338128313 
-0.2012786350 1.0008360421 0.4355444946 
-0.2017644834 1.0027986819 0.4372931494 
-0.2022808431 1.0047906384 0.4390588758 
-0.2028278170 1.0068121402 0.4408417536 
-0.2034055102 1.0088634153 0.4426418628 
-0.2040140297 1.0109446919 0.4444592829 
-0.2046534848 1.0130561978 0.4462940935 
-0.2053239873 1.0151981605 0.4481463741 
-0.2060256514 1.0173708071 0.4500162039 
-0.2067585944 1.0195743643 0.4519036618 
-0.2075229361 1.0218090580 0.4538088264 
-0.2083187995 1.0240751135 0.4557317760 
-0.2083187995 1.0240751135 0.4557317760 
-0.2091463107 1.0263727554 0.4576725884 
-0.2100055989 1.0287022071 0.4596313409 
-0.2108967968 1.0310636910 0.4616081102 
-0.2118200405 1.0334574283 0.4636029720 
-0.2127754695 1.0358836389 0.4656160014 
-0.2137632270 1.0383425410 0.4676472722 
-0.2147834597 1.0408343512 0.4696968573 
-0.2158363183 1.0433592841 0.4717648281 
-0.2169219571 1.0459175522 0.4738512544 
-0.2180405341 1.0485093659 0.4759562045 
-0.2191922112 1.0511349329 0.4780797448 
-0.2203771543 1.0537944581 0.4802219394 
-0.2215955328 1.0564881437 0.4823828502 
-0.2228475202 1.0592161883 0.4845625365 
-0.2241332938 1.0619787873 0.4867610547 
-0.2254530345 1.0647761322 0.4889784582 
-0.2268069271 1.0676084103 0.4912147970 
-0.2281951599 1.0704758049 0.4934701176 
-0.2296179248 1.0733784941 0.4957444621 
-0.2310754174 1.0763166514 0.4980378687 
-0.2325678363 1.0792904447 0.5003503710 
-0.2340953837 1.0823000361 0.5026819973 
-0.2356582647 1.0853455818 0.5050327709 
-0.2372566875 1.0884272314 0.5074027093 
-0.2388908629 1.0915451274 0.5097918239 
-0.2405610042 1.0946994052 0.5122001195 
-0.2422673274 1.0978901923 0.5146275944 
-0.2440100503 1.1011176080 0.5170742391 
-0.2457893927 1.1043817629 0.5195400368 
-0.2476055757 1.1076827584 0.5220249623 
-0.2494588219 1.1110206863 0.5245289817 
-0.2513493549 1.1143956281 0.5270520521 
-0.2532773985 1.1178076546 0.5295941211 
-0.2552431770 1.1212568255 0.5321551260 
-0.2572469142 1.1247431885 0.5347349938 
-0.2592888335 1.1282667791 0.5373336404 
-0.2613691570 1.1318276198 0.5399509700 
-0.2634881052 1.1354257197 0.5425868748 
-0.2656458963 1.1390610735 0.5452412347 
-0.2678427459 1.1427336616 0.5479139161 
-0.2700788663 1.1464434486 0.5506047721 
-0.2723544658 1.1501903836 0.5533136416 
-0.2746697482 1.1539743989 0.5560403489 
-0.2770249119 1.1577954096 0.5587847033 
-0.2794201494 1.1616533132 0.5615464983 
-0.2818556463 1.1655479883 0.5643255117 
-0.2843315809 1.1694792950 0.5671215042 
-0.2868481229 1.1734470733 0.5699342199 
-0.2894054329 1.1774511429 0.5727633855 
-0.2920036613 1.1814913027 0.5756087095 
-0.2946429476 1.1855673301 0.5784698823 
-0.2973234191 1.1896789802 0.5813465759 
-0.3000451904 1.1938259855 0.5842384429 
-0.3028083618 1.1980080552 0.5871451169 
-0.3056130188 1.2022248748 0.5900662118 
-0.3084592306 1.2064761053 0.5930013219 
-0.3113470493 1.2107613831 0.5959500211 
-0.3142765086 1.2150803192 0.5989118636 
-0.3172476228 1.2194324990 0.6018863829 
-0.3202603854 1.2238174819 0.6048730926 
-0.3233147682 1.2282348006 0.6078714855 
-0.3264107201 1.2326839614 0.6108810347 
-0.3295481655 1.2371644435 0.6139011927 
-0.3327270036 1.2416756989 0.6169313921 
-0.3359471071 1.2462171522 0.6199710461 
-0.3392083207 1.2507882006 0.6230195480 
-0.3425104603 1.2553882139 0.6260762725 
-0.3458533115 1.2600165343 0.6291405756 
-0.3492366289 1.2646724767 0.6322117952 
-0.3526601345 1.2693553286 0.6352892520 
-0.3561235170 1.2740643508 0.6383722497 
-0.3596264306 1.2787987772 0.6414600763 
-0.3631684939 1.2835578154 0.6445520046 
-0.3667492893 1.2883406472 0.6476472933 
-0.3703683619 1.2931464289 0.6507451879 
-0.3740252186 1.2979742922 0.6538449218 
-0.3777193277 1.3028233448 0.6569457176 
-0.3814501180 1.3076926710 0.6600467881 
-0.3852169784 1.3125813327 0.6631473378 
-0.3890192574 1.3174883703 0.6662465643 
-0.3928562625 1.3224128037 0.6693436594 
-0.3967272606 1.3273536336 0.6724378111 
-0.4006314771 1.3323098422 0.6755282047 
-0.4045680966 1.3372803948 0.6786140247 
-0.4085362625 1.3422642410 0.6816944565 
-0.4125350776 1.3472603162 0.6847686875 
-0.4165636042 1.3522675426 0.6878359097 
-0.4206208649 1.3572848313 0.6908953206 
-0.4247058431 1.3623110833 0.6939461255 
-0.4288174837 1.3673451917 0.6969875392 
-0.4329546945 1.3723860424 0.7000187874 
-0.4371163465 1.3774325169 0.7030391087 
-0.4413012761 1.3824834932 0.7060477565 
-0.4455082854 1.3875378476 0.7090440003 
-0.4497361446 1.3925944568 0.7120271276 
-0.4539835930 1.3976521995 0.7149964455 
-0.4582493412 1.4027099579 0.7179512824 
-0.4625320725 1.4077666197 0.7208909891 
-0.4668304450 1.4128210799 0.7238149406 
-0.4668304450 1.4128210799 0.7238149406 
-0.4711430942 1.4178722421 0.7267225374 
-0.4754686342 1.4229190208 0.7296132068 
-0.4798056607 1.4279603425 0.7324864038 
-0.4841527532 1.4329951475 0.7353416125 
-0.4885084771 1.4380223917 0.7381783472 
-0.4928713862 1.4430410476 0.7409961529 
-0.4972400256 1.4480501063 0.7437946062 
-0.5016129337 1.4530485785 0.7465733162 
-0.5059886452 1.4580354960 0.7493319249 
-0.5103656931 1.4630099129 0.7520701076 
-0.5147426118 1.4679709067 0.7547875730 
-0.5191179393 1.4729175796 0.7574840640 
-0.5234902199 1.4778490591 0.7601593572 
-0.5278580065 1.4827644995 0.7628132631 
-0.5322198634 1.4876630822 0.7654456260 
-0.5365743679 1.4925440165 0.7680563234 
-0.5409201136 1.4974065407 0.7706452664 
-0.5452557120 1.5022499222 0.7732123981 
-0.5495797947 1.5070734580 0.7757576941 
-0.5538910159 1.5118764754 0.7782811612 
-0.5581880537 1.5166583319 0.7807828367 
-0.5624696126 1.5214184159 0.7832627879 
-0.5667344250 1.5261561462 0.7857211106 
-0.5709812526 1.5308709725 0.7881579287 
-0.5752088884 1.5355623752 0.7905733929 
-0.5794161581 1.5402298655 0.7929676793 
-0.5836019207 1.5448729847 0.7953409887 
-0.5877650706 1.5494913046 0.7976935451 
-0.5919045381 1.5540844267 0.8000255945 
-0.5960192904 1.5586519821 0.8023374038 
-0.6001083325 1.5631936308 0.8046292591 
-0.6041707078 1.5677090616 0.8069014647 
-0.6082054989 1.5721979910 0.8091543418 
-0.6122118277 1.5766601633 0.8113882268 
-0.6161888558 1.5810953495 0.8136034703 
-0.6201357850 1.5855033466 0.8158004359 
-0.6240518571 1.5898839775 0.8179794981 
-0.6279363541 1.5942370894 0.8201410422 
-0.6317885981 1.5985625539 0.8222854618 
-0.6356079510 1.6028602657 0.8244131584 
-0.6393938144 1.6071301420 0.8265245398 
-0.6431456290 1.6113721217 0.8286200190 
-0.6468628744 1.6155861647 0.8307000131 
-0.6505450687 1.6197722508 0.8327649420 
-0.6541917676 1.6239303792 0.8348152275 
-0.6578025638 1.6280605676 0.8368512921 
-0.6613770866 1.6321628513 0.8388735584 
-0.6649150011 1.6362372823 0.8408824476 
-0.6684160070 1.6402839289 0.8428783791 
-0.6718798383 1.6443028744 0.8448617693 
-0.6753062620 1.6482942168 0.8468330311 
-0.6786950777 1.6522580675 0.8487925728 
-0.6820461161 1.6561945510 0.8507407980 
-0.6853592384 1.6601038040 0.8526781042 
-0.6886343352 1.6639859746 0.8546048829 
-0.6918713258 1.6678412216 0.8565215186 
-0.6950701566 1.6716697138 0.8584283883 
-0.6982308008 1.6754716294 0.8603258616 
-0.7013532570 1.6792471556 0.8622142995 
-0.7044375480 1.6829964871 0.8640940546 
-0.7074837203 1.6867198265 0.8659654706 
-0.7104918428 1.6904173832 0.8678288820 
-0.7134620059 1.6940893726 0.8696846138 
-0.7163943204 1.6977360163 0.8715329815 
-0.7192889166 1.7013575406 0.8733742909 
-0.7221459434 1.7049541768 0.8752088377 
-0.7249655672 1.7085261603 0.8770369075 
-0.7277479712 1.7120737303 0.8788587762 
-0.7304933544 1.7155971292 0.8806747091 
-0.7332019306 1.7190966021 0.8824849618 
-0.7358739276 1.7225723969 0.8842897795 
-0.7385095864 1.7260247632 0.8860893975 
-0.7411091606 1.7294539525 0.8878840410 
-0.7436729149 1.7328602175 0.8896739251 
-0.7462011252 1.7362438120 0.8914592555 
-0.7486940773 1.7396049902 0.8932402277 
-0.7511520661 1.7429440071 0.8950170280 
-0.7535753953 1.7462611175 0.8967898332 
-0.7559643766 1.7495565762 0.8985588106 
-0.7583193288 1.7528306374 0.9003241188 
-0.7606405774 1.7560835548 0.9020859073 
-0.7629284539 1.7593155812 0.9038443169 
-0.7651832952 1.7625269684 0.9055994800 
-0.7674054432 1.7657179668 0.9073515206 
-0.7695952441 1.7688888253 0.9091005549 
-0.7717530479 1.7720397916 0.9108466911 
-0.7738792078 1.7751711112 0.9125900298 
-0.7759740802 1.7782830280 0.9143306643 
-0.7780380235 1.7813757837 0.9160686807 
-0.7800713985 1.7844496180 0.9178041585 
-0.7820745673 1.7875047683 0.9195371701 
-0.7840478932 1.7905414696 0.9212677820 
-0.7859917404 1.7935599545 0.9229960541 
-0.7879064736 1.7965604532 0.9247220406 
-0.7897924575 1.7995431932 0.9264457901 
-0.7916500569 1.8025083994 0.9281673456 
-0.7934796356 1.8054562939 0.9298867450 
-0.7952815572 1.8083870962 0.9316040211 
-0.7970561840 1.8113010229 0.9333192020 
-0.7970561840 1.8113010229 0.9333192020 
-0.7988038771 1.8141982879 0.9350323113 
-0.8005249959 1.8170791021 0.9367433684 
-0.8022198983 1.8199436736 0.9384523884 
-0.8038889402 1.8227922075 0.9401593826 
-0.8055324754 1.8256249061 0.9418643589 
-0.8071508553 1.8284419689 0.9435673213 
-0.8087444288 1.8312435921 0.9452682708 
-0.8103135423 1.8340299693 0.9469672053 
-0.8118585392 1.8368012911 0.9486641200 
-0.8133797603 1.8395577451 0.9503590070 
-0.8148775431 1.8422995161 0.9520518562 
-0.8163522220 1.8450267859 0.9537426551 
-0.8178041282 1.8477397336 0.9554313891 
-0.8192335894 1.8504385353 0.9571180414 
-0.8206409301 1.8531233643 0.9588025935 
-0.8220264711 1.8557943910 0.9604850251 
-0.8233905295 1.8584517833 0.9621653145 
-0.8247334190 1.8610957061 0.9638434385 
-0.8260554495 1.8637263216 0.9655193726 
-0.8273569270 1.8663437894 0.9671930912 
-0.8286381539 1.8689482664 0.9688645677 
-0.8298994286 1.8715399068 0.9705337744 
-0.8311410456 1.8741188622 0.9722006832 
-0.8323632958 1.8766852819 0.9738652649 
-0.8335664659 1.8792393124 0.9755274901 
-0.8347508386 1.8817810977 0.9771873286 
-0.8359166930 1.8843107796 0.9788447501 
-0.8370643040 1.8868284972 0.9804997238 
-0.8381939425 1.8893343876 0.9821522189 
-0.8393058757 1.8918285852 0.9838022043 
-0.8404003667 1.8943112223 0.9854496489 
-0.8414776747 1.8967824289 0.9870945218 
-0.8425380549 1.8992423328 0.9887367918 
-0.8435817588 1.9016910597 0.9903764283 
-0.8446090339 1.9041287329 0.9920134007 
-0.8456201238 1.9065554741 0.9936476786 
-0.8466152683 1.9089714024 0.9952792321 
-0.8475947036 1.9113766353 0.9969080317 
-0.8485586617 1.9137712880 0.9985340481 
-0.8495073713 1.9161554741 1.0001572527 
-0.8504410571 1.9185293050 1.0017776172 
-0.8513599403 1.9208928905 1.0033951141 
-0.8522642383 1.9232463383 1.0050097162 
-0.8531541650 1.9255897545 1.0066213971 
-0.8540299307 1.9279232434 1.0082301309 
-0.8548917423 1.9302469076 1.0098358924 
-0.8557398030 1.9325608480 1.0114386572 
-0.8565743127 1.9348651640 1.0130384015 
-0.8573954679 1.9371599530 1.0146351021 
-0.8582034618 1.9394453113 1.0162287368 
-0.8589984842 1.9417213334 1.0178192839 
-0.8597807217 1.9439881122 1.0194067225 
-0.8605503576 1.9462457394 1.0209910327 
-0.8613075722 1.9484943051 1.0225721951 
-0.8620525424 1.9507338979 1.0241501912 
-0.8627854423 1.9529646052 1.0257250033 
-0.8635064430 1.9551865129 1.0272966145 
-0.8642157123 1.9573997057 1.0288650085 
-0.8649134153 1.9596042668 1.0304301700 
-0.8655997143 1.9618002784 1.0319920846 
-0.8662747685 1.9639878213 1.0335507383 
-0.8669387344 1.9661669750 1.0351061183 
-0.8675917660 1.9683378180 1.0366582123 
-0.8682340143 1.9705004275 1.0382070089 
-0.8688656277 1.9726548797 1.0397524974 
-0.8694867520 1.9748012496 1.0412946680 
-0.8700975307 1.9769396110 1.0428335115 
-0.8706981043 1.9790700368 1.0443690195 
-0.8712886113 1.9811925988 1.0459011844 
-0.8718691874 1.9833073678 1.0474299992 
-0.8724399662 1.9854144136 1.0489554578 
-0.8730010788 1.9875138049 1.0504775546 
-0.8735526540 1.9896056097 1.0519962849 
-0.8740948185 1.9916898947 1.0535116446 
-0.8746276966 1.9937667260 1.0550236301 
-0.8751514106 1.9958361686 1.0565322388 
-0.8756660805 1.9978982867 1.0580374685 
-0.8761718243 1.9999531438 1.0595393177 
-0.8766687580 2.0020008021 1.0610377856 
-0.8771569955 2.0040413235 1.0625328719 
-0.8776366488 2.0060747688 1.0640245768 
-0.8781078279 2.0081011979 1.0655129015 
-0.8785706410 2.0101206702 1.0669978472 
-0.8790251943 2.0121332441 1.0684794162 
-0.8794715923 2.0141389775 1.0699576110 
-0.8799099377 2.0161379273 1.0714324346 
-0.8803403314 2.0181301498 1.0729038908 
-0.8807628727 2.0201157006 1.0743719838 
-0.8811776589 2.0220946346 1.0758367180 
-0.8815847861 2.0240670060 1.0772980986 
-0.8819843485 2.0260328683 1.0787561312 
-0.8823764386 2.0279922745 1.0802108219 
-0.8827611478 2.0299452767 1.0816621770 
-0.8831385655 2.0318919266 1.0831102034 
-0.8835087798 2.0338322752 1.0845549084 
-0.8838718775 2.0357663728 1.0859962997 
-0.8842279436 2.0376942693 1.0874343854 
-0.8845770620 2.0396160137 1.0888691739 
-0.8849193152 2.0415316549 1.0903006740 
-0.8849193152 2.0415316549 1.0903006740 
-0.8852547842 2.0434412407 1.0917288949 
-0.8855835487 2.0453448187 1.0931538460 
-0.8859056872 2.0472424358 1.0945755371 
-0.8862212769 2.0491341385 1.0959939783 
-0.8865303937 2.0510199726 1.0974091802 
-0.8868331123 2.0528999834 1.0988211533 
-0.8871295063 2.0547742159 1.1002299087 
-0.8874196479 2.0566427143 1.1016354577 
-0.8877036085 2.0585055225 1.1030378117 
-0.8879814579 2.0603626839 1.1044369825 
-0.8882532653 2.0622142413 1.1058329822 
-0.8885190985 2.0640602372 1.1072258229 
-0.8887790242 2.0659007134 1.1086155171 
-0.8890331084 2.0677357115 1.1100020775 
-0.8892814156 2.0695652726 1.1113855170 
-0.8895240097 2.0713894371 1.1127658485 
-0.8897609534 2.0732082452 1.1141430853 
-0.8899923086 2.0750217368 1.1155172409 
-0.8902181361 2.0768299510 1.1168883288 
-0.8904384958 2.0786329267 1.1182563627 
-0.8906534467 2.0804307025 1.1196213565 
-0.8908630471 2.0822233164 1.1209833242 
-0.8910673541 2.0840108061 1.1223422800 
-0.8912664241 2.0857932088 1.1236982382 
-0.8914603128 2.0875705615 1.1250512132 
-0.8916490749 2.0893429006 1.1264012195 
-0.8918327642 2.0911102623 1.1277482716 
-0.8920114340 2.0928726822 1.1290923844 
-0.8921851365 2.0946301959 1.1304335726 
-0.8923539234 2.0963828384 1.1317718512 
-0.8925178456 2.0981306443 1.1331072350 
-0.8926769531 2.0998736479 1.1344397393 
-0.8928312953 2.1016118832 1.1357693790 
-0.8929809210 2.1033453839 1.1370961695 
-0.8931258780 2.1050741832 1.1384201258 
-0.8932662137 2.1067983141 1.1397412635 
-0.8934019747 2.1085178093 1.1410595977 
-0.8935332069 2.1102327010 1.1423751439 
-0.8936599558 2.1119430212 1.1436879175 
-0.8937822660 2.1136488016 1.1449979340 
-0.8939001815 2.1153500737 1.1463052088 
-0.8940137459 2.1170468683 1.1476097576 
-0.8941230019 2.1187392163 1.1489115959 
-0.8942279918 2.1204271481 1.1502107391 
-0.8943287574 2.1221106939 1.1515072030 
-0.8944253397 2.1237898835 1.1528010030 
-0.8945177793 2.1254647465 1.1540921548 
-0.8946061161 2.1271353122 1.1553806740 
-0.8946903897 2.1288016096 1.1566665762 
-0.8947706390 2.1304636674 1.1579498769 
-0.8948469024 2.1321215141 1.1592305918 
-0.8949192178 2.1337751778 1.1605087365 
-0.8949876226 2.1354246864 1.1617843264 
-0.8950521537 2.1370700677 1.1630573772 
-0.8951128475 2.1387113489 1.1643279044 
-0.8951697400 2.1403485572 1.1655959235 
-0.8952228666 2.1419817195 1.1668614500 
-0.8952722623 2.1436108624 1.1681244994 
-0.8953179617 2.1452360122 1.1693850871 
-0.8953599989 2.1468571951 1.1706432286 
-0.8953984075 2.1484744369 1.1718989391 
-0.8954332208 2.1500877633 1.1731522341 
-0.8954644716 2.1516971997 1.1744031289 
-0.8954921922 2.1533027712 1.1756516386 
-0.8955164148 2.1549045028 1.1768977787 
-0.8955371707 2.1565024191 1.1781415643 
-0.8955544912 2.1580965447 1.1793830104 
-0.8955684071 2.1596869038 1.1806221323 
-0.8955789489 2.1612735204 1.1818589450 
-0.8955861464 2.1628564183 1.1830934635 
-0.8955900294 2.1644356211 1.1843257028 
-0.8955906271 2.1660111522 1.1855556778 
-0.8955879684 2.1675830347 1.1867834033 
-0.8955820820 2.1691512916 1.1880088943 
-0.8955729960 2.1707159457 1.1892321653 
-0.8955607383 2.1722770194 1.1904532313 
-0.8955453365 2.1738345352 1.1916721067 
-0.8955268177 2.1753885151 1.1928888063 
-0.8955052088 2.1769389811 1.1941033444 
-0.8954805363 2.1784859550 1.1953157358 
-0.8954528265 2.1800294582 1.1965259947 
-0.8954221053 2.1815695123 1.1977341355 
-0.8953883983 2.1831061382 1.1989401725 
-0.8953517307 2.1846393570 1.2001441200 
-0.8953121277 2.1861691896 1.2013459921 
-0.8952696138 2.1876956565 1.2025458030 
-0.8952242136 2.1892187781 1.2037435668 
-0.8951759511 2.1907385748 1.2049392973 
-0.8951248501 2.1922550665 1.2061330087 
-0.8950709343 2.1937682732 1.2073247146 
-0.8950142270 2.1952782147 1.2085144289 
-0.8949547511 2.1967849104 1.2097021654 
-0.8948925294 2.1982883798 1.2108879377 
-0.8948275845 2.1997886421 1.2120717595 
-0.8947599385 2.2012857164 1.2132536442 
-0.8946896135 2.2027796214 1.2144336053 
-0.8946166311 2.2042703761 1.2156116563 
-0.8945410129 2.2057579988 1.2167878105 
-0.8944627801 2.2072425082 1.2179620811 
-0.8944627801 2.2072425082 1.2179620811 
-0.8943819537 2.2087239223 1.2191344813 
-0.8942985544 2.2102022593 1.2203050243 
-0.8942126029 2.2116775372 1.2214737232 
-0.8941241193 2.2131497737 1.2226405909 
-0.8940331238 2.2146189864 1.2238056404 
-0.8939396363 2.2160851930 1.2249688845 
-0.8938436763 2.2175484106 1.2261303360 
-0.8937452632 2.2190086566 1.2272900078 
-0.8936444164 2.2204659479 1.2284479123 
-0.8935411546 2.2219203016 1.2296040622 
-0.8934354968 2.2233717343 1.2307584700 
-0.8933274615 2.2248202627 1.2319111482 
-0.8932170670 2.2262659033 1.2330621092 
-0.8931043316 2.2277086724 1.2342113652 
-0.8929892732 2.2291485863 1.2353589286 
-0.8928719095 2.2305856611 1.2365048114 
-0.8927522582 2.2320199127 1.2376490258 
-0.8926303367 2.2334513570 1.2387915839 
-0.8925061621 2.2348800096 1.2399324976 
-0.8923797515 2.2363058861 1.2410717788 
-0.8922511217 2.2377290020 1.2422094394 
-0.8921202894 2.2391493726 1.2433454911 
-0.8919872711 2.2405670130 1.2444799456 
-0.8918520830 2.2419819384 1.2456128146 
-0.8917147413 2.2433941637 1.2467441096 
-0.8915752620 2.2448037038 1.2478738422 
-0.8914336608 2.2462105732 1.2490020237 
-0.8912899534 2.2476147867 1.2501286655 
-0.8911441553 2.2490163587 1.2512537790 
-0.8909962817 2.2504153036 1.2523773753 
-0.8908463478 2.2518116355 1.2534994657 
-0.8906943686 2.2532053688 1.2546200611 
-0.8905403588 2.2545965172 1.2557391728 
-0.8903843333 2.2559850949 1.2568568116 
-0.8902263064 2.2573711155 1.2579729884 
-0.8900662927 2.2587545928 1.2590877141 
-0.8899043062 2.2601355403 1.2602009995 
-0.8897403611 2.2615139716 1.2613128552 
-0.8895744713 2.2628899000 1.2624232919 
-0.8894066506 2.2642633387 1.2635323202 
-0.8892369126 2.2656343010 1.2646399506 
-0.8890652709 2.2670027999 1.2657461936 
-0.8888917388 2.2683688484 1.2668510595 
-0.8887163296 2.2697324593 1.2679545587 
-0.8885390564 2.2710936454 1.2690567014 
-0.8883599321 2.2724524193 1.2701574979 
-0.8881789696 2.2738087937 1.2712569582 
-0.8879961816 2.2751627810 1.2723550925 
-0.8878115807 2.2765143936 1.2734519108 
-0.8876251792 2.2778636438 1.2745474229 
-0.8874369897 2.2792105437 1.2756416389 
-0.8872470242 2.2805551054 1.2767345686 
-0.8870552949 2.2818973411 1.2778262216 
-0.8868618137 2.2832372625 1.2789166078 
-0.8866665925 2.2845748816 1.2800057368 
-0.8864696429 2.2859102100 1.2810936181 
-0.8862709767 2.2872432594 1.2821802614 
-0.8860706053 2.2885740413 1.2832656760 
-0.8858685401 2.2899025674 1.2843498714 
-0.8856647924 2.2912288488 1.2854328569 
-0.8854593733 2.2925528971 1.2865146418 
-0.8852522940 2.2938747233 1.2875952355 
-0.8850435652 2.2951943386 1.2886746469 
-0.8848331980 2.2965117542 1.2897528854 
-0.8846212029 2.2978269809 1.2908299599 
-0.8844075907 2.2991400297 1.2919058794 
-0.8841923718 2.3004509113 1.2929806529 
-0.8839755568 2.3017596366 1.2940542894 
-0.8837571558 2.3030662162 1.2951267975 
-0.8835371792 2.3043706607 1.2961981862 
-0.8833156370 2.3056729806 1.2972684641 
-0.8830925394 2.3069731864 1.2983376400 
-0.8828678961 2.3082712883 1.2994057224 
-0.8826417171 2.3095672967 1.3004727199 
-0.8824140121 2.3108612218 1.3015386410 
-0.8821847907 2.3121530738 1.3026034942 
-0.8819540625 2.3134428627 1.3036672879 
-0.8817218369 2.3147305984 1.3047300304 
-0.8814881234 2.3160162910 1.3057917300 
-0.8812529312 2.3172999503 1.3068523949 
-0.8810162695 2.3185815861 1.3079120335 
-0.8807781474 2.3198612081 1.3089706537 
-0.8805385740 2.3211388259 1.3100282638 
-0.8802975581 2.3224144491 1.3110848716 
-0.8800551087 2.3236880873 1.3121404853 
-0.8798112344 2.3249597499 1.3131951127 
-0.8795659441 2.3262294463 1.3142487617 
-0.8793192462 2.3274971857 1.3153014402 
-0.8790711494 2.3287629776 1.3163531560 
-0.8788216620 2.3300268310 1.3174039167 
-0.8785707924 2.3312887550 1.3184537301 
-0.8783185489 2.3325487589 1.3195026038 
-0.8780649398 2.3338068514 1.3205505453 
-0.8778099731 2.3350630417 1.3215975623 
-0.8775536570 2.3363173386 1.3226436622 
-0.8772959993 2.3375697508 1.3236888525 
-0.8770370080 2.3388202873 1.3247331405 
-0.8767766910 2.3400689566 1.3257765336 
-0.8765150559 2.3413157674 1.3268190391 
-0.8765150559 2.3413157674 1.3268190391 
