-0.6654929090 
-0.4320293685 
-0.4462367783 
-0.4653782469 
-0.4892232091 
-0.5174883736 
-0.5498485724 
-0.5859419937 
-0.6253736033 
-0.6677188005 
-0.7125280566 
-0.7593325169 
-0.8076502198 
-0.8569925804 
-0.9068709284 
-0.9568030566 
-1.0063198224 
-1.0549718420 
-1.1023362249 
-1.1480231836 
-1.1916822551 
-1.2330078273 
-1.2717436839 
-1.3076863494 
-1.3406871011 
-1.3706525891 
-1.3975440352 
-1.4213749743 
-1.4422074756 
-1.4601467950 
-1.4753344974 
-1.4879402806 
-1.4981529775 
-1.5061714276 
-1.5121960019 
-1.5164214806 
-1.5190317495 
-1.5201964729 
-1.5200696051 
-1.5187893985 
-1.5164794633 
-1.5132504357 
-1.5092018757 
-1.5044241186 
-1.4989999012 
-1.4930056779 
-1.4865126044 
-1.4795872161 
-1.4722918518 
-1.4646848829 
-1.4568208132 
-1.4487503015 
-1.4405201542 
-1.4321733209 
-1.4237489146 
-1.4152822696 
-1.4068050392 
-1.3983453327 
-1.3899278848 
-1.3815742500 
-1.3733030128 
-1.3651300089 
-1.3570685494 
-1.3491296480 
-1.3413222501 
-1.3336534676 
-1.3261288251 
-1.3187525257 
-1.3115277470 
-1.3044569780 
-1.2975424091 
-1.2907863878 
-1.2841919579 
-1.2777634988 
-1.2715074971 
-1.2654334841 
-1.2595551782 
-1.2538918501 
-1.2484698727 
-1.2433243028 
-1.2385001883 
-1.2340531209 
-1.2300484406 
-1.2265584903 
-1.2236574457 
-1.2214134917 
-1.2198784687 
-1.2190756278 
-1.2189869364 
-1.2195425204 
-1.2206160944 
-1.2220308615 
-1.2235791459 
-1.2250551080 
-1.2262940743 
-1.2272073137 
-1.2278010546 
-1.2281740632 
-1.2284961461 
-1.2289759875 
-1.2289759875 
-1.2298282908 
-1.2312477906 
-1.2333935793 
-1.2363834584 
-1.2402957982 
-1.2451757327 
-1.2510429208 
-1.2578989548 
-1.2657333513 
-1.2745277201 
-1.2842581416 
-1.2948960469 
-1.3064080374 
-1.3187551451 
-1.3318920141 
-1.3457664028 
-1.3603192609 
-1.3754854787 
-1.3911952593 
-1.4073759579 
-1.4239541813 
-1.4408579209 
-1.4580185204 
-1.4753723144 
-1.4928618377 
-1.5104365596 
-1.5280531595 
-1.5456754031 
-1.5632737109 
-1.5808245178 
-1.5983095228 
-1.6157149093 
-1.6330305959 
-1.6502495576 
-1.6673672374 
-1.6843810534 
-1.7012899972 
-1.7180943147 
-1.7347952545 
-1.7513948740 
-1.7678958889 
-1.7843015567 
-1.8006155861 
-1.8168420634 
-1.8329853918 
-1.8490502366 
-1.8650414740 
-1.8809641377 
-1.8968233599 
-1.9126243030 
-1.9283720775 
-1.9440716412 
-1.9597276749 
-1.9753444286 
-1.9909255328 
-2.0064737680 
-2.0219907869 
-2.0374767850 
-2.0529301161 
-2.0683468550 
-2.0837203152 
-2.0990405374 
-2.1142937768 
-2.1294620313 
-2.1445226659 
-2.1594482039 
-2.1742063648 
-2.1887604277 
-2.2030699885 
-2.2170921508 
-2.2307831395 
-2.2441002666 
-2.2570041044 
-2.2694606618 
-2.2814433260 
-2.2929343381 
-2.3039256317 
-2.3144189522 
-2.3244252846 
-2.3339637107 
-2.3430598763 
-2.3517442744 
-2.3600505286 
-2.3680138257 
-2.3756695908 
-2.3830524505 
-2.3901954892 
-2.3971297746 
-2.4038841135 
-2.4104849899 
-2.4169566410 
-2.4233212248 
-2.4295990405 
-2.4358087654 
-2.4419676725 
-2.4480917970 
-2.4541960197 
-2.4602940397 
-2.4663982203 
-2.4663982203 
-2.4725193097 
-2.4786660679 
-2.4848448646 
-2.4910593417 
-2.4973102434 
-2.5035954951 
-2.5099105561 
-2.5162490004 
-2.5226032204 
-2.5289651206 
-2.5353266891 
-2.5416803812 
-2.5480193067 
-2.5543372536 
-2.5606286002 
-2.5668881648 
-2.5731110296 
-2.5792923558 
-2.5854271942 
-2.5915102800 
-2.5975357960 
-2.6034970758 
-2.6093862081 
-2.6151934826 
-2.6209065836 
-2.6265093770 
-2.6319800315 
-2.6372880357 
-2.6423894082 
-2.6472192007 
-2.6516817056 
-2.6556509200 
-2.6590760007 
-2.6627274952 
-2.6700804989 
-2.6806824917 
-2.6873786697 
-2.6922877654 
-2.6976366077 
-2.7034807860 
-2.7094287832 
-2.7152809435 
-2.7210015653 
-2.7266033025 
-2.7320985606 
-2.7374928874 
-2.7427883695 
-2.7479861684 
-2.7530873201 
-2.7580928050 
-2.7630034963 
-2.7678201523 
-2.7725434432 
-2.7771739882 
-2.7817123866 
-2.7861592411 
-2.7905151747 
-2.7947808438 
-2.7989569481 
-2.8030442376 
-2.8070435193 
-2.8109556609 
-2.8147815942 
-2.8185223173 
-2.8221788954 
-2.8257524615 
-2.8292442157 
-2.8326554243 
-2.8359874184 
-2.8392415910 
-2.8424193949 
-2.8455223395 
-2.8485519866 
-2.8515099468 
-2.8543978752 
-2.8572174664 
-2.8599704494 
-2.8626585829 
-2.8652836494 
-2.8678474496 
-2.8703517972 
-2.8727985127 
-2.8751894179 
-2.8775263300 
-2.8798110565 
-2.8820453890 
-2.8842310984 
-2.8863699297 
-2.8884635974 
-2.8905137803 
-2.8925221180 
-2.8944902067 
-2.8964195956 
-2.8983117840 
-2.9001682184 
-2.9019902901 
-2.9037793335 
-2.9055366246 
-2.9072633796 
-2.9072633796 
-2.9089607543 
-2.9106298438 
-2.9122716827 
-2.9138872449 
-2.9154774448 
-2.9170431381 
-2.9185851231 
-2.9201041417 
-2.9216008819 
-2.9230759790 
-2.9245300180 
-2.9259635357 
-2.9273770226 
-2.9287709260 
-2.9301456517 
-2.9315015666 
-2.9328390015 
-2.9341582532 
-2.9354595869 
-2.9367432387 
-2.9380094178 
-2.9392583089 
-2.9404900743 
-2.9417048557 
-2.9429027768 
-2.9440839445 
-2.9452484513 
-2.9463963765 
-2.9475277881 
-2.9486427442 
-2.9497412942 
-2.9508234804 
-2.9518893388 
-2.9529389005 
-2.9539721926 
-2.9549892390 
-2.9559900611 
-2.9569746790 
-2.9579431116 
-2.9588953776 
-2.9598314957 
-2.9607514854 
-2.9616553671 
-2.9625431626 
-2.9634148952 
-2.9642705904 
-2.9651102756 
-2.9659339805 
-2.9667417374 
-2.9675335810 
-2.9683095488 
-2.9690696808 
-2.9698140199 
-2.9705426117 
-2.9712555045 
-2.9719527496 
-2.9726344008 
-2.9733005147 
-2.9739511506 
-2.9745863703 
-2.9752062382 
-2.9758108214 
-2.9764001890 
-2.9769744129 
-2.9775335671 
-2.9780777278 
-2.9786069734 
-2.9791213843 
-2.9796210429 
-2.9801060336 
-2.9805764426 
-2.9810323577 
-2.9814738687 
-2.9819010668 
-2.9823140449 
-2.9827128970 
-2.9830977191 
-2.9834686080 
-2.9838256621 
-2.9841689810 
-2.9844986652 
-2.9848148166 
-2.9851175380 
-2.9854069332 
-2.9856831069 
-2.9859461646 
-2.9861962129 
-2.9864333588 
-2.9866577104 
-2.9868693762 
-2.9870684655 
-2.9872550880 
-2.9874293543 
-2.9875913751 
-2.9877412619 
-2.9878791265 
-2.9880050810 
-2.9881192380 
-2.9882217104 
-2.9882217104 
-2.9883126114 
-2.9883920544 
-2.9884601531 
-2.9885170212 
-2.9885627729 
-2.9885975222 
-2.9886213835 
-2.9886344710 
-2.9886368991 
-2.9886287822 
-2.9886102346 
-2.9885813708 
-2.9885423049 
-2.9884931513 
-2.9884340239 
-2.9883650368 
-2.9882863037 
-2.9881979383 
-2.9881000540 
-2.9879927638 
-2.9878761809 
-2.9877504178 
-2.9876155869 
-2.9874718002 
-2.9873191696 
-2.9871578063 
-2.9869878213 
-2.9868093253 
-2.9866224284 
-2.9864272403 
-2.9862238705 
-2.9860124277 
-2.9857930203 
-2.9855657561 
-2.9853307424 
-2.9850880862 
-2.9848378935 
-2.9845802701 
-2.9843153210 
-2.9840431509 
-2.9837638635 
-2.9834775621 
-2.9831843493 
-2.9828843272 
-2.9825775970 
-2.9822642593 
-2.9819444141 
-2.9816181607 
-2.9812855975 
-2.9809468223 
-2.9806019323 
-2.9802510238 
-2.9798941923 
-2.9795315326 
-2.9791631388 
-2.9787891043 
-2.9784095213 
-2.9780244818 
-2.9776340765 
-2.9772383955 
-2.9768375281 
-2.9764315629 
-2.9760205873 
-2.9756046883 
-2.9751839518 
-2.9747584630 
-2.9743283062 
-2.9738935648 
-2.9734543214 
-2.9730106579 
-2.9725626552 
-2.9721103933 
-2.9716539514 
-2.9711934080 
-2.9707288405 
-2.9702603256 
-2.9697879391 
-2.9693117560 
-2.9688318503 
-2.9683482953 
-2.9678611634 
-2.9673705262 
-2.9668764542 
-2.9663790174 
-2.9658782848 
-2.9653743246 
-2.9648672039 
-2.9643569895 
-2.9638437468 
-2.9633275407 
-2.9628084353 
-2.9622864936 
-2.9617617781 
-2.9612343503 
-2.9607042710 
-2.9601716000 
-2.9596363965 
-2.9590987188 
-2.9585586245 
-2.9585586245 
-2.9580161704 
-2.9574714124 
-2.9569244057 
-2.9563752048 
-2.9558238633 
-2.9552704343 
-2.9547149698 
-2.9541575212 
-2.9535981393 
-2.9530368740 
-2.9524737746 
-2.9519088895 
-2.9513422666 
-2.9507739529 
-2.9502039948 
-2.9496324379 
-2.9490593275 
-2.9484847076 
-2.9479086220 
-2.9473311137 
-2.9467522249 
-2.9461719974 
-2.9455904721 
-2.9450076895 
-2.9444236892 
-2.9438385104 
-2.9432521916 
-2.9426647707 
-2.9420762849 
-2.9414867710 
-2.9408962649 
-2.9403048021 
-2.9397124177 
-2.9391191460 
-2.9385250206 
-2.9379300748 
-2.9373343414 
-2.9367378523 
-2.9361406392 
-2.9355427331 
-2.9349441645 
-2.9343449634 
-2.9337451593 
-2.9331447812 
-2.9325438575 
-2.9319424162 
-2.9313404847 
-2.9307380902 
-2.9301352590 
-2.9295320173 
-2.9289283906 
-2.9283244041 
-2.9277200824 
-2.9271154498 
-2.9265105301 
-2.9259053466 
-2.9252999222 
-2.9246942794 
-2.9240884403 
-2.9234824267 
-2.9228762596 
-2.9222699601 
-2.9216635485 
-2.9210570449 
-2.9204504690 
-2.9198438401 
-2.9192371771 
-2.9186304986 
-2.9180238227 
-2.9174171673 
-2.9168105499 
-2.9162039875 
-2.9155974969 
-2.9149910945 
-2.9143847965 
-2.9137786186 
-2.9131725761 
-2.9125666842 
-2.9119609577 
-2.9113554109 
-2.9107500582 
-2.9101449132 
-2.9095399895 
-2.9089353004 
-2.9083308587 
-2.9077266771 
-2.9071227679 
-2.9065191433 
-2.9059158149 
-2.9053127943 
-2.9047100927 
-2.9041077210 
-2.9035056899 
-2.9029040098 
-2.9023026909 
-2.9017017430 
-2.9011011758 
-2.9005009986 
-2.8999012206 
-2.8999012206 
-2.8993018506 
-2.8987028973 
-2.8981043690 
-2.8975062740 
-2.8969086200 
-2.8963114147 
-2.8957146656 
-2.8951183800 
-2.8945225646 
-2.8939272264 
-2.8933323718 
-2.8927380071 
-2.8921441384 
-2.8915507716 
-2.8909579122 
-2.8903655658 
-2.8897737374 
-2.8891824322 
-2.8885916549 
-2.8880014101 
-2.8874117021 
-2.8868225352 
-2.8862339132 
-2.8856458400 
-2.8850583190 
-2.8844713537 
-2.8838849472 
-2.8832991025 
-2.8827138223 
-2.8821291091 
-2.8815449654 
-2.8809613933 
-2.8803783947 
-2.8797959716 
-2.8792141253 
-2.8786328575 
-2.8780521691 
-2.8774720613 
-2.8768925349 
-2.8763135906 
-2.8757352286 
-2.8751574494 
-2.8745802529 
-2.8740036391 
-2.8734276076 
-2.8728521578 
-2.8722772892 
-2.8717030008 
-2.8711292916 
-2.8705561602 
-2.8699836052 
-2.8694116250 
-2.8688402177 
-2.8682693813 
-2.8676991135 
-2.8671294121 
-2.8665602743 
-2.8659916973 
-2.8654236782 
-2.8648562138 
-2.8642893006 
-2.8637229352 
-2.8631571137 
-2.8625918322 
-2.8620270865 
-2.8614628722 
-2.8608991847 
-2.8603360193 
-2.8597733710 
-2.8592112347 
-2.8586496049 
-2.8580884761 
-2.8575278424 
-2.8569676979 
-2.8564080363 
-2.8558488512 
-2.8552901360 
-2.8547318839 
-2.8541740877 
-2.8536167401 
-2.8530598338 
-2.8525033609 
-2.8519473135 
-2.8513916834 
-2.8508364623 
-2.8502816415 
-2.8497272122 
-2.8491731653 
-2.8486194914 
-2.8480661811 
-2.8475132245 
-2.8469606117 
-2.8464083323 
-2.8458563760 
-2.8453047318 
-2.8447533889 
-2.8442023360 
-2.8436515616 
-2.8431010539 
-2.8431010539 
-2.8425508011 
-2.8420007908 
-2.8414510105 
-2.8409014475 
-2.8403520887 
-2.8398029209 
-2.8392539304 
-2.8387051036 
-2.8381564262 
-2.8376078839 
-2.8370594621 
-2.8365111458 
-2.8359629199 
-2.8354147689 
-2.8348666770 
-2.8343186282 
-2.8337706063 
-2.8332225944 
-2.8326745759 
-2.8321265334 
-2.8315784495 
-2.8310303065 
-2.8304820862 
-2.8299337702 
-2.8293853401 
-2.8288367766 
-2.8282880607 
-2.8277391726 
-2.8271900927 
-2.8266408006 
-2.8260912758 
-2.8255414977 
-2.8249914451 
-2.8244410966 
-2.8238904305 
-2.8233394247 
-2.8227880570 
-2.8222363047 
-2.8216841449 
-2.8211315543 
-2.8205785093 
-2.8200249861 
-2.8194709605 
-2.8189164080 
-2.8183613038 
-2.8178056229 
-2.8172493398 
-2.8166924288 
-2.8161348641 
-2.8155766191 
-2.8150176675 
-2.8144579822 
-2.8138975362 
-2.8133363020 
-2.8127742518 
-2.8122113576 
-2.8116475912 
-2.8110829240 
-2.8105173271 
-2.8099507715 
-2.8093832279 
-2.8088146666 
-2.8082450577 
-2.8076743714 
-2.8071025771 
-2.8065296444 
-2.8059555425 
-2.8053802405 
-2.8048037072 
-2.8042259112 
-2.8036468211 
-2.8030664049 
-2.8024846310 
-2.8019014672 
-2.8013168813 
-2.8007308410 
-2.8001433138 
-2.7995542673 
-2.7989636686 
-2.7983714852 
-2.7977776840 
-2.7971822323 
-2.7965850971 
-2.7959862454 
-2.7953856443 
-2.7947832607 
-2.7941790617 
-2.7935730143 
-2.7929650857 
-2.7923552428 
-2.7917434532 
-2.7911296839 
-2.7905139026 
-2.7898960767 
-2.7892761741 
-2.7886541627 
-2.7880300105 
-2.7874036860 
-2.7867751576 
-2.7867751576 
-2.7861443943 
-2.7855113650 
-2.7848760393 
-2.7842383869 
-2.7835983778 
-2.7829559824 
-2.7823111718 
-2.7816639170 
-2.7810141898 
-2.7803619623 
-2.7797072073 
-2.7790498979 
-2.7783900078 
-2.7777275112 
-2.7770623831 
-2.7763945988 
-2.7757241346 
-2.7750509670 
-2.7743750738 
-2.7736964328 
-2.7730150232 
-2.7723308245 
-2.7716438172 
-2.7709539826 
-2.7702613026 
-2.7695657604 
-2.7688673396 
-2.7681660251 
-2.7674618025 
-2.7667546584 
-2.7660445803 
-2.7653315569 
-2.7646155777 
-2.7638966333 
-2.7631747153 
-2.7624498166 
-2.7617219309 
-2.7609910531 
-2.7602571793 
-2.7595203067 
-2.7587804336 
-2.7580375595 
-2.7572916851 
-2.7565428122 
-2.7557909441 
-2.7550360848 
-2.7542782401 
-2.7535174165 
-2.7527536222 
-2.7519868663 
-2.7512171594 
-2.7504445131 
-2.7496689404 
-2.7488904557 
-2.7481090743 
-2.7473248131 
-2.7465376901 
-2.7457477246 
-2.7449549370 
-2.7441593491 
-2.7433609839 
-2.7425598655 
-2.7417560195 
-2.7409494724 
-2.7401402520 
-2.7393283873 
-2.7385139084 
-2.7376968467 
-2.7368772346 
-2.7360551055 
-2.7352304941 
-2.7344034362 
-2.7335739683 
-2.7327421284 
-2.7319079551 
-2.7310714883 
-2.7302327685 
-2.7293918375 
-2.7285487377 
-2.7277035126 
-2.7268562064 
-2.7260068641 
-2.7251555316 
-2.7243022555 
-2.7234470830 
-2.7225900621 
-2.7217312415 
-2.7208706705 
-2.7200083988 
-2.7191444769 
-2.7182789558 
-2.7174118868 
-2.7165433217 
-2.7156733130 
-2.7148019131 
-2.7139291751 
-2.7130551523 
-2.7121798983 
-2.7113034669 
-2.7113034669 
-2.7104259121 
-2.7095472881 
-2.7086676492 
-2.7077870499 
-2.7069055445 
-2.7060231877 
-2.7051400340 
-2.7042561378 
-2.7033715535 
-2.7024863354 
-2.7016005377 
-2.7007142144 
-2.6998274194 
-2.6989402061 
-2.6980526280 
-2.6971647380 
-2.6962765890 
-2.6953882332 
-2.6944997228 
-2.6936111093 
-2.6927224440 
-2.6918337776 
-2.6909451605 
-2.6900566424 
-2.6891682727 
-2.6882801001 
-2.6873921728 
-2.6865045384 
-2.6856172440 
-2.6847303361 
-2.6838438603 
-2.6829578619 
-2.6820723852 
-2.6811874742 
-2.6803031720 
-2.6794195208 
-2.6785365624 
-2.6776543378 
-2.6767728871 
-2.6758922498 
-2.6750124646 
-2.6741335693 
-2.6732556012 
-2.6723785965 
-2.6715025908 
-2.6706276189 
-2.6697537146 
-2.6688809111 
-2.6680092406 
-2.6671387348 
-2.6662694241 
-2.6654013385 
-2.6645345070 
-2.6636689577 
-2.6628047180 
-2.6619418144 
-2.6610802725 
-2.6602201172 
-2.6593613726 
-2.6585040619 
-2.6576482073 
-2.6567938306 
-2.6559409523 
-2.6550895924 
-2.6542397701 
-2.6533915036 
-2.6525448104 
-2.6516997071 
-2.6508562098 
-2.6500143335 
-2.6491740926 
-2.6483355005 
-2.6474985701 
-2.6466633133 
-2.6458297416 
-2.6449978652 
-2.6441676941 
-2.6433392372 
-2.6425125028 
-2.6416874985 
-2.6408642311 
-2.6400427069 
-2.6392229311 
-2.6384049087 
-2.6375886436 
-2.6367741393 
-2.6359613985 
-2.6351504232 
-2.6343412149 
-2.6335337743 
-2.6327281017 
-2.6319241964 
-2.6311220574 
-2.6303216830 
-2.6295230709 
-2.6287262181 
-2.6279311212 
-2.6271377761 
-2.6263461782 
-2.6263461782 
-2.6255563223 
-2.6247682026 
-2.6239818129 
-2.6231971463 
-2.6224141956 
-2.6216329528 
-2.6208534096 
-2.6200755572 
-2.6192993862 
-2.6185248867 
-2.6177520484 
-2.6169808606 
-2.6162113121 
-2.6154433911 
-2.6146770854 
-2.6139123827 
-2.6131492697 
-2.6123877333 
-2.6116277594 
-2.6108693339 
-2.6101124422 
-2.6093570692 
-2.6086031996 
-2.6078508175 
-2.6070999070 
-2.6063504514 
-2.6056024339 
-2.6048558373 
-2.6041106441 
-2.6033668365 
-2.6026243963 
-2.6018833049 
-2.6011435436 
-2.6004050933 
-2.5996679346 
-2.5989320478 
-2.5981974130 
-2.5974640098 
-2.5967318178 
-2.5960008163 
-2.5952709842 
-2.5945423002 
-2.5938147429 
-2.5930882906 
-2.5923629212 
-2.5916386126 
-2.5909153425 
-2.5901930882 
-2.5894718269 
-2.5887515356 
-2.5880321912 
-2.5873137704 
-2.5865962496 
-2.5858796052 
-2.5851638133 
-2.5844488499 
-2.5837346909 
-2.5830213120 
-2.5823086889 
-2.5815967969 
-2.5808856116 
-2.5801751081 
-2.5794652615 
-2.5787560470 
-2.5780474395 
-2.5773394138 
-2.5766319449 
-2.5759250074 
-2.5752185760 
-2.5745126253 
-2.5738071300 
-2.5731020646 
-2.5723974036 
-2.5716931214 
-2.5709891926 
-2.5702855916 
-2.5695822929 
-2.5688792710 
-2.5681765002 
-2.5674739552 
-2.5667716105 
-2.5660694406 
-2.5653674201 
-2.5646655237 
-2.5639637261 
-2.5632620022 
-2.5625603266 
-2.5618586745 
-2.5611570208 
-2.5604553407 
-2.5597536094 
-2.5590518022 
-2.5583498946 
-2.5576478623 
-2.5569456809 
-2.5562433264 
-2.5555407749 
-2.5548380024 
-2.5541349854 
-2.5541349854 
-2.5534317004 
-2.5527281242 
-2.5520242338 
-2.5513200062 
-2.5506154188 
-2.5499104492 
-2.5492050752 
-2.5484992748 
-2.5477930263 
-2.5470863083 
-2.5463790995 
-2.5456713790 
-2.5449631262 
-2.5442543206 
-2.5435449423 
-2.5428349713 
-2.5421243883 
-2.5414131740 
-2.5407013098 
-2.5399887770 
-2.5392755575 
-2.5385616334 
-2.5378469875 
-2.5371316025 
-2.5364154617 
-2.5356985488 
-2.5349808478 
-2.5342623432 
-2.5335430198 
-2.5328228629 
-2.5321018580 
-2.5313799914 
-2.5306572494 
-2.5299336189 
-2.5292090875 
-2.5284836429 
-2.5277572733 
-2.5270299674 
-2.5263017146 
-2.5255725044 
-2.5248423269 
-2.5241111728 
-2.5233790332 
-2.5226458996 
-2.5219117641 
-2.5211766194 
-2.5204404584 
-2.5197032748 
-2.5189650627 
-2.5182258167 
-2.5174855319 
-2.5167442040 
-2.5160018292 
-2.5152584041 
-2.5145139261 
-2.5137683929 
-2.5130218027 
-2.5122741546 
-2.5115254478 
-2.5107756823 
-2.5100248586 
-2.5092729777 
-2.5085200412 
-2.5077660512 
-2.5070110103 
-2.5062549217 
-2.5054977893 
-2.5047396173 
-2.5039804105 
-2.5032201744 
-2.5024589149 
-2.5016966385 
-2.5009333522 
-2.5001690636 
-2.4994037808 
-2.4986375123 
-2.4978702675 
-2.4971020560 
-2.4963328880 
-2.4955627743 
-2.4947917261 
-2.4940197553 
-2.4932468742 
-2.4924730955 
-2.4916984327 
-2.4909228995 
-2.4901465103 
-2.4893692798 
-2.4885912235 
-2.4878123569 
-2.4870326965 
-2.4862522589 
-2.4854710614 
-2.4846891214 
-2.4839064572 
-2.4831230873 
-2.4823390307 
-2.4815543067 
-2.4807689351 
-2.4807689351 
-2.4799829363 
-2.4791963308 
-2.4784091397 
-2.4776213845 
-2.4768330868 
-2.4760442691 
-2.4752549537 
-2.4744651636 
-2.4736749221 
-2.4728842528 
-2.4720931796 
-2.4713017268 
-2.4705099189 
-2.4697177810 
-2.4689253380 
-2.4681326155 
-2.4673396393 
-2.4665464353 
-2.4657530298 
-2.4649594494 
-2.4641657206 
-2.4633718707 
-2.4625779266 
-2.4617839160 
-2.4609898662 
-2.4601958053 
-2.4594017610 
-2.4586077616 
-2.4578138353 
-2.4570200106 
-2.4562263161 
-2.4554327805 
-2.4546394326 
-2.4538463014 
-2.4530534159 
-2.4522608052 
-2.4514684985 
-2.4506765252 
-2.4498849144 
-2.4490936957 
-2.4483028985 
-2.4475125521 
-2.4467226860 
-2.4459333298 
-2.4451445130 
-2.4443562648 
-2.4435686150 
-2.4427815928 
-2.4419952276 
-2.4412095489 
-2.4404245858 
-2.4396403677 
-2.4388569236 
-2.4380742827 
-2.4372924739 
-2.4365115261 
-2.4357314682 
-2.4349523287 
-2.4341741363 
-2.4333969193 
-2.4326207060 
-2.4318455246 
-2.4310714030 
-2.4302983691 
-2.4295264506 
-2.4287556748 
-2.4279860692 
-2.4272176608 
-2.4264504766 
-2.4256845432 
-2.4249198873 
-2.4241565350 
-2.4233945125 
-2.4226338457 
-2.4218745601 
-2.4211166811 
-2.4203602340 
-2.4196052436 
-2.4188517345 
-2.4180997313 
-2.4173492579 
-2.4166003382 
-2.4158529960 
-2.4151072545 
-2.4143631367 
-2.4136206654 
-2.4128798631 
-2.4121407521 
-2.4114033541 
-2.4106676909 
-2.4099337837 
-2.4092016535 
-2.4084713210 
-2.4077428067 
-2.4070161306 
-2.4062913125 
-2.4055683718 
-2.4048473278 
-2.4041281991 
-2.4041281991 
-2.4034110044 
-2.4026957619 
-2.4019824893 
-2.4012712043 
-2.4005619241 
-2.3998546655 
-2.3991494451 
-2.3984462792 
-2.3977451837 
-2.3970461741 
-2.3963492657 
-2.3956544735 
-2.3949618121 
-2.3942712956 
-2.3935829381 
-2.3928967532 
-2.3922127542 
-2.3915309539 
-2.3908513651 
-2.3901740000 
-2.3894988706 
-2.3888259886 
-2.3881553654 
-2.3874870118 
-2.3868209386 
-2.3861571561 
-2.3854956745 
-2.3848365033 
-2.3841796521 
-2.3835251299 
-2.3828729455 
-2.3822231074 
-2.3815756238 
-2.3809305024 
-2.3802877508 
-2.3796473763 
-2.3790093858 
-2.3783737860 
-2.3777405831 
-2.3771097833 
-2.3764813922 
-2.3758554154 
-2.3752318580 
-2.3746107248 
-2.3739920206 
-2.3733757495 
-2.3727619157 
-2.3721505229 
-2.3715415745 
-2.3709350738 
-2.3703310237 
-2.3697294269 
-2.3691302858 
-2.3685336026 
-2.3679393790 
-2.3673476168 
-2.3667583173 
-2.3661714817 
-2.3655871108 
-2.3650052052 
-2.3644257653 
-2.3638487913 
-2.3632742830 
-2.3627022402 
-2.3621326622 
-2.3615655482 
-2.3610008973 
-2.3604387082 
-2.3598789793 
-2.3593217090 
-2.3587668954 
-2.3582145364 
-2.3576646296 
-2.3571171724 
-2.3565721621 
-2.3560295958 
-2.3554894703 
-2.3549517821 
-2.3544165278 
-2.3538837036 
-2.3533533055 
-2.3528253294 
-2.3522997710 
-2.3517766258 
-2.3512558890 
-2.3507375558 
-2.3502216212 
-2.3497080798 
-2.3491969264 
-2.3486881554 
-2.3481817609 
-2.3476777371 
-2.3471760780 
-2.3466767772 
-2.3461798285 
-2.3456852252 
-2.3451929606 
-2.3447030280 
-2.3442154202 
-2.3442154202 
-2.3437301301 
-2.3432471504 
-2.3427664737 
-2.3422880923 
-2.3418119985 
-2.3413381845 
-2.3408666422 
-2.3403973635 
-2.3399303400 
-2.3394655635 
-2.3390030252 
-2.3385427165 
-2.3380846287 
-2.3376287528 
-2.3371750798 
-2.3367236004 
-2.3362743054 
-2.3358271854 
-2.3353822308 
-2.3349394320 
-2.3344987792 
-2.3340602626 
-2.3336238721 
-2.3331895978 
-2.3327574293 
-2.3323273564 
-2.3318993687 
-2.3314734557 
-2.3310496067 
-2.3306278111 
-2.3302080580 
-2.3297903365 
-2.3293746357 
-2.3289609444 
-2.3285492514 
-2.3281395455 
-2.3277318153 
-2.3273260494 
-2.3269222361 
-2.3265203638 
-2.3261204209 
-2.3257223956 
-2.3253262759 
-2.3249320499 
-2.3245397056 
-2.3241492308 
-2.3237606134 
-2.3233738411 
-2.3229889016 
-2.3226057824 
-2.3222244710 
-2.3218449550 
-2.3214672216 
-2.3210912583 
-2.3207170522 
-2.3203445906 
-2.3199738605 
-2.3196048491 
-2.3192375433 
-2.3188719301 
-2.3185079964 
-2.3181457290 
-2.3177851147 
-2.3174261402 
-2.3170687922 
-2.3167130574 
-2.3163589223 
-2.3160063735 
-2.3156553974 
-2.3153059805 
-2.3149581093 
-2.3146117700 
-2.3142669491 
-2.3139236327 
-2.3135818073 
-2.3132414589 
-2.3129025739 
-2.3125651383 
-2.3122291383 
-2.3118945600 
-2.3115613895 
-2.3112296128 
-2.3108992161 
-2.3105701853 
-2.3102425064 
-2.3099161654 
-2.3095911482 
-2.3092674410 
-2.3089450295 
-2.3086238997 
-2.3083040377 
-2.3079854292 
-2.3076680602 
-2.3073519167 
-2.3070369846 
-2.3067232497 
-2.3064106981 
-2.3060993157 
-2.3057890883 
-2.3057890883 
-2.3054800021 
-2.3051720429 
-2.3048651967 
-2.3045594496 
-2.3042547876 
-2.3039511966 
-2.3036486628 
-2.3033471723 
-2.3030467112 
-2.3027472656 
-2.3024488216 
-2.3021513656 
-2.3018548838 
-2.3015593624 
-2.3012647878 
-2.3009711463 
-2.3006784243 
-2.3003866084 
-2.3000956850 
-2.2998056406 
-2.2995164619 
-2.2992281356 
-2.2989406483 
-2.2986539869 
-2.2983681381 
-2.2980830889 
-2.2977988263 
-2.2975153373 
-2.2972326090 
-2.2969506285 
-2.2966693832 
-2.2963888604 
-2.2961090474 
-2.2958299318 
-2.2955515011 
-2.2952737430 
-2.2949966452 
-2.2947201955 
-2.2944443820 
-2.2941691924 
-2.2938946151 
-2.2936206381 
-2.2933472499 
-2.2930744386 
-2.2928021930 
-2.2925305015 
-2.2922593529 
-2.2919887360 
-2.2917186396 
-2.2914490529 
-2.2911799650 
-2.2909113651 
-2.2906432427 
-2.2903755870 
-2.2901083879 
-2.2898416350 
-2.2895753181 
-2.2893094273 
-2.2890439525 
-2.2887788841 
-2.2885142123 
-2.2882499276 
-2.2879860206 
-2.2877224820 
-2.2874593027 
-2.2871964737 
-2.2869339860 
-2.2866718310 
-2.2864099999 
-2.2861484844 
-2.2858872760 
-2.2856263666 
-2.2853657480 
-2.2851054124 
-2.2848453519 
-2.2845855589 
-2.2843260258 
-2.2840667453 
-2.2838077101 
-2.2835489131 
-2.2832903474 
-2.2830320061 
-2.2827738825 
-2.2825159701 
-2.2822582625 
-2.2820007535 
-2.2817434368 
-2.2814863066 
-2.2812293570 
-2.2809725823 
-2.2807159769 
-2.2804595355 
-2.2802032526 
-2.2799471233 
-2.2796911425 
-2.2794353052 
-2.2791796069 
-2.2789240429 
-2.2786686087 
-2.2786686087 
-2.2784133001 
-2.2781581128 
-2.2779030428 
-2.2776480861 
-2.2773932391 
-2.2771384980 
-2.2768838593 
-2.2766293196 
-2.2763748756 
-2.2761205243 
-2.2758662625 
-2.2756120874 
-2.2753579963 
-2.2751039865 
-2.2748500554 
-2.2745962007 
-2.2743424200 
-2.2740887113 
-2.2738350724 
-2.2735815015 
-2.2733279966 
-2.2730745562 
-2.2728211785 
-2.2725678621 
-2.2723146056 
-2.2720614077 
-2.2718082673 
-2.2715551832 
-2.2713021545 
-2.2710491803 
-2.2707962598 
-2.2705433923 
-2.2702905773 
-2.2700378142 
-2.2697851027 
-2.2695324423 
-2.2692798329 
-2.2690272743 
-2.2687747665 
-2.2685223094 
-2.2682699031 
-2.2680175479 
-2.2677652438 
-2.2675129914 
-2.2672607909 
-2.2670086428 
-2.2667565477 
-2.2665045060 
-2.2662525186 
-2.2660005860 
-2.2657487091 
-2.2654968888 
-2.2652451258 
-2.2649934212 
-2.2647417759 
-2.2644901911 
-2.2642386677 
-2.2639872071 
-2.2637358102 
-2.2634844785 
-2.2632332132 
-2.2629820155 
-2.2627308869 
-2.2624798288 
-2.2622288425 
-2.2619779296 
-2.2617270915 
-2.2614763298 
-2.2612256460 
-2.2609750417 
-2.2607245185 
-2.2604740780 
-2.2602237219 
-2.2599734519 
-2.2597232695 
-2.2594731766 
-2.2592231748 
-2.2589732659 
-2.2587234516 
-2.2584737337 
-2.2582241138 
-2.2579745938 
-2.2577251755 
-2.2574758605 
-2.2572266508 
-2.2569775480 
-2.2567285539 
-2.2564796704 
-2.2562308991 
-2.2559822418 
-2.2557337004 
-2.2554852765 
-2.2552369719 
-2.2549887883 
-2.2547407275 
-2.2544927911 
-2.2542449809 
-2.2539972985 
-2.2537497456 
-2.2537497456 
-2.2535023239 
-2.2532550349 
-2.2530078804 
-2.2527608618 
-2.2525139807 
-2.2522672388 
-2.2520206375 
-2.2517741783 
-2.2515278627 
-2.2512816922 
-2.2510356682 
-2.2507897920 
-2.2505440651 
-2.2502984888 
-2.2500530643 
-2.2498077931 
-2.2495626763 
-2.2493177151 
-2.2490729107 
-2.2488282643 
-2.2485837770 
-2.2483394498 
-2.2480952839 
-2.2478512802 
-2.2476074397 
-2.2473637634 
-2.2471202521 
-2.2468769067 
-2.2466337281 
-2.2463907170 
-2.2461478742 
-2.2459052003 
-2.2456626962 
-2.2454203623 
-2.2451781993 
-2.2449362078 
-2.2446943882 
-2.2444527411 
-2.2442112668 
-2.2439699658 
-2.2437288384 
-2.2434878849 
-2.2432471056 
-2.2430065007 
-2.2427660705 
-2.2425258150 
-2.2422857343 
-2.2420458286 
-2.2418060979 
-2.2415665420 
-2.2413271611 
-2.2410879549 
-2.2408489234 
-2.2406100664 
-2.2403713836 
-2.2401328748 
-2.2398945397 
-2.2396563780 
-2.2394183893 
-2.2391805731 
-2.2389429291 
-2.2387054566 
-2.2384681553 
-2.2382310246 
-2.2379940637 
-2.2377572722 
-2.2375206492 
-2.2372841942 
-2.2370479063 
-2.2368117848 
-2.2365758289 
-2.2363400376 
-2.2361044102 
-2.2358689457 
-2.2356336432 
-2.2353985016 
-2.2351635199 
-2.2349286972 
-2.2346940323 
-2.2344595241 
-2.2342251715 
-2.2339909733 
-2.2337569284 
-2.2335230355 
-2.2332892933 
-2.2330557007 
-2.2328222562 
-2.2325889586 
-2.2323558065 
-2.2321227986 
-2.2318899334 
-2.2316572096 
-2.2314246257 
-2.2311921802 
-2.2309598716 
-2.2307276986 
-2.2304956594 
-2.2302637527 
-2.2300319768 
-2.2300319768 
-2.2298003302 
-2.2295688113 
-2.2293374185 
-2.2291061501 
-2.2288750046 
-2.2286439803 
-2.2284130755 
-2.2281822886 
-2.2279516179 
-2.2277210617 
-2.2274906183 
-2.2272602860 
-2.2270300630 
-2.2267999478 
-2.2265699384 
-2.2263400332 
-2.2261102305 
-2.2258805284 
-2.2256509253 
-2.2254214194 
-2.2251920089 
-2.2249626921 
-2.2247334672 
-2.2245043325 
-2.2242752862 
-2.2240463265 
-2.2238174516 
-2.2235886599 
-2.2233599495 
-2.2231313188 
-2.2229027659 
-2.2226742892 
-2.2224458868 
-2.2222175572 
-2.2219892984 
-2.2217611089 
-2.2215329868 
-2.2213049306 
-2.2210769385 
-2.2208490088 
-2.2206211399 
-2.2203933301 
-2.2201655776 
-2.2199378810 
-2.2197102386 
-2.2194826487 
-2.2192551097 
-2.2190276201 
-2.2188001782 
-2.2185727826 
-2.2183454315 
-2.2181181236 
-2.2178908573 
-2.2176636310 
-2.2174364434 
-2.2172092928 
-2.2169821779 
-2.2167550972 
-2.2165280494 
-2.2163010328 
-2.2160740463 
-2.2158470884 
-2.2156201577 
-2.2153932530 
-2.2151663729 
-2.2149395161 
-2.2147126813 
-2.2144858673 
-2.2142590729 
-2.2140322967 
-2.2138055377 
-2.2135787945 
-2.2133520661 
-2.2131253514 
-2.2128986491 
-2.2126719582 
-2.2124452776 
-2.2122186062 
-2.2119919431 
-2.2117652871 
-2.2115386373 
-2.2113119926 
-2.2110853522 
-2.2108587151 
-2.2106320803 
-2.2104054469 
-2.2101788141 
-2.2099521810 
-2.2097255468 
-2.2094989105 
-2.2092722715 
-2.2090456289 
-2.2088189820 
-2.2085923300 
-2.2083656721 
-2.2081390077 
-2.2079123361 
-2.2076856566 
-2.2074589685 
-2.2074589685 
-2.2072322711 
-2.2070055639 
-2.2067788463 
-2.2065521177 
-2.2063253774 
-2.2060986249 
-2.2058718597 
-2.2056450813 
-2.2054182891 
-2.2051914826 
-2.2049646614 
-2.2047378250 
-2.2045109729 
-2.2042841047 
-2.2040572199 
-2.2038303182 
-2.2036033992 
-2.2033764624 
-2.2031495074 
-2.2029225340 
-2.2026955417 
-2.2024685302 
-2.2022414992 
-2.2020144482 
-2.2017873772 
-2.2015602856 
-2.2013331732 
-2.2011060398 
-2.2008788850 
-2.2006517085 
-2.2004245102 
-2.2001972897 
-2.1999700467 
-2.1997427811 
-2.1995154925 
-2.1992881808 
-2.1990608457 
-2.1988334870 
-2.1986061044 
-2.1983786978 
-2.1981512668 
-2.1979238113 
-2.1976963311 
-2.1974688259 
-2.1972412956 
-2.1970137399 
-2.1967861586 
-2.1965585515 
-2.1963309184 
-2.1961032591 
-2.1958755734 
-2.1956478610 
-2.1954201217 
-2.1951923553 
-2.1949645617 
-2.1947367405 
-2.1945088916 
-2.1942810147 
-2.1940531096 
-2.1938251760 
-2.1935972137 
-2.1933692225 
-2.1931412021 
-2.1929131523 
-2.1926850728 
-2.1924569633 
-2.1922288235 
-2.1920006533 
-2.1917724522 
-2.1915442200 
-2.1913159565 
-2.1910876612 
-2.1908593339 
-2.1906309743 
-2.1904025820 
-2.1901741568 
-2.1899456982 
-2.1897172059 
-2.1894886795 
-2.1892601187 
-2.1890315231 
-2.1888028924 
-2.1885742260 
-2.1883455237 
-2.1881167850 
-2.1878880094 
-2.1876591966 
-2.1874303461 
-2.1872014575 
-2.1869725303 
-2.1867435641 
-2.1865145582 
-2.1862855124 
-2.1860564261 
-2.1858272987 
-2.1855981298 
-2.1853689188 
-2.1851396653 
-2.1849103686 
-2.1849103686 
-2.1846810282 
-2.1844516436 
-2.1842222142 
-2.1839927394 
-2.1837632187 
-2.1835336514 
-2.1833040370 
-2.1830743747 
-2.1828446642 
-2.1826149046 
-2.1823850953 
-2.1821552358 
-2.1819253254 
-2.1816953634 
-2.1814653492 
-2.1812352821 
-2.1810051614 
-2.1807749865 
-2.1805447566 
-2.1803144712 
-2.1800841294 
-2.1798537306 
-2.1796232740 
-2.1793927591 
-2.1791621850 
-2.1789315511 
-2.1787008565 
-2.1784701007 
-2.1782392829 
-2.1780084023 
-2.1777774582 
-2.1775464499 
-2.1773153766 
-2.1770842377 
-2.1768530323 
-2.1766217598 
-2.1763904194 
-2.1761590104 
-2.1759275320 
-2.1756959836 
-2.1754643643 
-2.1752326734 
-2.1750009103 
-2.1747690742 
-2.1745371643 
-2.1743051800 
-2.1740731206 
-2.1738409852 
-2.1736087733 
-2.1733764842 
-2.1731441170 
-2.1729116712 
-2.1726791461 
-2.1724465410 
-2.1722138552 
-2.1719810880 
-2.1717482389 
-2.1715153071 
-2.1712822921 
-2.1710491931 
-2.1708160097 
-2.1705827411 
-2.1703493869 
-2.1701159463 
-2.1698824189 
-2.1696488040 
-2.1694151012 
-2.1691813099 
-2.1689474295 
-2.1687134595 
-2.1684793995 
-2.1682452490 
-2.1680110074 
-2.1677766744 
-2.1675422495 
-2.1673077322 
-2.1670731222 
-2.1668384191 
-2.1666036224 
-2.1663687319 
-2.1661337471 
-2.1658986678 
-2.1656634936 
-2.1654282243 
-2.1651928595 
-2.1649573991 
-2.1647218427 
-2.1644861901 
-2.1642504412 
-2.1640145957 
-2.1637786536 
-2.1635426146 
-2.1633064786 
-2.1630702456 
-2.1628339154 
-2.1625974879 
-2.1623609632 
-2.1621243412 
-2.1618876219 
-2.1618876219 
-2.1616508053 
-2.1614138915 
-2.1611768805 
-2.1609397725 
-2.1607025674 
-2.1604652654 
-2.1602278668 
-2.1599903715 
-2.1597527799 
-2.1595150922 
-2.1592773085 
-2.1590394292 
-2.1588014544 
-2.1585633846 
-2.1583252200 
-2.1580869609 
-2.1578486078 
-2.1576101610 
-2.1573716210 
-2.1571329880 
-2.1568942627 
-2.1566554455 
-2.1564165368 
-2.1561775372 
-2.1559384472 
-2.1556992674 
-2.1554599984 
-2.1552206407 
-2.1549811950 
-2.1547416619 
-2.1545020421 
-2.1542623363 
-2.1540225451 
-2.1537826694 
-2.1535427097 
-2.1533026670 
-2.1530625420 
-2.1528223355 
-2.1525820483 
-2.1523416813 
-2.1521012353 
-2.1518607112 
-2.1516201099 
-2.1513794324 
-2.1511386795 
-2.1508978523 
-2.1506569517 
-2.1504159786 
-2.1501749342 
-2.1499338194 
-2.1496926354 
-2.1494513830 
-2.1492100635 
-2.1489686779 
-2.1487272274 
-2.1484857130 
-2.1482441359 
-2.1480024973 
-2.1477607984 
-2.1475190403 
-2.1472772242 
-2.1470353515 
-2.1467934232 
-2.1465514407 
-2.1463094053 
-2.1460673181 
-2.1458251806 
-2.1455829939 
-2.1453407596 
-2.1450984787 
-2.1448561528 
-2.1446137832 
-2.1443713713 
-2.1441289184 
-2.1438864259 
-2.1436438954 
-2.1434013281 
-2.1431587255 
-2.1429160891 
-2.1426734203 
-2.1424307206 
-2.1421879915 
-2.1419452346 
-2.1417024512 
-2.1414596429 
-2.1412168112 
-2.1409739577 
-2.1407310840 
-2.1404881915 
-2.1402452820 
-2.1400023568 
-2.1397594177 
-2.1395164663 
-2.1392735041 
-2.1390305328 
-2.1387875540 
-2.1385445693 
-2.1383015805 
-2.1380585892 
-2.1380585892 
-2.1378155970 
-2.1375726057 
-2.1373296170 
-2.1370866325 
-2.1368436540 
-2.1366006831 
-2.1363577218 
-2.1361147716 
-2.1358718343 
-2.1356289118 
-2.1353860058 
-2.1351431181 
-2.1349002505 
-2.1346574047 
-2.1344145828 
-2.1341717864 
-2.1339290174 
-2.1336862777 
-2.1334435691 
-2.1332008936 
-2.1329582529 
-2.1327156491 
-2.1324730841 
-2.1322305597 
-2.1319880779 
-2.1317456407 
-2.1315032501 
-2.1312609079 
-2.1310186162 
-2.1307763771 
-2.1305341925 
-2.1302920644 
-2.1300499949 
-2.1298079861 
-2.1295660401 
-2.1293241588 
-2.1290823445 
-2.1288405993 
-2.1285989252 
-2.1283573244 
-2.1281157992 
-2.1278743516 
-2.1276329838 
-2.1273916981 
-2.1271504967 
-2.1269093819 
-2.1266683558 
-2.1264274209 
-2.1261865793 
-2.1259458333 
-2.1257051854 
-2.1254646378 
-2.1252241929 
-2.1249838531 
-2.1247436208 
-2.1245034984 
-2.1242634883 
-2.1240235931 
-2.1237838151 
-2.1235441569 
-2.1233046209 
-2.1230652098 
-2.1228259260 
-2.1225867722 
-2.1223477509 
-2.1221088648 
-2.1218701164 
-2.1216315084 
-2.1213930436 
-2.1211547246 
-2.1209165541 
-2.1206785348 
-2.1204406696 
-2.1202029611 
-2.1199654123 
-2.1197280259 
-2.1194908048 
-2.1192537518 
-2.1190168698 
-2.1187801618 
-2.1185436307 
-2.1183072794 
-2.1180711110 
-2.1178351283 
-2.1175993345 
-2.1173637326 
-2.1171283257 
-2.1168931168 
-2.1166581091 
-2.1164233057 
-2.1161887098 
-2.1159543246 
-2.1157201532 
-2.1154861988 
-2.1152524649 
-2.1150189545 
-2.1147856711 
-2.1145526179 
-2.1143197982 
-2.1143197982 
-2.1140872155 
-2.1138548732 
-2.1136227745 
-2.1133909231 
-2.1131593222 
-2.1129279755 
-2.1126968863 
-2.1124660583 
-2.1122354949 
-2.1120051997 
-2.1117751764 
-2.1115454284 
-2.1113159595 
-2.1110867733 
-2.1108578734 
-2.1106292636 
-2.1104009475 
-2.1101729290 
-2.1099452116 
-2.1097177993 
-2.1094906959 
-2.1092639050 
-2.1090374306 
-2.1088112765 
-2.1085854466 
-2.1083599448 
-2.1081347750 
-2.1079099410 
-2.1076854470 
-2.1074612967 
-2.1072374943 
-2.1070140437 
-2.1067909489 
-2.1065682140 
-2.1063458431 
-2.1061238401 
-2.1059022092 
-2.1056809545 
-2.1054600801 
-2.1052395902 
-2.1050194889 
-2.1047997803 
-2.1045804687 
-2.1043615583 
-2.1041430533 
-2.1039249578 
-2.1037072762 
-2.1034900128 
-2.1032731717 
-2.1030567572 
-2.1028407737 
-2.1026252256 
-2.1024101170 
-2.1021954524 
-2.1019812360 
-2.1017674724 
-2.1015541657 
-2.1013413205 
-2.1011289411 
-2.1009170320 
-2.1007055975 
-2.1004946422 
-2.1002841703 
-2.1000741865 
-2.0998646951 
-2.0996557006 
-2.0994472075 
-2.0992392204 
-2.0990317437 
-2.0988247819 
-2.0986183395 
-2.0984124211 
-2.0982070312 
-2.0980021744 
-2.0977978552 
-2.0975940781 
-2.0973908478 
-2.0971881689 
-2.0969860458 
-2.0967844832 
-2.0965834857 
-2.0963830578 
-2.0961832043 
-2.0959839297 
-2.0957852386 
-2.0955871356 
-2.0953896254 
-2.0951927127 
-2.0949964020 
-2.0948006980 
-2.0946056054 
-2.0944111287 
-2.0942172727 
-2.0940240420 
-2.0938314413 
-2.0936394753 
-2.0934481485 
-2.0932574658 
-2.0930674316 
-2.0930674316 
-2.0928780509 
-2.0926893281 
-2.0925012680 
-2.0923138752 
-2.0921271545 
-2.0919411105 
-2.0917557479 
-2.0915710714 
-2.0913870856 
-2.0912037953 
-2.0910212051 
-2.0908393196 
-2.0906581437 
-2.0904776819 
-2.0902979389 
-2.0901189194 
-2.0899406281 
-2.0897630696 
-2.0895862486 
-2.0894101697 
-2.0892348376 
-2.0890602569 
-2.0888864324 
-2.0887133686 
-2.0885410701 
-2.0883695416 
-2.0881987878 
-2.0880288131 
-2.0878596223 
-2.0876912200 
-2.0875236107 
-2.0873567990 
-2.0871907895 
-2.0870255868 
-2.0868611954 
-2.0866976198 
-2.0865348647 
-2.0863729345 
-2.0862118338 
-2.0860515670 
-2.0858921387 
-2.0857335533 
-2.0855758153 
-2.0854189292 
-2.0852628993 
-2.0851077302 
-2.0849534262 
-2.0847999917 
-2.0846474311 
-2.0844957487 
-2.0843449489 
-2.0841950361 
-2.0840460145 
-2.0838978884 
-2.0837506620 
-2.0836043398 
-2.0834589257 
-2.0833144241 
-2.0831708392 
-2.0830281751 
-2.0828864359 
-2.0827456257 
-2.0826057488 
-2.0824668090 
-2.0823288105 
-2.0821917572 
-2.0820556532 
-2.0819205024 
-2.0817863088 
-2.0816530762 
-2.0815208085 
-2.0813895096 
-2.0812591832 
-2.0811298333 
-2.0810014634 
-2.0808740773 
-2.0807476787 
-2.0806222714 
-2.0804978587 
-2.0803744445 
-2.0802520321 
-2.0801306251 
-2.0800102270 
-2.0798908413 
-2.0797724712 
-2.0796551202 
-2.0795387916 
-2.0794234886 
-2.0793092146 
-2.0791959726 
-2.0790837659 
-2.0789725975 
-2.0788624706 
-2.0787533881 
-2.0786453530 
-2.0785383683 
-2.0784324369 
-2.0783275615 
-2.0782237451 
-2.0782237451 
-2.0781209902 
-2.0780192997 
-2.0779186762 
-2.0778191223 
-2.0777206405 
-2.0776232333 
-2.0775269033 
-2.0774316527 
-2.0773374841 
-2.0772443995 
-2.0771524014 
-2.0770614918 
-2.0769716730 
-2.0768829469 
-2.0767953157 
-2.0767087814 
-2.0766233457 
-2.0765390107 
-2.0764557781 
-2.0763736496 
-2.0762926270 
-2.0762127119 
-2.0761339058 
-2.0760562104 
-2.0759796270 
-2.0759041570 
-2.0758298019 
-2.0757565629 
-2.0756844412 
-2.0756134380 
-2.0755435544 
-2.0754747915 
-2.0754071502 
-2.0753406315 
-2.0752752362 
-2.0752109651 
-2.0751478190 
-2.0750857986 
-2.0750249044 
-2.0749651371 
-2.0749064972 
-2.0748489850 
-2.0747926009 
-2.0747373454 
-2.0746832185 
-2.0746302205 
-2.0745783515 
-2.0745276116 
-2.0744780007 
-2.0744295189 
-2.0743821659 
-2.0743359417 
-2.0742908459 
-2.0742468782 
-2.0742040382 
-2.0741623256 
-2.0741217398 
-2.0740822802 
-2.0740439462 
-2.0740067372 
-2.0739706524 
-2.0739356909 
-2.0739018519 
-2.0738691345 
-2.0738375377 
-2.0738070603 
-2.0737777014 
-2.0737494597 
-2.0737223339 
-2.0736963228 
-2.0736714250 
-2.0736476392 
-2.0736249637 
-2.0736033971 
-2.0735829377 
-2.0735635840 
-2.0735453342 
-2.0735281864 
-2.0735121390 
-2.0734971899 
-2.0734833373 
-2.0734705792 
-2.0734589133 
-2.0734483378 
-2.0734388503 
-2.0734304486 
-2.0734231305 
-2.0734168935 
-2.0734117354 
-2.0734076536 
-2.0734046457 
-2.0734027090 
-2.0734018410 
-2.0734020389 
-2.0734033001 
-2.0734056218 
-2.0734090012 
-2.0734134353 
-2.0734189213 
-2.0734189213 
-2.0734254562 
-2.0734330369 
-2.0734416603 
-2.0734513234 
-2.0734620229 
-2.0734737557 
-2.0734865184 
-2.0735003077 
-2.0735151203 
-2.0735309526 
-2.0735478014 
-2.0735656630 
-2.0735845339 
-2.0736044106 
-2.0736252892 
-2.0736471663 
-2.0736700380 
-2.0736939005 
-2.0737187501 
-2.0737445829 
-2.0737713950 
-2.0737991824 
-2.0738279411 
-2.0738576672 
-2.0738883566 
-2.0739200052 
-2.0739526088 
-2.0739861633 
-2.0740206644 
-2.0740561080 
-2.0740924896 
-2.0741298050 
-2.0741680499 
-2.0742072198 
-2.0742473103 
-2.0742883170 
-2.0743302353 
-2.0743730607 
-2.0744167888 
-2.0744614148 
-2.0745069341 
-2.0745533422 
-2.0746006343 
-2.0746488058 
-2.0746978518 
-2.0747477676 
-2.0747985484 
-2.0748501894 
-2.0749026858 
-2.0749560326 
-2.0750102250 
-2.0750652580 
-2.0751211267 
-2.0751778262 
-2.0752353513 
-2.0752936971 
-2.0753528585 
-2.0754128306 
-2.0754736081 
-2.0755351860 
-2.0755975591 
-2.0756607224 
-2.0757246705 
-2.0757893985 
-2.0758549009 
-2.0759211727 
-2.0759882086 
-2.0760560032 
-2.0761245514 
-2.0761938479 
-2.0762638873 
-2.0763346643 
-2.0764061737 
-2.0764784100 
-2.0765513679 
-2.0766250420 
-2.0766994269 
-2.0767745172 
-2.0768503076 
-2.0769267926 
-2.0770039667 
-2.0770818246 
-2.0771603608 
-2.0772395698 
-2.0773194462 
-2.0773999844 
-2.0774811791 
-2.0775630246 
-2.0776455156 
-2.0777286465 
-2.0778124118 
-2.0778968060 
-2.0779818235 
-2.0780674589 
-2.0781537066 
-2.0782405612 
-2.0783280169 
-2.0784160684 
-2.0785047101 
-2.0785047101 
-2.0785939364 
-2.0786837418 
-2.0787741207 
-2.0788650676 
-2.0789565770 
-2.0790486433 
-2.0791412610 
-2.0792344244 
-2.0793281282 
-2.0794223666 
-2.0795171343 
-2.0796124255 
-2.0797082349 
-2.0798045568 
-2.0799013858 
-2.0799987163 
-2.0800965427 
-2.0801948596 
-2.0802936615 
-2.0803929427 
-2.0804926979 
-2.0805929215 
-2.0806936080 
-2.0807947520 
-2.0808963478 
-2.0809983902 
-2.0811008735 
-2.0812037923 
-2.0813071412 
-2.0814109148 
-2.0815151075 
-2.0816197139 
-2.0817247286 
-2.0818301462 
-2.0819359613 
-2.0820421685 
-2.0821487624 
-2.0822557375 
-2.0823630886 
-2.0824708103 
-2.0825788972 
-2.0826873440 
-2.0827961453 
-2.0829052959 
-2.0830147903 
-2.0831246234 
-2.0832347899 
-2.0833452844 
-2.0834561017 
-2.0835672366 
-2.0836786837 
-2.0837904380 
-2.0839024942 
-2.0840148470 
-2.0841274913 
-2.0842404220 
-2.0843536338 
-2.0844671217 
-2.0845808804 
-2.0846949050 
-2.0848091901 
-2.0849237309 
-2.0850385222 
-2.0851535590 
-2.0852688361 
-2.0853843486 
-2.0855000915 
-2.0856160598 
-2.0857322485 
-2.0858486525 
-2.0859652671 
-2.0860820872 
-2.0861991079 
-2.0863163243 
-2.0864337316 
-2.0865513248 
-2.0866690992 
-2.0867870498 
-2.0869051719 
-2.0870234607 
-2.0871419113 
-2.0872605191 
-2.0873792792 
-2.0874981870 
-2.0876172377 
-2.0877364266 
-2.0878557491 
-2.0879752006 
-2.0880947763 
-2.0882144716 
-2.0883342820 
-2.0884542028 
-2.0885742296 
-2.0886943578 
-2.0888145827 
-2.0889349000 
-2.0890553052 
-2.0891757938 
-2.0892963613 
-2.0892963613 
-2.0894170033 
-2.0895377155 
-2.0896584933 
-2.0897793326 
-2.0899002288 
-2.0900211778 
-2.0901421752 
-2.0902632166 
-2.0903842980 
-2.0905054149 
-2.0906265633 
-2.0907477388 
-2.0908689374 
-2.0909901548 
-2.0911113870 
-2.0912326298 
-2.0913538791 
-2.0914751309 
-2.0915963811 
-2.0917176257 
-2.0918388607 
-2.0919600821 
-2.0920812860 
-2.0922024684 
-2.0923236254 
-2.0924447532 
-2.0925658478 
-2.0926869054 
-2.0928079222 
-2.0929288945 
-2.0930498183 
-2.0931706900 
-2.0932915059 
-2.0934122622 
-2.0935329553 
-2.0936535814 
-2.0937741371 
-2.0938946186 
-2.0940150224 
-2.0941353449 
-2.0942555826 
-2.0943757319 
-2.0944957895 
-2.0946157517 
-2.0947356152 
-2.0948553766 
-2.0949750325 
-2.0950945794 
-2.0952140141 
-2.0953333332 
-2.0954525335 
-2.0955716117 
-2.0956905645 
-2.0958093887 
-2.0959280811 
-2.0960466386 
-2.0961650580 
-2.0962833362 
-2.0964014702 
-2.0965194567 
-2.0966372928 
-2.0967549755 
-2.0968725018 
-2.0969898687 
-2.0971070733 
-2.0972241127 
-2.0973409839 
-2.0974576842 
-2.0975742106 
-2.0976905604 
-2.0978067308 
-2.0979227190 
-2.0980385222 
-2.0981541379 
-2.0982695632 
-2.0983847956 
-2.0984998323 
-2.0986146709 
-2.0987293087 
-2.0988437432 
-2.0989579718 
-2.0990719920 
-2.0991858014 
-2.0992993975 
-2.0994127779 
-2.0995259402 
-2.0996388820 
-2.0997516010 
-2.0998640948 
-2.0999763612 
-2.1000883979 
-2.1002002027 
-2.1003117733 
-2.1004231076 
-2.1005342033 
-2.1006450584 
-2.1007556707 
-2.1008660382 
-2.1009761588 
-2.1009761588 
-2.1010860305 
-2.1011956512 
-2.1013050190 
-2.1014141318 
-2.1015229879 
-2.1016315853 
-2.1017399221 
-2.1018479964 
-2.1019558064 
-2.1020633504 
-2.1021706265 
-2.1022776330 
-2.1023843682 
-2.1024908303 
-2.1025970178 
-2.1027029288 
-2.1028085620 
-2.1029139155 
-2.1030189879 
-2.1031237775 
-2.1032282830 
-2.1033325028 
-2.1034364353 
-2.1035400792 
-2.1036434331 
-2.1037464954 
-2.1038492650 
-2.1039517403 
-2.1040539202 
-2.1041558032 
-2.1042573881 
-2.1043586737 
-2.1044596587 
-2.1045603419 
-2.1046607222 
-2.1047607984 
-2.1048605693 
-2.1049600339 
-2.1050591910 
-2.1051580397 
-2.1052565788 
-2.1053548073 
-2.1054527243 
-2.1055503288 
-2.1056476198 
-2.1057445965 
-2.1058412579 
-2.1059376031 
-2.1060336314 
-2.1061293417 
-2.1062247335 
-2.1063198058 
-2.1064145579 
-2.1065089891 
-2.1066030987 
-2.1066968858 
-2.1067903500 
-2.1068834905 
-2.1069763066 
-2.1070687978 
-2.1071609635 
-2.1072528031 
-2.1073443161 
-2.1074355019 
-2.1075263601 
-2.1076168901 
-2.1077070914 
-2.1077969637 
-2.1078865066 
-2.1079757195 
-2.1080646022 
-2.1081531542 
-2.1082413752 
-2.1083292649 
-2.1084168231 
-2.1085040493 
-2.1085909433 
-2.1086775050 
-2.1087637340 
-2.1088496301 
-2.1089351932 
-2.1090204231 
-2.1091053196 
-2.1091898826 
-2.1092741120 
-2.1093580077 
-2.1094415696 
-2.1095247976 
-2.1096076917 
-2.1096902518 
-2.1097724780 
-2.1098543702 
-2.1099359285 
-2.1100171529 
-2.1100980435 
-2.1101786003 
-2.1102588235 
-2.1103387130 
-2.1104182691 
-2.1104182691 
-2.1104974919 
-2.1105763816 
-2.1106549382 
-2.1107331620 
-2.1108110533 
-2.1108886121 
-2.1109658387 
-2.1110427334 
-2.1111192964 
-2.1111955281 
-2.1112714286 
-2.1113469983 
-2.1114222375 
-2.1114971466 
-2.1115717258 
-2.1116459755 
-2.1117198962 
-2.1117934881 
-2.1118667517 
-2.1119396874 
-2.1120122956 
-2.1120845767 
-2.1121565312 
-2.1122281596 
-2.1122994623 
-2.1123704398 
-2.1124410926 
-2.1125114212 
-2.1125814261 
-2.1126511079 
-2.1127204671 
-2.1127895042 
-2.1128582198 
-2.1129266145 
-2.1129946889 
-2.1130624436 
-2.1131298791 
-2.1131969961 
-2.1132637952 
-2.1133302771 
-2.1133964423 
-2.1134622916 
-2.1135278257 
-2.1135930451 
-2.1136579506 
-2.1137225428 
-2.1137868225 
-2.1138507904 
-2.1139144471 
-2.1139777935 
-2.1140408302 
-2.1141035580 
-2.1141659777 
-2.1142280900 
-2.1142898956 
-2.1143513954 
-2.1144125901 
-2.1144734805 
-2.1145340674 
-2.1145943517 
-2.1146543340 
-2.1147140153 
-2.1147733964 
-2.1148324780 
-2.1148912611 
-2.1149497464 
-2.1150079348 
-2.1150658272 
-2.1151234245 
-2.1151807274 
-2.1152377368 
-2.1152944537 
-2.1153508789 
-2.1154070134 
-2.1154628579 
-2.1155184133 
-2.1155736807 
-2.1156286609 
-2.1156833547 
-2.1157377632 
-2.1157918872 
-2.1158457276 
-2.1158992854 
-2.1159525616 
-2.1160055569 
-2.1160582725 
-2.1161107091 
-2.1161628678 
-2.1162147495 
-2.1162663551 
-2.1163176857 
-2.1163687421 
-2.1164195253 
-2.1164700363 
-2.1165202760 
-2.1165702455 
-2.1166199456 
-2.1166693773 
-2.1167185417 
-2.1167185417 
-2.1167674396 
-2.1168160721 
-2.1168644402 
-2.1169125447 
-2.1169603868 
-2.1170079673 
-2.1170552873 
-2.1171023478 
-2.1171491496 
-2.1171956939 
-2.1172419816 
-2.1172880137 
-2.1173337912 
-2.1173793151 
-2.1174245863 
-2.1174696059 
-2.1175143748 
-2.1175588940 
-2.1176031646 
-2.1176471875 
-2.1176909637 
-2.1177344942 
-2.1177777800 
-2.1178208220 
-2.1178636214 
-2.1179061790 
-2.1179484959 
-2.1179905730 
-2.1180324113 
-2.1180740119 
-2.1181153756 
-2.1181565036 
-2.1181973967 
-2.1182380560 
-2.1182784824 
-2.1183186769 
-2.1183586406 
-2.1183983743 
-2.1184378791 
-2.1184771559 
-2.1185162058 
-2.1185550296 
-2.1185936284 
-2.1186320031 
-2.1186701546 
-2.1187080841 
-2.1187457924 
-2.1187832804 
-2.1188205492 
-2.1188575997 
-2.1188944328 
-2.1189310496 
-2.1189674509 
-2.1190036377 
-2.1190396110 
-2.1190753717 
-2.1191109207 
-2.1191462590 
-2.1191813875 
-2.1192163072 
-2.1192510189 
-2.1192855237 
-2.1193198224 
-2.1193539159 
-2.1193878052 
-2.1194214912 
-2.1194549748 
-2.1194882570 
-2.1195213385 
-2.1195542204 
-2.1195869036 
-2.1196193888 
-2.1196516771 
-2.1196837693 
-2.1197156663 
-2.1197473690 
-2.1197788783 
-2.1198101950 
-2.1198413200 
-2.1198722543 
-2.1199029986 
-2.1199335539 
-2.1199639209 
-2.1199941006 
-2.1200240939 
-2.1200539014 
-2.1200835242 
-2.1201129631 
-2.1201422188 
-2.1201712923 
-2.1202001843 
-2.1202288957 
-2.1202574273 
-2.1202857800 
-2.1203139545 
-2.1203419516 
-2.1203697723 
-2.1203974172 
-2.1204248872 
-2.1204248872 
-2.1204521831 
-2.1204793057 
-2.1205062558 
-2.1205330341 
-2.1205596414 
-2.1205860785 
-2.1206123463 
-2.1206384454 
-2.1206643766 
-2.1206901407 
-2.1207157385 
-2.1207411707 
-2.1207664380 
-2.1207915412 
-2.1208164811 
-2.1208412583 
-2.1208658737 
-2.1208903279 
-2.1209146217 
-2.1209387558 
-2.1209627309 
-2.1209865477 
-2.1210102069 
-2.1210337093 
-2.1210570556 
-2.1210802464 
-2.1211032824 
-2.1211261644 
-2.1211488929 
-2.1211714688 
-2.1211938926 
-2.1212161651 
-2.1212382869 
-2.1212602586 
-2.1212820810 
-2.1213037548 
-2.1213252804 
-2.1213466587 
-2.1213678902 
-2.1213889755 
-2.1214099154 
-2.1214307105 
-2.1214513613 
-2.1214718686 
-2.1214922328 
-2.1215124548 
-2.1215325349 
-2.1215524740 
-2.1215722725 
-2.1215919310 
-2.1216114503 
-2.1216308308 
-2.1216500731 
-2.1216691779 
-2.1216881457 
-2.1217069771 
-2.1217256727 
-2.1217442329 
-2.1217626585 
-2.1217809500 
-2.1217991078 
-2.1218171327 
-2.1218350250 
-2.1218527854 
-2.1218704145 
-2.1218879126 
-2.1219052805 
-2.1219225186 
-2.1219396274 
-2.1219566074 
-2.1219734593 
-2.1219901834 
-2.1220067804 
-2.1220232507 
-2.1220395948 
-2.1220558132 
-2.1220719064 
-2.1220878750 
-2.1221037194 
-2.1221194400 
-2.1221350375 
-2.1221505122 
-2.1221658646 
-2.1221810952 
-2.1221962045 
-2.1222111930 
-2.1222260610 
-2.1222408091 
-2.1222554377 
-2.1222699473 
-2.1222843383 
-2.1222986111 
-2.1223127663 
-2.1223268042 
-2.1223407253 
-2.1223545299 
-2.1223682187 
-2.1223817918 
-2.1223952499 
-2.1223952499 
-2.1224085932 
-2.1224218223 
-2.1224349375 
-2.1224479392 
-2.1224608279 
-2.1224736039 
-2.1224862676 
-2.1224988195 
-2.1225112600 
-2.1225235893 
-2.1225358080 
-2.1225479163 
-2.1225599148 
-2.1225718037 
-2.1225835834 
-2.1225952543 
-2.1226068168 
-2.1226182712 
-2.1226296180 
-2.1226408574 
-2.1226519898 
-2.1226630156 
-2.1226739351 
-2.1226847487 
-2.1226954567 
-2.1227060595 
-2.1227165574 
-2.1227269508 
-2.1227372399 
-2.1227474251 
-2.1227575068 
-2.1227674853 
-2.1227773609 
-2.1227871338 
-2.1227968046 
-2.1228063734 
-2.1228158405 
-2.1228252064 
-2.1228344712 
-2.1228436354 
-2.1228526991 
-2.1228616628 
-2.1228705267 
-2.1228792911 
-2.1228879563 
-2.1228965226 
-2.1229049903 
-2.1229133596 
-2.1229216310 
-2.1229298045 
-2.1229378806 
-2.1229458595 
-2.1229537415 
-2.1229615269 
-2.1229692158 
-2.1229768087 
-2.1229843058 
-2.1229917073 
-2.1229990135 
-2.1230062246 
-2.1230133410 
-2.1230203628 
-2.1230272904 
-2.1230341240 
-2.1230408638 
-2.1230475101 
-2.1230540631 
-2.1230605231 
-2.1230668904 
-2.1230731651 
-2.1230793475 
-2.1230854379 
-2.1230914364 
-2.1230973434 
-2.1231031590 
-2.1231088835 
-2.1231145171 
-2.1231200601 
-2.1231255126 
-2.1231308748 
-2.1231361471 
-2.1231413297 
-2.1231464226 
-2.1231514262 
-2.1231563407 
-2.1231611663 
-2.1231659032 
-2.1231705516 
-2.1231751117 
-2.1231795838 
-2.1231839679 
-2.1231882644 
-2.1231924735 
-2.1231965953 
-2.1232006300 
-2.1232045779 
-2.1232084390 
-2.1232122138 
-2.1232159022 
-2.1232159022 
-2.1232195045 
-2.1232230210 
-2.1232264517 
-2.1232297969 
-2.1232330568 
-2.1232362315 
-2.1232393213 
-2.1232423262 
-2.1232452466 
-2.1232480825 
-2.1232508342 
-2.1232535019 
-2.1232560856 
-2.1232585856 
-2.1232610021 
-2.1232633351 
-2.1232655850 
-2.1232677519 
-2.1232698358 
-2.1232718371 
-2.1232737559 
-2.1232755922 
-2.1232773464 
-2.1232790185 
-2.1232806088 
-2.1232821173 
-2.1232835442 
-2.1232848898 
-2.1232861541 
-2.1232873373 
-2.1232884396 
-2.1232894611 
-2.1232904020 
-2.1232912624 
-2.1232920425 
-2.1232927424 
-2.1232933622 
-2.1232939022 
-2.1232943625 
-2.1232947432 
-2.1232950444 
-2.1232952664 
-2.1232954091 
-2.1232954729 
-2.1232954578 
-2.1232953640 
-2.1232951916 
-2.1232949408 
-2.1232946116 
-2.1232942043 
-2.1232937189 
-2.1232931556 
-2.1232925146 
-2.1232917959 
-2.1232909998 
-2.1232901262 
-2.1232891755 
-2.1232881476 
-2.1232870428 
-2.1232858611 
-2.1232846027 
-2.1232832677 
-2.1232818563 
-2.1232803685 
-2.1232788046 
-2.1232771645 
-2.1232754485 
-2.1232736567 
-2.1232717891 
-2.1232698460 
-2.1232678274 
-2.1232657335 
-2.1232635643 
-2.1232613201 
-2.1232590009 
-2.1232566068 
-2.1232541379 
-2.1232515945 
-2.1232489765 
-2.1232462841 
-2.1232435175 
-2.1232406767 
-2.1232377618 
-2.1232347731 
-2.1232317105 
-2.1232285742 
-2.1232253643 
-2.1232220809 
-2.1232187242 
-2.1232152942 
-2.1232117911 
-2.1232082149 
-2.1232045658 
-2.1232008439 
-2.1231970493 
-2.1231931821 
-2.1231892424 
-2.1231852304 
-2.1231811460 
-2.1231811460 
-2.1231769895 
-2.1231727609 
-2.1231684604 
-2.1231640880 
-2.1231596439 
-2.1231551281 
-2.1231505408 
-2.1231458821 
-2.1231411520 
-2.1231363507 
-2.1231314783 
-2.1231265349 
-2.1231215205 
-2.1231164353 
-2.1231112794 
-2.1231060529 
-2.1231007559 
-2.1230953885 
-2.1230899507 
-2.1230844428 
-2.1230788647 
-2.1230732166 
-2.1230674985 
-2.1230617107 
-2.1230558531 
-2.1230499259 
-2.1230439292 
-2.1230378630 
-2.1230317276 
-2.1230255228 
-2.1230192490 
-2.1230129060 
-2.1230064942 
-2.1230000134 
-2.1229934639 
-2.1229868458 
-2.1229801590 
-2.1229734038 
-2.1229665802 
-2.1229596884 
-2.1229527283 
-2.1229457001 
-2.1229386039 
-2.1229314398 
-2.1229242078 
-2.1229169082 
-2.1229095408 
-2.1229021060 
-2.1228946037 
-2.1228870340 
-2.1228793970 
-2.1228716928 
-2.1228639216 
-2.1228560833 
-2.1228481782 
-2.1228402062 
-2.1228321674 
-2.1228240621 
-2.1228158901 
-2.1228076517 
-2.1227993470 
-2.1227909759 
-2.1227825387 
-2.1227740353 
-2.1227654659 
-2.1227568306 
-2.1227481294 
-2.1227393625 
-2.1227305299 
-2.1227216318 
-2.1227126681 
-2.1227036390 
-2.1226945446 
-2.1226853850 
-2.1226761602 
-2.1226668704 
-2.1226575156 
-2.1226480959 
-2.1226386114 
-2.1226290622 
-2.1226194484 
-2.1226097700 
-2.1226000272 
-2.1225902200 
-2.1225803485 
-2.1225704128 
-2.1225604130 
-2.1225503491 
-2.1225402214 
-2.1225300297 
-2.1225197743 
-2.1225094552 
-2.1224990725 
-2.1224886262 
-2.1224781165 
-2.1224675435 
-2.1224569072 
-2.1224462077 
-2.1224354451 
-2.1224354451 
-2.1224246195 
-2.1224137309 
-2.1224027795 
-2.1223917654 
-2.1223806885 
-2.1223695490 
-2.1223583471 
-2.1223470826 
-2.1223357559 
-2.1223243668 
-2.1223129156 
-2.1223014023 
-2.1222898269 
-2.1222781896 
-2.1222664905 
-2.1222547295 
-2.1222429069 
-2.1222310227 
-2.1222190769 
-2.1222070697 
-2.1221950011 
-2.1221828712 
-2.1221706801 
-2.1221584279 
-2.1221461147 
-2.1221337405 
-2.1221213054 
-2.1221088096 
-2.1220962530 
-2.1220836358 
-2.1220709580 
-2.1220582197 
-2.1220454211 
-2.1220325622 
-2.1220196430 
-2.1220066637 
-2.1219936243 
-2.1219805249 
-2.1219673656 
-2.1219541465 
-2.1219408676 
-2.1219275291 
-2.1219141309 
-2.1219006733 
-2.1218871562 
-2.1218735798 
-2.1218599442 
-2.1218462493 
-2.1218324954 
-2.1218186824 
-2.1218048104 
-2.1217908796 
-2.1217768900 
-2.1217628417 
-2.1217487347 
-2.1217345693 
-2.1217203453 
-2.1217060629 
-2.1216917222 
-2.1216773233 
-2.1216628663 
-2.1216483511 
-2.1216337780 
-2.1216191469 
-2.1216044580 
-2.1215897114 
-2.1215749070 
-2.1215600451 
-2.1215451256 
-2.1215301487 
-2.1215151144 
-2.1215000228 
-2.1214848740 
-2.1214696680 
-2.1214544050 
-2.1214390851 
-2.1214237082 
-2.1214082745 
-2.1213927841 
-2.1213772370 
-2.1213616333 
-2.1213459730 
-2.1213302564 
-2.1213144834 
-2.1212986541 
-2.1212827686 
-2.1212668270 
-2.1212508294 
-2.1212347758 
-2.1212186662 
-2.1212025009 
-2.1211862799 
-2.1211700031 
-2.1211536708 
-2.1211372830 
-2.1211208398 
-2.1211043412 
-2.1210877873 
-2.1210711782 
-2.1210711782 
-2.1210545140 
-2.1210377948 
-2.1210210205 
-2.1210041914 
-2.1209873075 
-2.1209703689 
-2.1209533755 
-2.1209363276 
-2.1209192252 
-2.1209020683 
-2.1208848571 
-2.1208675916 
-2.1208502719 
-2.1208328980 
-2.1208154701 
-2.1207979882 
-2.1207804525 
-2.1207628628 
-2.1207452195 
-2.1207275224 
-2.1207097718 
-2.1206919676 
-2.1206741100 
-2.1206561990 
-2.1206382347 
-2.1206202171 
-2.1206021465 
-2.1205840227 
-2.1205658459 
-2.1205476163 
-2.1205293337 
-2.1205109984 
-2.1204926104 
-2.1204741698 
-2.1204556766 
-2.1204371309 
-2.1204185328 
-2.1203998824 
-2.1203811798 
-2.1203624249 
-2.1203436180 
-2.1203247590 
-2.1203058481 
-2.1202868853 
-2.1202678706 
-2.1202488043 
-2.1202296863 
-2.1202105166 
-2.1201912955 
-2.1201720229 
-2.1201526990 
-2.1201333238 
-2.1201138973 
-2.1200944197 
-2.1200748910 
-2.1200553113 
-2.1200356807 
-2.1200159993 
-2.1199962670 
-2.1199764840 
-2.1199566504 
-2.1199367663 
-2.1199168316 
-2.1198968466 
-2.1198768111 
-2.1198567254 
-2.1198365895 
-2.1198164035 
-2.1197961674 
-2.1197758814 
-2.1197555454 
-2.1197351596 
-2.1197147240 
-2.1196942387 
-2.1196737038 
-2.1196531193 
-2.1196324853 
-2.1196118020 
-2.1195910693 
-2.1195702873 
-2.1195494561 
-2.1195285758 
-2.1195076465 
-2.1194866681 
-2.1194656409 
-2.1194445648 
-2.1194234400 
-2.1194022664 
-2.1193810442 
-2.1193597735 
-2.1193384542 
-2.1193170866 
-2.1192956706 
-2.1192742063 
-2.1192526938 
-2.1192311332 
-2.1192095245 
-2.1191878678 
-2.1191661632 
-2.1191661632 
-2.1191444107 
-2.1191226104 
-2.1191007625 
-2.1190788668 
-2.1190569236 
-2.1190349329 
-2.1190128947 
-2.1189908092 
-2.1189686764 
-2.1189464963 
-2.1189242691 
-2.1189019947 
-2.1188796734 
-2.1188573051 
-2.1188348899 
-2.1188124278 
-2.1187899191 
-2.1187673636 
-2.1187447615 
-2.1187221129 
-2.1186994178 
-2.1186766762 
-2.1186538884 
-2.1186310542 
-2.1186081738 
-2.1185852473 
-2.1185622748 
-2.1185392562 
-2.1185161917 
-2.1184930813 
-2.1184699251 
-2.1184467231 
-2.1184234755 
-2.1184001823 
-2.1183768435 
-2.1183534593 
-2.1183300296 
-2.1183065547 
-2.1182830344 
-2.1182594690 
-2.1182358584 
-2.1182122027 
-2.1181885020 
-2.1181647564 
-2.1181409659 
-2.1181171306 
-2.1180932506 
-2.1180693258 
-2.1180453565 
-2.1180213426 
-2.1179972842 
-2.1179731814 
-2.1179490342 
-2.1179248428 
-2.1179006071 
-2.1178763273 
-2.1178520034 
-2.1178276354 
-2.1178032235 
-2.1177787677 
-2.1177542680 
-2.1177297246 
-2.1177051375 
-2.1176805067 
-2.1176558323 
-2.1176311144 
-2.1176063531 
-2.1175815483 
-2.1175567003 
-2.1175318089 
-2.1175068744 
-2.1174818967 
-2.1174568760 
-2.1174318122 
-2.1174067055 
-2.1173815559 
-2.1173563635 
-2.1173311283 
-2.1173058504 
-2.1172805299 
-2.1172551668 
-2.1172297612 
-2.1172043131 
-2.1171788227 
-2.1171532899 
-2.1171277148 
-2.1171020976 
-2.1170764382 
-2.1170507367 
-2.1170249932 
-2.1169992077 
-2.1169733804 
-2.1169475112 
-2.1169216002 
-2.1168956475 
-2.1168696531 
-2.1168436172 
-2.1168175397 
-2.1167914207 
-2.1167914207 
-2.1167652603 
-2.1167390586 
-2.1167128155 
-2.1166865313 
-2.1166602058 
-2.1166338392 
-2.1166074316 
-2.1165809830 
-2.1165544934 
-2.1165279630 
-2.1165013917 
-2.1164747797 
-2.1164481269 
-2.1164214335 
-2.1163946996 
-2.1163679251 
-2.1163411101 
-2.1163142547 
-2.1162873590 
-2.1162604229 
-2.1162334467 
-2.1162064302 
-2.1161793736 
-2.1161522770 
-2.1161251404 
-2.1160979638 
-2.1160707473 
-2.1160434909 
-2.1160161948 
-2.1159888590 
-2.1159614835 
-2.1159340684 
-2.1159066137 
-2.1158791196 
-2.1158515860 
-2.1158240130 
-2.1157964007 
-2.1157687491 
-2.1157410583 
-2.1157133283 
-2.1156855593 
-2.1156577512 
-2.1156299040 
-2.1156020180 
-2.1155740930 
-2.1155461293 
-2.1155181267 
-2.1154900855 
-2.1154620056 
-2.1154338870 
-2.1154057299 
-2.1153775343 
-2.1153493003 
-2.1153210279 
-2.1152927171 
-2.1152643680 
-2.1152359807 
-2.1152075552 
-2.1151790916 
-2.1151505900 
-2.1151220503 
-2.1150934726 
-2.1150648570 
-2.1150362036 
-2.1150075124 
-2.1149787834 
-2.1149500167 
-2.1149212123 
-2.1148923704 
-2.1148634909 
-2.1148345739 
-2.1148056195 
-2.1147766277 
-2.1147475986 
-2.1147185321 
-2.1146894285 
-2.1146602876 
-2.1146311096 
-2.1146018946 
-2.1145726425 
-2.1145433534 
-2.1145140274 
-2.1144846645 
-2.1144552648 
-2.1144258283 
-2.1143963551 
-2.1143668452 
-2.1143372987 
-2.1143077156 
-2.1142780960 
-2.1142484399 
-2.1142187473 
-2.1141890184 
-2.1141592532 
-2.1141294517 
-2.1140996139 
-2.1140697400 
-2.1140398299 
-2.1140098838 
-2.1140098838 
