-4.00
-3.92
-3.84
-3.76
-3.68
-3.60
-3.52
-3.43
-3.35
-3.27
-3.19
-3.11
-3.03
-2.95
-2.87
-2.79
-2.71
-2.63
-2.55
-2.46
-2.38
-2.30
-2.22
-2.14
-2.06
-1.98
-1.90
-1.82
-1.74
-1.66
-1.58
-1.49
-1.41
-1.33
-1.25
-1.17
-1.09
-1.01
-0.93
-0.85
-0.77
-0.69
-0.61
-0.53
-0.44
-0.36
-0.28
-0.20
-0.12
-0.04
0.04
0.12
0.20
0.28
0.36
0.44
0.53
0.61
0.69
0.77
0.85
0.93
1.01
1.09
1.17
1.25
1.33
1.41
1.49
1.58
1.66
1.74
1.82
1.90
1.98
2.06
2.14
2.22
2.30
2.38
2.46
2.55
2.63
2.71
2.79
2.87
2.95
3.03
3.11
3.19
3.27
3.35
3.43
3.52
3.60
3.68
3.76
3.84
3.92
4.00
