0.2818837193 1
0.3045679856 1
0.2999822469 1
0.2951529377 1
0.2901329425 1
0.2850270229 1
0.2798767442 1
0.2747523842 1
0.2697258153 1
0.2648605126 1
0.2602376435 1
0.2558689883 1
0.2522756524 1
0.2489590795 1
0.2459132806 1
0.2434677513 1
0.2412758703 1
0.2395030637 1
0.2379124455 1
0.2364771059 1
0.2351811126 1
0.2340071372 1
0.2329514350 1
0.2319866748 1
0.2311023861 1
0.2302892039 1
0.2295388313 1
0.2288439728 1
0.2281982525 1
0.2275961243 1
0.2270327804 1
0.2265040626 1
0.2260063794 1
0.2255366292 1
0.2250921313 1
0.2246705648 1
0.2242699149 1
0.2238884262 1
0.2235245624 1
0.2231769725 1
0.2228444608 1
0.2225259632 1
0.2222205260 1
0.2219276741 1
0.2216475873 1
0.2213781054 1
0.2211185823 1
0.2208684191 1
0.2206270571 1
0.2203939731 1
0.2201686743 1
0.2199506949 1
0.2197395931 1
0.2195349484 1
0.2193368239 1
0.2191461993 1
0.2189608681 1
0.2187804800 1
0.2186046979 1
0.2184331976 1
0.2182656668 1
0.2181018041 1
0.2179413186 1
0.2177839290 1
0.2176293635 1
0.2174773586 1
0.2173276590 1
0.2171800171 1
0.2170341921 1
0.2168899499 1
0.2167470620 1
0.2166053058 1
0.2164644631 1
0.2163243201 1
0.2161846667 1
0.2160452956 1
0.2159060021 1
0.2157665828 1
0.2156268355 1
0.2154865577 1
0.2153455467 1
0.2152035977 1
0.2150605038 1
0.2149160546 1
0.2147700353 1
0.2146222256 1
0.2144723987 1
0.2143203199 1
0.2141657458 1
0.2140084229 1
0.2138480858 1
0.2136844565 1
0.2135172426 1
0.2133461360 1
0.2131708112 1
0.2129909236 1
0.2128081282 1
0.2126221269 1
0.2124304796 1
0.5150441578 0
0.2122327518 1
0.2120284820 1
0.2118171801 1
0.2115983258 1
0.2113713677 1
0.2111357215 1
0.2108907692 1
0.2106358585 1
0.2103703018 1
0.2100933761 1
0.2098043230 1
0.2095023492 1
0.2091866271 1
0.2088562960 1
0.2085104641 1
0.2081482102 1
0.2077685866 1
0.2073706222 1
0.2069533258 1
0.2065180155 1
0.2060619676 1
0.2055836314 1
0.2050819735 1
0.2045559628 1
0.2040064737 1
0.2034351328 1
0.2028364532 1
0.2022111252 1
0.2015633192 1
0.2008853507 1
0.2001762984 1
0.1994352630 1
0.1986613637 1
0.1978537336 1
0.1970115128 1
0.1961338396 1
0.1952198403 1
0.1942686171 1
0.1932792359 1
0.1922507129 1
0.1911820024 1
0.1900719856 1
0.1889194615 1
0.1877231397 1
0.1864816352 1
0.1851934638 1
0.1838570361 1
0.1824706451 1
0.1810324442 1
0.1795433158 1
0.1780032933 1
0.1764053867 1
0.1747466607 1
0.1730235499 1
0.1712368699 1
0.1694164648 1
0.1675376272 1
0.1655767821 1
0.1635152129 1
0.1613603641 1
0.1590796042 1
0.1566552217 1
0.1540811204 1
0.1515914620 1
0.1490803922 1
0.1468909908 1
0.1447670490 1
0.1433905400 1
0.1420908726 1
0.1408830559 1
0.1397539767 1
0.1388056613 1
0.1379958666 1
0.1372792127 1
0.1367232307 1
0.1362812612 1
0.1359654143 1
0.1357383522 1
0.1355394604 1
0.1353498171 1
0.1351577144 1
0.1349513011 1
0.1347330956 1
0.1344919447 1
0.1342083773 1
0.1338777822 1
0.1335048126 1
0.1331026297 1
0.1326614724 1
0.1321872352 1
0.1316866586 1
0.1311666482 1
0.1306336865 1
0.1300933758 1
0.1295570664 1
0.1292273185 1
0.1289334248 1
0.1286404882 1
0.1283993275 1
0.6465291121 0
0.1281903786 1
0.1279838169 1
0.1277789267 1
0.1275764259 1
0.1273743399 1
0.1271387775 1
0.1268685253 1
0.1265630045 1
0.1262222725 1
0.1258469913 1
0.1254383720 1
0.1250053728 1
0.1245692192 1
0.1241274805 1
0.1236706236 1
0.1231913916 1
0.1226970591 1
0.1221875604 1
0.1216630527 1
0.1211254082 1
0.1205761637 1
0.1200164788 1
0.1194471081 1
0.1188683857 1
0.1182802206 1
0.1176821039 1
0.1170731232 1
0.1164538607 1
0.1158364981 1
0.1152022919 1
0.1145490293 1
0.1138742749 1
0.1131754193 1
0.1124497340 1
0.1116944304 1
0.1109067265 1
0.1100839183 1
0.1092234587 1
0.1083230436 1
0.1073829058 1
0.1064123925 1
0.1053975232 1
0.1043378985 1
0.1032338260 1
0.1021053981 1
0.1009379636 1
0.0997401487 1
0.0985326179 1
0.0973020884 1
0.0960466730 1
0.0947721095 1
0.0934846152 1
0.0921907117 1
0.0908970329 1
0.0896101310 1
0.0883401702 1
0.0872406622 1
0.0865758491 1
0.0859442830 1
0.0853432058 1
0.0847809214 1
0.0844158042 1
0.0841668731 1
0.0839384376 1
0.0837294942 1
0.0835389124 1
0.0833654810 1
0.0832968266 1
0.0832366227 1
0.0831866191 1
0.0831606423 1
0.0831438541 1
0.0831316881 1
0.0831235644 1
0.0831189394 1
0.0831173026 1
0.0831185394 1
0.0831268952 1
0.0831365922 1
0.0831472396 1
0.0831597120 1
0.0831742945 1
0.0831946669 1
0.0832190017 1
0.0832436732 1
0.0832704383 1
0.0832958622 1
0.0833196823 1
0.0833416556 1
0.0833615591 1
0.0833801564 1
0.0833965621 1
0.0834101812 1
0.0834208903 1
0.0834285873 1
0.0834331918 1
0.0834346443 1
0.0834329052 1
0.0834279544 1
0.2388176474 0
0.0834197901 1
0.0834084270 1
0.0833938955 1
0.0833813016 1
0.0833656785 1
0.0833470056 1
0.0833253587 1
0.0833008216 1
0.0832734844 1
0.0832434426 1
0.0832107952 1
0.0831756441 1
0.0831380925 1
0.0830982441 1
0.0830562023 1
0.0830122788 1
0.0829669421 1
0.0829197368 1
0.0828741947 1
0.0828269395 1
0.0827780579 1
0.0827276334 1
0.0826757460 1
0.0826224726 1
0.0825678866 1
0.0825120578 1
0.0824550528 1
0.0823969350 1
0.0823377646 1
0.0822775985 1
0.0822164907 1
0.0821544927 1
0.0820916528 1
0.0820280171 1
0.0819636289 1
0.0818985294 1
0.0818327575 1
0.0817663498 1
0.0816993411 1
0.0816317642 1
0.0815636498 1
0.0814950271 1
0.0814259235 1
0.0813563646 1
0.0812863746 1
0.0812159760 1
0.0811451898 1
0.0810740357 1
0.0810025318 1
0.0809332092 1
0.0808642087 1
0.0807948419 1
0.0807296330 1
0.0806660514 1
0.0806021034 1
0.0805378000 1
0.0804731513 1
0.0804081659 1
0.0803428515 1
0.0802772147 1
0.0802112610 1
0.0801449948 1
0.0800784195 1
0.0800115377 1
0.0799443508 1
0.0798768596 1
0.0798090639 1
0.0797409627 1
0.0796771517 1
0.0796130472 1
0.0795486105 1
0.0794838381 1
0.0794187259 1
0.0793532693 1
0.0792874629 1
0.0792213011 1
0.0791547776 1
0.0790878857 1
0.0790206183 1
0.0789534636 1
0.0788859582 1
0.0788180810 1
0.0787498233 1
0.0786811763 1
0.0786121308 1
0.0785426777 1
0.0784728076 1
0.0784025112 1
0.0783317791 1
0.0782606020 1
0.0781889703 1
0.0781168748 1
0.0780443062 1
0.0779712554 1
0.0778977133 1
0.0778236710 1
0.0777491199 1
0.0776740513 1
0.0775984569 1
0.1830238261 0
0.0775223287 1
0.0774456588 1
0.0773684397 1
0.0772906639 1
0.0772123245 1
0.0771334148 1
0.0770539282 1
0.0769738589 1
0.0768932009 1
0.0768119489 1
0.0767300978 1
0.0766476429 1
0.0765645798 1
0.0764809046 1
0.0763966135 1
0.0763120346 1
0.0762280067 1
0.0761461705 1
0.0760642482 1
0.0759816912 1
0.0759076953 1
0.0758417116 1
0.0757749298 1
0.0757073474 1
0.0756389620 1
0.0755697718 1
0.0754997753 1
0.0754289713 1
0.0753573591 1
0.0752849383 1
0.0752117088 1
0.0751376710 1
0.0750628252 1
0.0749871726 1
0.0749107142 1
0.0748334515 1
0.0747553863 1
0.0746765205 1
0.0745968565 1
0.0745163965 1
0.0744351435 1
0.0743531000 1
0.0742702694 1
0.0741866546 1
0.0741043941 1
0.0740218376 1
0.0739385114 1
0.0738544191 1
0.0737695645 1
0.0736839515 1
0.0735975838 1
0.0735104654 1
0.0734226002 1
0.0733339922 1
0.0732446453 1
0.0731545633 1
0.0730637502 1
0.0729734427 1
0.0728864498 1
0.0727995883 1
0.0727125277 1
0.0726247414 1
0.0725362328 1
0.0724470055 1
0.0723570629 1
0.0722664082 1
0.0721750445 1
0.0720850990 1
0.0719959948 1
0.0719061782 1
0.0718156515 1
0.0717244168 1
0.0716324758 1
0.0715398301 1
0.0714464809 1
0.0713524293 1
0.0712576760 1
0.0711634057 1
0.0710712512 1
0.0709784030 1
0.0708865991 1
0.0707981074 1
0.0707089092 1
0.0706190032 1
0.0705290286 1
0.0704406286 1
0.0703515163 1
0.0702618249 1
0.0701725271 1
0.0700825112 1
0.0699931377 1
0.0699042508 1
0.0698146268 1
0.0697242601 1
0.0696331442 1
0.0695412724 1
0.0694486377 1
0.0693552322 1
0.0692638360 1
0.1473236299 0
0.0691720071 1
0.0690792554 1
0.0689855717 1
0.0688928283 1
0.0687993434 1
0.0687048874 1
0.0686094485 1
0.0685130150 1
0.0684155741 1
0.0683189201 1
0.0682227742 1
0.0681255817 1
0.0680273279 1
0.0679279972 1
0.0678275737 1
0.0677275864 1
0.0676278532 1
0.0675269792 1
0.0674256513 1
0.0673238327 1
0.0672208184 1
0.0671165881 1
0.0670111209 1
0.0669043952 1
0.0667963888 1
0.0666870789 1
0.0665764420 1
0.0664644543 1
0.0663510909 1
0.0662363267 1
0.0661201358 1
0.0660024918 1
0.0658842340 1
0.0657723563 1
0.0656608341 1
0.0655477292 1
0.0654330112 1
0.0653166492 1
0.0651986119 1
0.0650788673 1
0.0649573830 1
0.0648341260 1
0.0647090632 1
0.0645821608 1
0.0644533846 1
0.0643247355 1
0.0641961326 1
0.0640670858 1
0.0639408086 1
0.0638130163 1
0.0636836941 1
0.0635545523 1
0.0634265981 1
0.0633011835 1
0.0631747250 1
0.0630460093 1
0.0629152685 1
0.0627829048 1
0.0626481637 1
0.0625120909 1
0.0623746666 1
0.0622347638 1
0.0620923522 1
0.0619474028 1
0.0617998877 1
0.0616497801 1
0.0614970547 1
0.0613416875 1
0.0611836563 1
0.0610229404 1
0.0608595210 1
0.0606933813 1
0.0605245064 1
0.0603528837 1
0.0601785028 1
0.0600013557 1
0.0598214370 1
0.0596387436 1
0.0594532756 1
0.0592657974 1
0.0590768818 1
0.0588862456 1
0.0586929861 1
0.0584976980 1
0.0582996511 1
0.0580988666 1
0.0578953687 1
0.0576891853 1
0.0574803474 1
0.0572702304 1
0.0570592673 1
0.0568463308 1
0.0566318813 1
0.0564149129 1
0.0561954764 1
0.0559736260 1
0.0557494191 1
0.0555229163 1
0.0552941814 1
0.1357255764 0
0.0550645149 1
0.0548359470 1
0.0546059238 1
0.0543739251 1
0.0541400262 1
0.0539043046 1
0.0536668400 1
0.0534277143 1
0.0531870111 1
0.0529448158 1
0.0527033134 1
0.0524614181 1
0.0522182580 1
0.0519739235 1
0.0517285058 1
0.0514822007 1
0.0512374047 1
0.0509917795 1
0.0507454171 1
0.0504984093 1
0.0502508478 1
0.0500064021 1
0.0497756936 1
0.0495447768 1
0.0493152320 1
0.0490870351 1
0.0488588311 1
0.0486306984 1
0.0484027139 1
0.0481749529 1
0.0479474896 1
0.0477203962 1
0.0474937436 1
0.0472676006 1
0.0470430230 1
0.0468202865 1
0.0465986910 1
0.0463885903 1
0.0461798364 1
0.0459717891 1
0.0457645024 1
0.0455580284 1
0.0453536334 1
0.0451522930 1
0.0449518444 1
0.0447523329 1
0.0445538016 1
0.0443562922 1
0.0441598443 1
0.0439644954 1
0.0437702815 1
0.0435772367 1
0.0433853931 1
0.0431947810 1
0.0430054293 1
0.0428173646 1
0.0426306123 1
0.0424451959 1
0.0422611372 1
0.0420784565 1
0.0418979213 1
0.0417188181 1
0.0415429992 1
0.0413688513 1
0.0411960941 1
0.0410247405 1
0.0408548018 1
0.0406862884 1
0.0405192092 1
0.0403535721 1
0.0401893837 1
0.0400266498 1
0.0398666350 1
0.0397082779 1
0.0395513526 1
0.0393966508 1
0.0392448271 1
0.0390943898 1
0.0389453399 1
0.0387976773 1
0.0386514015 1
0.0385065110 1
0.0383630038 1
0.0382208771 1
0.0380801275 1
0.0379407512 1
0.0378027435 1
0.0376660994 1
0.0375308134 1
0.0373968794 1
0.0372642909 1
0.0371330409 1
0.0370031222 1
0.0368745270 1
0.0367472472 1
0.0366212745 1
0.0364966938 1
0.0363752032 1
0.0362549611 1
0.1148615536 0
0.0361359576 1
0.0360181831 1
0.0359021671 1
0.0357882691 1
0.0356755330 1
0.0355654439 1
0.0354579536 1
0.0353515692 1
0.0352462809 1
0.0351420791 1
0.0350389538 1
0.0349368951 1
0.0348358930 1
0.0347359372 1
0.0346370177 1
0.0345391241 1
0.0344422463 1
0.0343463738 1
0.0342514964 1
0.0341584632 1
0.0340673169 1
0.0339779617 1
0.0338895624 1
0.0338020555 1
0.0337154317 1
0.0336296816 1
0.0335447959 1
0.0334607652 1
0.0333775803 1
0.0332952319 1
0.0332137108 1
0.0331330077 1
0.0330531136 1
0.0329740192 1
0.0328957156 1
0.0328181937 1
0.0327414446 1
0.0326654592 1
0.0325902289 1
0.0325157448 1
0.0324419982 1
0.0323689804 1
0.0322966829 1
0.0322250971 1
0.0321542147 1
0.0320840272 1
0.0320145265 1
0.0319457041 1
0.0318775521 1
0.0318100625 1
0.0317432271 1
0.0316770382 1
0.0316114879 1
0.0315465685 1
0.0314822725 1
0.0314185921 1
0.0313555200 1
0.0312930488 1
0.0312311712 1
0.0311698800 1
0.0311094464 1
0.0310504559 1
0.0309920216 1
0.0309341366 1
0.0308767942 1
0.0308199879 1
0.0307637111 1
0.0307079573 1
0.0306527203 1
0.0305979937 1
0.0305437714 1
0.0304900472 1
0.0304368151 1
0.0303840691 1
0.0303318034 1
0.0302800122 1
0.0302286897 1
0.0301778303 1
0.0301274284 1
0.0300774786 1
0.0300279754 1
0.0299789134 1
0.0299302875 1
0.0298820923 1
0.0298343229 1
0.0297869740 1
0.0297400408 1
0.0296935183 1
0.0296474016 1
0.0296016860 1
0.0295563668 1
0.0295114394 1
0.0294668990 1
0.0294229901 1
0.0293797370 1
0.0293368497 1
0.0292943240 1
0.0292521558 1
0.0292103410 1
0.1121341675 0
0.0291688757 1
0.0291277559 1
0.0290869776 1
0.0290465372 1
0.0290064307 1
0.0289666546 1
0.0289272050 1
0.0288880784 1
0.0288492712 1
0.0288107799 1
0.0287726010 1
0.0287347311 1
0.0286971668 1
0.0286599047 1
0.0286229416 1
0.0285862742 1
0.0285498993 1
0.0285138139 1
0.0284780147 1
0.0284424986 1
0.0284072628 1
0.0283723041 1
0.0283376197 1
0.0283032066 1
0.0282690620 1
0.0282351830 1
0.0282015668 1
0.0281682108 1
0.0281352255 1
0.0281026949 1
0.0280704130 1
0.0280383775 1
0.0280065858 1
0.0279750353 1
0.0279437235 1
0.0279126482 1
0.0278818067 1
0.0278511969 1
0.0278208162 1
0.0277906625 1
0.0277607334 1
0.0277310267 1
0.0277015402 1
0.0276722716 1
0.0276432189 1
0.0276143798 1
0.0275857523 1
0.0275573342 1
0.0275291236 1
0.0275011184 1
0.0274733167 1
0.0274457163 1
0.0274183154 1
0.0273911121 1
0.0273641044 1
0.0273372906 1
0.0273106686 1
0.0272842367 1
0.0272579932 1
0.0272319361 1
0.0272060638 1
0.0271803745 1
0.0271548665 1
0.0271295381 1
0.0271043876 1
0.0270794134 1
0.0270546138 1
0.0270299872 1
0.0270055321 1
0.0269812468 1
0.0269571298 1
0.0269331795 1
0.0269093945 1
0.0268857733 1
0.0268623142 1
0.0268390160 1
0.0268158772 1
0.0267928962 1
0.0267700718 1
0.0267474025 1
0.0267248869 1
0.0267025236 1
0.0266803114 1
0.0266582489 1
0.0266363348 1
0.0266145677 1
0.0265929465 1
0.0265714698 1
0.0265501363 1
0.0265289449 1
0.0265078943 1
0.0264869832 1
0.0264662106 1
0.0264455751 1
0.0264250757 1
0.0264047112 1
0.0263844804 1
0.0263643823 1
0.0263444156 1
0.1115647339 0
0.0263245793 1
0.0263048722 1
0.0262852934 1
0.0262658417 1
0.0262465161 1
0.0262273155 1
0.0262082389 1
0.0261892852 1
0.0261704536 1
0.0261517428 1
0.0261331521 1
0.0261146803 1
0.0260963266 1
0.0260780899 1
0.0260599693 1
0.0260419639 1
0.0260240728 1
0.0260062950 1
0.0259886296 1
0.0259710757 1
0.0259536325 1
0.0259362990 1
0.0259190744 1
0.0259019579 1
0.0258849485 1
0.0258680455 1
0.0258512479 1
0.0258345551 1
0.0258179661 1
0.0258014801 1
0.0257850964 1
0.0257688141 1
0.0257526326 1
0.0257365509 1
0.0257205684 1
0.0257046842 1
0.0256888977 1
0.0256732371 1
0.0256577148 1
0.0256422870 1
0.0256269530 1
0.0256117120 1
0.0255965634 1
0.0255815064 1
0.0255665404 1
0.0255516646 1
0.0255368785 1
0.0255221813 1
0.0255075723 1
0.0254930511 1
0.0254786167 1
0.0254642688 1
0.0254500065 1
0.0254358293 1
0.0254217366 1
0.0254079025 1
0.0253941826 1
0.0253805442 1
0.0253669866 1
0.0253535094 1
0.0253401119 1
0.0253267936 1
0.0253135539 1
0.0253003923 1
0.0252873082 1
0.0252743010 1
0.0252613702 1
0.0252485153 1
0.0252357358 1
0.0252230310 1
0.0252104005 1
0.0251978438 1
0.0251853603 1
0.0251729496 1
0.0251606111 1
0.0251483443 1
0.0251361488 1
0.0251240240 1
0.0251119827 1
0.0251002177 1
0.0250885210 1
0.0250768920 1
0.0250653303 1
0.0250538354 1
0.0250424070 1
0.0250310444 1
0.0250197474 1
0.0250085154 1
0.0249973481 1
0.0249862449 1
0.0249752055 1
0.0249642294 1
0.0249533162 1
0.0249424655 1
0.0249316769 1
0.0249209500 1
0.0249102844 1
0.0248996796 1
0.0248891352 1
0.1120709561 0
