2.10
1.79
1.51
1.29
1.15
1.11
1.16
1.31
1.55
1.84
2.15
2.47
2.75
2.98
3.12
3.17
3.12
2.98
2.77
2.51
2.22
1.95
1.72
1.57
1.50
1.54
1.69
1.93
2.26
2.65
3.07
3.48
3.85
4.15
4.35
4.45
4.42
4.28
4.04
3.71
3.33
2.93
2.54
2.20
1.93
1.75
1.67
1.69
1.81
1.99
2.22
2.46
2.68
2.87
2.99
3.04
3.01
2.91
2.75
2.55
2.33
2.12
1.95
1.83
1.78
1.81
1.91
2.09
2.33
2.59
2.86
3.10
3.30
3.41
3.44
3.37
3.21
2.96
2.66
2.32
1.98
1.67
1.41
1.24
1.16
1.19
1.31
1.51
1.78
2.09
2.40
2.68
2.91
3.05
3.11
3.06
2.92
2.70
2.41
2.10
