0.2886362604 -0.2427812347 0.6231609166 0.0656511776 
0.2940533329 -0.2403083747 0.6263285357 0.0696780816 
0.3206214073 -0.2324463554 0.6918127000 0.0765667475 
0.3477108523 -0.2259340979 0.7538578543 0.0833400493 
0.3751822851 -0.2207225632 0.8117779034 0.0900433486 
0.4028600508 -0.2167569588 0.8649990038 0.0967133370 
0.4305417526 -0.2139738956 0.9130941400 0.1033770537 
0.4580107948 -0.2123000285 0.9557985556 0.1100515656 
0.4850502740 -0.2116522481 0.9930079264 0.1167444583 
0.5114563218 -0.2119392686 1.0247635140 0.1234550881 
0.5370492395 -0.2130642594 1.0512292592 0.1301763826 
0.5616813359 -0.2149280622 1.0726653364 0.1368969022 
0.5852410832 -0.2174325158 1.0894016515 0.1436028816 
0.6076538276 -0.2204834801 1.1018135868 0.1502800332 
0.6288797190 -0.2239932765 1.1103012407 0.1569149802 
0.6489097100 -0.2278823990 1.1152726077 0.1634962703 
0.6677604740 -0.2320804845 1.1171306069 0.1700149842 
0.6854689570 -0.2365266179 1.1162635620 0.1764649926 
0.7020870970 -0.2411691071 1.1130385993 0.1828429387 
0.7176770538 -0.2459648771 1.1077974069 0.1891480219 
0.7323071311 -0.2508786295 1.1008538383 0.1953816572 
0.7460484539 -0.2558818857 1.0924929132 0.2015470705 
0.7589723768 -0.2609520091 1.0829708473 0.2076488746 
0.7711485565 -0.2660712674 1.0725158188 0.2136926612 
0.7826435926 -0.2712259771 1.0613292413 0.2196846280 
0.7935201375 -0.2764057475 1.0495873707 0.2256312544 
0.8038363798 -0.2816028335 1.0374431127 0.2315390298 
0.8136458138 -0.2868115903 1.0250279347 0.2374142345 
0.8229972220 -0.2920280253 1.0124538078 0.2432627703 
0.8319348109 -0.2972494332 0.9998151269 0.2490900350 
0.8404984483 -0.3024741038 0.9871905703 0.2549008357 
0.8487239673 -0.3077010896 0.9746448715 0.2606993347 
0.8566435047 -0.3129300236 0.9622304852 0.2664890212 
0.8642858544 -0.3181609766 0.9499891358 0.2722727048 
0.8716768185 -0.3233943468 0.9379532408 0.2780525254 
0.8788395463 -0.3286307749 0.9261472087 0.2838299749 
0.8857948534 -0.3338710783 0.9145886099 0.2896059289 
0.8925615174 -0.3391162009 0.9032892264 0.2953806831 
0.8991565463 -0.3443671755 0.8922559828 0.3011539950 
0.9055954212 -0.3496250933 0.8814917678 0.3069251262 
0.9118923118 -0.3548910826 0.8709961518 0.3126928863 
0.9180602678 -0.3601662908 0.8607660102 0.3184556752 
0.9241113855 -0.3654518712 0.8507960597 0.3242115257 
0.9300569543 -0.3707489726 0.8410793172 0.3299581421 
0.9359075830 -0.3760587312 0.8316074884 0.3356929387 
0.9416733094 -0.3813822641 0.8223712952 0.3414130741 
0.9473636944 -0.3867206638 0.8133607490 0.3471154844 
0.9529879032 -0.3920749945 0.8045653759 0.3527969128 
0.9585547752 -0.3974462879 0.7959744023 0.3584539371 
0.9640728838 -0.4028355408 0.7875769046 0.3640829954 
0.9695505885 -0.4082437124 0.7793619291 0.3696804085 
0.9749960797 -0.4136717223 0.7713185872 0.3752424011 
0.9804174179 -0.4191204488 0.7634361286 0.3807651205 
0.9858225682 -0.4245907272 0.7557039973 0.3862446539 
0.9912194309 -0.4300833489 0.7481118724 0.3916770436 
0.9966158688 -0.4355990597 0.7406496976 0.3970583014 
1.0020197323 -0.4411385595 0.7333076996 0.4023844210 
1.0074388823 -0.4467025011 0.7260763999 0.4076513892 
1.0128812117 -0.4522914897 0.7189466186 0.4128551964 
1.0183546659 -0.4579060823 0.7119094745 0.4179918455 
1.0238672621 -0.4635467873 0.7049563802 0.4230573598 
1.0294271084 -0.4692140638 0.6980790343 0.4280477908 
1.0350424226 -0.4749083215 0.6912694112 0.4329592237 
1.0407215506 -0.4806299205 0.6845197487 0.4377877838 
1.0464729847 -0.4863791705 0.6778225351 0.4425296402 
1.0523053824 -0.4921563312 0.6711704941 0.4471810104 
1.0582275853 -0.4979616113 0.6645565696 0.4517381633 
1.0642486377 -0.5037951686 0.6579739105 0.4561974219 
1.0703778067 -0.5096571097 0.6514158540 0.4605551645 
1.0766246009 -0.5155474894 0.6448759096 0.4648078268 
1.0829987917 -0.5214663102 0.6383477430 0.4689519018 
1.0895104329 -0.5274135222 0.6318251592 0.4729839397 
1.0961698821 -0.5333890222 0.6253020869 0.4769005477 
1.1029878217 -0.5393926528 0.6187725614 0.4806983884 
1.1099752808 -0.5454242024 0.6122307089 0.4843741778 
1.1171436571 -0.5514834035 0.6056707298 0.4879246833 
1.1245047391 -0.5575699321 0.5990868829 0.4913467206 
1.1320707281 -0.5636834069 0.5924734688 0.4946371503 
1.1398542614 -0.5698233875 0.5858248138 0.4977928739 
1.1478684338 -0.5759893734 0.5791352533 0.5008108294 
1.1561268203 -0.5821808023 0.5723991157 0.5036879864 
1.1646434977 -0.5883970488 0.5656107052 0.5064213413 
1.1734330655 -0.5946374222 0.5587642852 0.5090079107 
1.1825106668 -0.6009011646 0.5518540610 0.5114447262 
1.1918920068 -0.6071874491 0.5448741623 0.5137288273 
1.2015933707 -0.6134953771 0.5378186254 0.5158572550 
1.2116316398 -0.6198239760 0.5306813745 0.5178270446 
1.2220243047 -0.6261721965 0.5234562029 0.5196352180 
1.2327894764 -0.6325389096 0.5161367538 0.5212787767 
1.2439458936 -0.6389229038 0.5087164997 0.5227546930 
1.2555129267 -0.6453228816 0.5011887216 0.5240599028 
1.2675105767 -0.6517374560 0.4935464876 0.5251912965 
1.2799594696 -0.6581651470 0.4857826300 0.5261457110 
1.2928808442 -0.6646043772 0.4778897219 0.5269199208 
1.3062965334 -0.6710534682 0.4698600525 0.5275106295 
1.3202289387 -0.6775106357 0.4616856020 0.5279144609 
1.3347009952 -0.6839739849 0.4533580145 0.5281279501 
1.3497361284 -0.6904415056 0.4448685702 0.5281475347 
1.3653582004 -0.6969110669 0.4362081564 0.5279695459 
1.3815914460 -0.7033804118 0.4273672374 0.5275901998 
1.3815914460 -0.7033804118 0.4273672374 0.5275901998 
1.3984603966 -0.7098471512 0.4183358231 0.5270055888 
1.4159897929 -0.7163087578 0.4091034363 0.5262116730 
1.4342044842 -0.7227625598 0.3996590792 0.5252042723 
1.4531293160 -0.7292057344 0.3899911993 0.5239790580 
1.4727890034 -0.7356353002 0.3800876540 0.5225315462 
1.4932079932 -0.7420481105 0.3699356749 0.5208570900 
1.5144103127 -0.7484408459 0.3595218324 0.5189508741 
1.5364194077 -0.7548100058 0.3488320002 0.5168079093 
1.5592579695 -0.7611519013 0.3378513204 0.5144230283 
1.5829477538 -0.7674626470 0.3265641707 0.5117908829 
1.6075093919 -0.7737381527 0.3149541327 0.5089059435 
1.6329621972 -0.7799741156 0.3030039639 0.5057624991 
1.6593239691 -0.7861660129 0.2906955730 0.5023546618 
1.6866107981 -0.7923090938 0.2780099997 0.4986763725 
1.7148368728 -0.7983983733 0.2649274012 0.4947214111 
1.7440142948 -0.8044286260 0.2514270442 0.4904834106 
1.7741529025 -0.8103943814 0.2374873065 0.4859558758 
1.8052601086 -0.8162899204 0.2230856867 0.4811322079 
1.8373407529 -0.8221092741 0.2081988247 0.4760057356 
1.8703969751 -0.8278462244 0.1928025342 0.4705697527 
1.9044281087 -0.8334943081 0.1768718467 0.4648175650 
1.9394305996 -0.8390468242 0.1603810703 0.4587425455 
1.9753979502 -0.8444968448 0.1433038614 0.4523382000 
2.0123206912 -0.8498372324 0.1256133120 0.4455982436 
2.0501863824 -0.8550606612 0.1072820518 0.4385166887 
2.0889796421 -0.8601596461 0.0882823651 0.4310879460 
2.1286822053 -0.8651265788 0.0685863234 0.4233069381 
2.1692730114 -0.8699537724 0.0481659323 0.4151692262 
2.2107283191 -0.8746335147 0.0269932929 0.4066711506 
2.2530218476 -0.8791581328 0.0050407774 0.3978099840 
2.2961249429 -0.8835200668 -0.0177187824 0.3885840961 
2.3400067667 -0.8877119567 -0.0413118921 0.3789931294 
2.3846345047 -0.8917267395 -0.0657641804 0.3690381829 
2.4299735928 -0.8955577592 -0.0911001701 0.3587220015 
2.4759879562 -0.8991988873 -0.1173430377 0.3480491664 
2.5226402579 -0.9026446540 -0.1445143609 0.3370262825 
2.5698921522 -0.9058903885 -0.1726338571 0.3256621564 
2.6177045371 -0.9089323655 -0.2017191194 0.3139679587 
2.6660377994 -0.9117679554 -0.2317853604 0.3019573628 
2.7148520446 -0.9143957740 -0.2628451838 0.2896466514 
2.7641073044 -0.9168158267 -0.2949084151 0.2770547830 
2.8137637108 -0.9190296425 -0.3279820390 0.2642034093 
2.8637816284 -0.9210403908 -0.3620703133 0.2511168360 
2.9141217344 -0.9228529759 -0.3971751503 0.2378219216 
2.9647450349 -0.9244741040 -0.4332968888 0.2243479118 
3.0156128113 -0.9259123189 -0.4704355990 0.2107262101 
3.0666864862 -0.9271780060 -0.5085930881 0.1969900935 
3.1179274046 -0.9282833674 -0.5477757785 0.1831743847 
3.1692965242 -0.9292423750 -0.5879986246 0.1693151041 
3.2207540081 -0.9300707154 -0.6292902055 0.1554491262 
3.2722587072 -0.9307857412 -0.6716990813 0.1416138751 
3.3237675069 -0.9314064512 -0.7153014329 0.1278470917 
3.3752344963 -0.9319535201 -0.7602099170 0.1141867095 
3.4266098840 -0.9324494027 -0.8065835664 0.1006708689 
3.4778385565 -0.9329185350 -0.8546384181 0.0873380989 
3.5288581365 -0.9333876604 -0.9046583452 0.0742276898 
3.5795963899 -0.9338863144 -0.9570052213 0.0613802799 
3.6299678563 -0.9344475115 -1.0121270019 0.0488386874 
3.6798697066 -0.9351086886 -1.0705614952 0.0366490207 
3.7291771062 -0.9359129565 -1.1329325502 0.0248621046 
3.7777388511 -0.9369106626 -1.1999343495 0.0135352290 
3.8253747454 -0.9381611386 -1.2722990543 0.0027341315 
3.8718769683 -0.9397342437 -1.3507441647 -0.0074650942 
3.9170181399 -0.9417109304 -1.4358995985 -0.0169748461 
3.9605683186 -0.9441816477 -1.5282206868 -0.0256967932 
4.0023211616 -0.9472412424 -1.6279001200 -0.0335261719 
4.0421260455 -0.9509794559 -1.7347957399 -0.0403611277 
4.0799192987 -0.9554673308 -1.8483891125 -0.0461176959 
4.1157458969 -0.9607415731 -1.9677829765 -0.0507491066 
4.1497644791 -0.9667904300 -2.0917383317 -0.0542657128 
4.1822330125 -0.9735450899 -2.2187475200 -0.0567500532 
4.2134777823 -0.9808796184 -2.3471371031 -0.0583614926 
4.2438523684 -0.9886203177 -2.4751904304 -0.0593270103 
4.2736947665 -0.9965629531 -2.6012743063 -0.0599185076 
4.3032900579 -1.0044943891 -2.7239509421 -0.0604210961 
4.3328438538 -1.0122143640 -2.8420589733 -0.0610995945 
4.3624690001 -1.0195535091 -2.9547551312 -0.0621708034 
4.3921853937 -1.0263850178 -3.0615173242 -0.0637869867 
4.4219307004 -1.0326290732 -3.1621167302 -0.0660323693 
4.4515785605 -1.0382507217 -3.2565696183 -0.0689308794 
4.4809605465 -1.0432529394 -3.3450795758 -0.0724610697 
4.5098885214 -1.0476670559 -3.4279789096 -0.0765735819 
4.5381748389 -1.0515425529 -3.5056753843 -0.0812073544 
4.5656487536 -1.0549377700 -3.5786079023 -0.0863022886 
4.5921682671 -1.0579124371 -3.6472125980 -0.0918075994 
4.6176273239 -1.0605223929 -3.7118992483 -0.0976861798 
4.6419587517 -1.0628164221 -3.7730368903 -0.1039158849 
4.6651336360 -1.0648348854 -3.8309469994 -0.1104887885 
4.6871579586 -1.0666096902 -3.8859024145 -0.1174093370 
4.7080673514 -1.0681651445 -3.9381302717 -0.1246920795 
4.7279207622 -1.0695192841 -3.9878174324 -0.1323593999 
4.7467937297 -1.0706853560 -4.0351171731 -0.1404394654 
4.7647718322 -1.0716732320 -4.0801562021 -0.1489644639 
4.7819447412 -1.0724906169 -4.1230413325 -0.1579691169 
4.7984011744 -1.0731439860 -4.1638653776 -0.1674894138 
4.8142249196 -1.0736392411 -4.2027120195 -0.1775615018 
4.8294919891 -1.0739821080 -4.2396595553 -0.1882206704 
4.8442688738 -1.0741783217 -4.2747835365 -0.1995003792 
4.8586117929 -1.0742336525 -4.3081584012 -0.2114312964 
4.8586117929 -1.0742336525 -4.3081584012 -0.2114312964 
4.8725667875 -1.0741538289 -4.3398582533 -0.2240403274 
4.8861704732 -1.0739444058 -4.3699569728 -0.2373496338 
4.8994512586 -1.0736106210 -4.3985278507 -0.2513756579 
4.9124308414 -1.0731572714 -4.4256429332 -0.2661281855 
4.9251258118 -1.0725886297 -4.4513722387 -0.2816094932 
4.9375492220 -1.0719084128 -4.4757829822 -0.2978136365 
4.9497120104 -1.0711198041 -4.4989389033 -0.3147259407 
4.9616242068 -1.0702255265 -4.5208997652 -0.3323227547 
4.9732958734 -1.0692279547 -4.5417210545 -0.3505715167 
4.9847377666 -1.0681292563 -4.5614538882 -0.3694311677 
4.9959617286 -1.0669315472 -4.5801451127 -0.3888529208 
5.0069808331 -1.0656370492 -4.5978375631 -0.4087813728 
5.0178093217 -1.0642482383 -4.6145704458 -0.4291559117 
5.0284623764 -1.0627679744 -4.6303798022 -0.4499123520 
5.0389557717 -1.0611996073 -4.6452990121 -0.4709847070 
5.0493054531 -1.0595470546 -4.6593592999 -0.4923069999 
5.0595270818 -1.0578148518 -4.6725902129 -0.5138150102 
5.0696355828 -1.0560081751 -4.6850200468 -0.5354478657 
5.0796447269 -1.0541328415 -4.6966762015 -0.5571494042 
5.0895667687 -1.0521952897 -4.7075854581 -0.5788692518 
5.0994121580 -1.0502025478 -4.7177741728 -0.6005635927 
5.1091893347 -1.0481621934 -4.7272683905 -0.6221956249 
5.1189046094 -1.0460823106 -4.7360938852 -0.6437357206 
5.1285621293 -1.0439714490 -4.7442761373 -0.6651613226 
5.1381639214 -1.0418385877 -4.7518402601 -0.6864566189 
5.1477100040 -1.0396931065 -4.7588108885 -0.7076120439 
5.1571985537 -1.0375447651 -4.7652120448 -0.7286236515 
5.1666261144 -1.0354036901 -4.7710669921 -0.7494924060 
5.1759878352 -1.0332803681 -4.7763980884 -0.7702234293 
5.1852777249 -1.0311856431 -4.7812266477 -0.7908252389 
5.1944889099 -1.0291307146 -4.7855728185 -0.8113090039 
5.2036138891 -1.0271271340 -4.7894554817 -0.8316878397 
5.2126447746 -1.0251867962 -4.7928921718 -0.8519761600 
5.2215735155 -1.0233219224 -4.7958990229 -0.8721890935 
5.2303920991 -1.0215450314 -4.7984907405 -0.8923419741 
5.2390927264 -1.0198688975 -4.8006805959 -0.9124499035 
5.2476679635 -1.0183064905 -4.8024804450 -0.9325273848 
5.2561108646 -1.0168708984 -4.8039007683 -0.9525880176 
5.2644150710 -1.0155752276 -4.8049507312 -0.9726442451 
5.2725748843 -1.0144324826 -4.8056382640 -0.9927071388 
5.2805853168 -1.0134554225 -4.8059701595 -1.0127862044 
5.2884421217 -1.0126563951 -4.8059521890 -1.0328891966 
5.2961418040 -1.0120471507 -4.8055892328 -1.0530219289 
5.3036816158 -1.0116386385 -4.8048854269 -1.0731880728 
5.3110595390 -1.0114407907 -4.8038443217 -1.0933889468 
5.3182742579 -1.0114623023 -4.8024690510 -1.1136233060 
5.3253251241 -1.0117104158 -4.8007625071 -1.1338871505 
5.3322121172 -1.0121907223 -4.7987275193 -1.1541735800 
5.3389358016 -1.0129069922 -4.7963670281 -1.1744727276 
5.3454972808 -1.0138610477 -4.7936842531 -1.1947718039 
5.3518981503 -1.0150526884 -4.7906828463 -1.2150552762 
5.3581404476 -1.0164796786 -4.7873670270 -1.2353051981 
5.3642265984 -1.0181378001 -4.7837416937 -1.2555016852 
5.3701593610 -1.0200209693 -4.7798125096 -1.2756235160 
5.3759417653 -1.0221214126 -4.7755859586 -1.2956488211 
5.3815770510 -1.0244298881 -4.7710693711 -1.3155558112 
5.3870686044 -1.0269359409 -4.7662709201 -1.3353234911 
5.3924198984 -1.0296281747 -4.7611995878 -1.3549323112 
5.3976344374 -1.0324945268 -4.7558651059 -1.3743647155 
5.4027157126 -1.0355225316 -4.7502778721 -1.3936055625 
5.4076671682 -1.0386995651 -4.7444488473 -1.4126424083 
5.4124921827 -1.0420130617 -4.7383894379 -1.4314656551 
5.4171940633 -1.0454507012 -4.7321113682 -1.4500685793 
5.4217760557 -1.0490005648 -4.7256265478 -1.4684472581 
5.4262413643 -1.0526512599 -4.7189469398 -1.4866004156 
5.4305931815 -1.0563920165 -4.7120844339 -1.5045292105 
5.4348347227 -1.0602127563 -4.7050507297 -1.5222369825 
5.4389692621 -1.0641041371 -4.6978572321 -1.5397289728 
5.4430001670 -1.0680575757 -4.6905149630 -1.5570120320 
5.4469309273 -1.0720652507 -4.6830344900 -1.5740943249 
5.4507651776 -1.0761200891 -4.6754258727 -1.5909850396 
5.4545067110 -1.0802157382 -4.6676986264 -1.6076941078 
5.4581594841 -1.0843465277 -4.6598617028 -1.6242319419 
5.4617276132 -1.0885074221 -4.6519234845 -1.6406091927 
5.4652153623 -1.0926939691 -4.6438917932 -1.6568365312 
5.4686271248 -1.0969022449 -4.6357739068 -1.6729244570 
5.4719674001 -1.1011287987 -4.6275765856 -1.6888831342 
5.4752407661 -1.1053705995 -4.6193061034 -1.7047222562 
5.4784518508 -1.1096249854 -4.6109682817 -1.7204509378 
5.4816053024 -1.1138896172 -4.6025685261 -1.7360776339 
5.4847057615 -1.1181624364 -4.5941118623 -1.7516100825 
5.4877578335 -1.1224416284 -4.5856029711 -1.7670552702 
5.4907660649 -1.1267255904 -4.5770462211 -1.7824194169 
5.4937349217 -1.1310129033 -4.5684456996 -1.7977079771 
5.4966687705 -1.1353023082 -4.5598052395 -1.8129256547 
5.4995718637 -1.1395926861 -4.5511284445 -1.8280764303 
5.5024483263 -1.1438830401 -4.5424187107 -1.8431635955 
5.5053021461 -1.1481724805 -4.5336792457 -1.8581897963 
5.5081371659 -1.1524602106 -4.5249130854 -1.8731570793 
5.5109570773 -1.1567455152 -4.5161231087 -1.8880669433 
5.5137654165 -1.1610277491 -4.5073120501 -1.9029203915 
5.5165655609 -1.1653063266 -4.4984825111 -1.9177179864 
5.5193607272 -1.1695807118 -4.4896369697 -1.9324599039 
5.5221539695 -1.1738504097 -4.4807777892 -1.9471459874 
5.5249481794 -1.1781149570 -4.4719072261 -1.9617758005 
5.5277460849 -1.1823739143 -4.4630274363 -1.9763486785 
5.5305502511 -1.1866268587 -4.4541404815 -1.9908637770 
5.5333630810 -1.1908733765 -4.4452483343 -2.0053201189 
5.5361868163 -1.1951130572 -4.4363528831 -2.0197166369 
5.5361868163 -1.1951130572 -4.4363528831 -2.0197166369 
5.5390235391 -1.1993454881 -4.4274559359 -2.0340522143 
5.5418751741 -1.2035702493 -4.4185592239 -2.0483257205 
5.5447434906 -1.2077869100 -4.4096644047 -2.0625360438 
5.5476301060 -1.2119950248 -4.4007730650 -2.0766821195 
5.5505364886 -1.2161941318 -4.3918867223 -2.0907629541 
5.5534639622 -1.2203837502 -4.3830068274 -2.1047776453 
5.5564137095 -1.2245633797 -4.3741347658 -2.1187253979 
5.5593867775 -1.2287324994 -4.3652718585 -2.1326055354 
5.5623840824 -1.2328905682 -4.3564193638 -2.1464175088 
5.5654064147 -1.2370370251 -4.3475784778 -2.1601609007 
5.5684544454 -1.2411712897 -4.3387503356 -2.1738354272 
5.5715287316 -1.2452927641 -4.3299360114 -2.1874409365 
5.5746297228 -1.2494008333 -4.3211365199 -2.2009774045 
5.5777577670 -1.2534948680 -4.3123528166 -2.2144449297 
5.5809131170 -1.2575742252 -4.3035857984 -2.2278437247 
5.5840959370 -1.2616382508 -4.2948363049 -2.2411741075 
5.5873063085 -1.2656862815 -4.2861051186 -2.2544364912 
5.5905442368 -1.2697176463 -4.2773929659 -2.2676313735 
5.5938096570 -1.2737316686 -4.2687005185 -2.2807593249 
5.5971024402 -1.2777276681 -4.2600283937 -2.2938209779 
5.6004223987 -1.2817049626 -4.2513771563 -2.3068170157 
5.6037692921 -1.2856628695 -4.2427473190 -2.3197481612 
5.6071428322 -1.2896007075 -4.2341393443 -2.3326151669 
5.6105426883 -1.2935177979 -4.2255536456 -2.3454188050 
5.6139684918 -1.2974134663 -4.2169905884 -2.3581598586 
5.6174198408 -1.3012870436 -4.2084504924 -2.3708391136 
5.6208963040 -1.3051378668 -4.1999336323 -2.3834573515 
5.6243974250 -1.3089652806 -4.1914402396 -2.3960153431 
5.6279227256 -1.3127686381 -4.1829705046 -2.4085138429 
5.6314717090 -1.3165473013 -4.1745245774 -2.4209535851 
5.6350438632 -1.3203006420 -4.1661025700 -2.4333352793 
5.6386386633 -1.3240280425 -4.1577045575 -2.4456596081 
5.6422555746 -1.3277288962 -4.1493305801 -2.4579272252 
5.6458940540 -1.3314026076 -4.1409806446 -2.4701387534 
5.6495535527 -1.3350485933 -4.1326547259 -2.4822947846 
5.6532335178 -1.3386662818 -4.1243527686 -2.4943958791 
5.6569333935 -1.3422551144 -4.1160746886 -2.5064425665 
5.6606526232 -1.3458145448 -4.1078203745 -2.5184353459 
5.6643906501 -1.3493440399 -4.0995896892 -2.5303746874 
5.6681469183 -1.3528430795 -4.0913824713 -2.5422610337 
5.6719208743 -1.3563111568 -4.0831985363 -2.5540948013 
5.6757119670 -1.3597477784 -4.0750376779 -2.5658763828 
5.6795196490 -1.3631524647 -4.0668996697 -2.5776061487 
5.6833433768 -1.3665247494 -4.0587842661 -2.5892844494 
5.6871826113 -1.3698641801 -4.0506912032 -2.6009116177 
5.6910368184 -1.3731703185 -4.0426202005 -2.6124879702 
5.6949054693 -1.3764427398 -4.0345709617 -2.6240138101 
5.6987880405 -1.3796810336 -4.0265431757 -2.6354894287 
5.7026840144 -1.3828848031 -4.0185365175 -2.6469151075 
5.7065928791 -1.3860536660 -4.0105506495 -2.6582911202 
5.7105141291 -1.3891872538 -4.0025852219 -2.6696177340 
5.7144472647 -1.3922852123 -3.9946398740 -2.6808952112 
5.7183917928 -1.3953472014 -3.9867142346 -2.6921238112 
5.7223472264 -1.3983728952 -3.9788079231 -2.7033037910 
5.7263130850 -1.4013619820 -3.9709205501 -2.7144354068 
5.7302888947 -1.4043141641 -3.9630517179 -2.7255189149 
5.7342741881 -1.4072291581 -3.9552010218 -2.7365545724 
5.7382685042 -1.4101066946 -3.9473680498 -2.7475426382 
5.7422713888 -1.4129465182 -3.9395523840 -2.7584833733 
5.7462823943 -1.4157483875 -3.9317536006 -2.7693770413 
5.7503010798 -1.4185120752 -3.9239712711 -2.7802239089 
5.7543270111 -1.4212373674 -3.9162049619 -2.7910242461 
5.7583597608 -1.4239240644 -3.9084542359 -2.8017783261 
5.7623989083 -1.4265719798 -3.9007186518 -2.8124864255 
5.7664440398 -1.4291809409 -3.8929977656 -2.8231488242 
5.7704947486 -1.4317507882 -3.8852911302 -2.8337658055 
5.7745506346 -1.4342813755 -3.8775982965 -2.8443376557 
5.7786113049 -1.4367725695 -3.8699188131 -2.8548646636 
5.7826763738 -1.4392242501 -3.8622522273 -2.8653471208 
5.7867454623 -1.4416363096 -3.8545980851 -2.8757853210 
5.7908181987 -1.4440086528 -3.8469559315 -2.8861795597 
5.7948942185 -1.4463411969 -3.8393253110 -2.8965301337 
5.7989731644 -1.4486338711 -3.8317057677 -2.9068373409 
5.8030546862 -1.4508866165 -3.8240968459 -2.9171014798 
5.8071384412 -1.4530993857 -3.8164980900 -2.9273228489 
5.8112240938 -1.4552721425 -3.8089090448 -2.9375017465 
5.8153113159 -1.4574048620 -3.8013292562 -2.9476384701 
5.8193997867 -1.4594975301 -3.7937582708 -2.9577333160 
5.8234891928 -1.4615501431 -3.7861956364 -2.9677865789 
5.8275792282 -1.4635627075 -3.7786409022 -2.9777985514 
5.8316695942 -1.4655352399 -3.7710936190 -2.9877695238 
5.8357599999 -1.4674677664 -3.7635533393 -2.9976997832 
5.8398501612 -1.4693603225 -3.7560196175 -3.0075896139 
5.8439398021 -1.4712129528 -3.7484920098 -3.0174392963 
5.8480286534 -1.4730257105 -3.7409700749 -3.0272491069 
5.8521164536 -1.4747986573 -3.7334533735 -3.0370193181 
5.8562029484 -1.4765318628 -3.7259414686 -3.0467501974 
5.8602878910 -1.4782254046 -3.7184339260 -3.0564420077 
5.8643710416 -1.4798793675 -3.7109303137 -3.0660950067 
5.8684521678 -1.4814938437 -3.7034302024 -3.0757094467 
5.8725310443 -1.4830689317 -3.6959331656 -3.0852855745 
5.8766074528 -1.4846047370 -3.6884387793 -3.0948236311 
5.8806811822 -1.4861013707 -3.6809466225 -3.1043238513 
5.8847520282 -1.4875589500 -3.6734562766 -3.1137864641 
5.8888197934 -1.4889775975 -3.6659673263 -3.1232116921 
5.8928842870 -1.4903574409 -3.6584793587 -3.1325997514 
5.8969453252 -1.4916986128 -3.6509919640 -3.1419508517 
5.9010027305 -1.4930012500 -3.6435047350 -3.1512651963 
5.9050563318 -1.4942654938 -3.6360172674 -3.1605429816 
5.9050563318 -1.4942654938 -3.6360172674 -3.1605429816 
5.9091059646 -1.4954914893 -3.6285291597 -3.1697843975 
5.9131514701 -1.4966793850 -3.6210400132 -3.1789896271 
5.9171926962 -1.4978293328 -3.6135494317 -3.1881588469 
5.9212294961 -1.4989414875 -3.6060570220 -3.1972922266 
5.9252617292 -1.5000160065 -3.5985623931 -3.2063899293 
5.9292892603 -1.5010530496 -3.5910651571 -3.2154521113 
5.9333119599 -1.5020527789 -3.5835649282 -3.2244789225 
5.9373297035 -1.5030153579 -3.5760613232 -3.2334705061 
5.9413423721 -1.5039409521 -3.5685539613 -3.2424269989 
5.9453498515 -1.5048297279 -3.5610424641 -3.2513485314 
5.9493520323 -1.5056818529 -3.5535264553 -3.2602352277 
5.9533488097 -1.5064974957 -3.5460055608 -3.2690872059 
5.9573400837 -1.5072768251 -3.5384794087 -3.2779045779 
5.9613257581 -1.5080200105 -3.5309476289 -3.2866874500 
5.9653057413 -1.5087272213 -3.5234098534 -3.2954359224 
5.9692799451 -1.5093986268 -3.5158657160 -3.3041500900 
5.9732482856 -1.5100343961 -3.5083148520 -3.3128300421 
5.9772106819 -1.5106346977 -3.5007568987 -3.3214758629 
5.9811670569 -1.5111996996 -3.4931914946 -3.3300876315 
5.9851173364 -1.5117295688 -3.4856182798 -3.3386654221 
5.9890614493 -1.5122244715 -3.4780368959 -3.3472093041 
5.9929993271 -1.5126845725 -3.4704469854 -3.3557193428 
5.9969309043 -1.5131100355 -3.4628481923 -3.3641955989 
6.0008561172 -1.5135010227 -3.4552401613 -3.3726381291 
6.0047749049 -1.5138576949 -3.4476225382 -3.3810469865 
6.0086872081 -1.5141802112 -3.4399949698 -3.3894222204 
6.0125929696 -1.5144687287 -3.4323571035 -3.3977638768 
6.0164921337 -1.5147234031 -3.4247085872 -3.4060719986 
6.0203846462 -1.5149443876 -3.4170490695 -3.4143466257 
6.0242704542 -1.5151318340 -3.4093781996 -3.4225877954 
6.0281495057 -1.5152858917 -3.4016956266 -3.4307955427 
6.0320217500 -1.5154067079 -3.3940010003 -3.4389699002 
6.0358871368 -1.5154944277 -3.3862939704 -3.4471108987 
6.0397456165 -1.5155491942 -3.3785741868 -3.4552185673 
6.0435971398 -1.5155711479 -3.3708412991 -3.4632929335 
6.0474416579 -1.5155604274 -3.3630949570 -3.4713340236 
6.0512791217 -1.5155171686 -3.3553348100 -3.4793418632 
6.0551094821 -1.5154415054 -3.3475605072 -3.4873164768 
6.0589326900 -1.5153335694 -3.3397716972 -3.4952578884 
6.0627486957 -1.5151934898 -3.3319680282 -3.5031661220 
6.0665574488 -1.5150213936 -3.3241491481 -3.5110412012 
6.0703588985 -1.5148174054 -3.3163147037 -3.5188831498 
6.0741529929 -1.5145816479 -3.3084643415 -3.5266919922 
6.0779396792 -1.5143142412 -3.3005977068 -3.5344677531 
6.0817189037 -1.5140153035 -3.2927144445 -3.5422104581 
6.0854906111 -1.5136849509 -3.2848141983 -3.5499201338 
6.0892547449 -1.5133232973 -3.2768966108 -3.5575968078 
6.0930112473 -1.5129304547 -3.2689613240 -3.5652405093 
6.0967600585 -1.5125065330 -3.2610079783 -3.5728512688 
6.1005011174 -1.5120516404 -3.2530362133 -3.5804291186 
6.1042343607 -1.5115658832 -3.2450456673 -3.5879740929 
6.1079597235 -1.5110493658 -3.2370359774 -3.5954862279 
6.1116771386 -1.5105021911 -3.2290067794 -3.6029655620 
6.1153865368 -1.5099244603 -3.2209577078 -3.6104121359 
6.1190878467 -1.5093162732 -3.2128883957 -3.6178259927 
6.1227809945 -1.5086777280 -3.2047984752 -3.6252071781 
6.1264659041 -1.5080089216 -3.1966875766 -3.6325557405 
6.1301424968 -1.5073099496 -3.1885553291 -3.6398717312 
6.1338106915 -1.5065809064 -3.1804013605 -3.6471552044 
6.1374704043 -1.5058218854 -3.1722252972 -3.6544062171 
6.1411215487 -1.5050329790 -3.1640267643 -3.6616248296 
6.1447640353 -1.5042142786 -3.1558053856 -3.6688111054 
6.1483977718 -1.5033658748 -3.1475607834 -3.6759651110 
6.1520226633 -1.5024878575 -3.1392925791 -3.6830869165 
6.1556386116 -1.5015803162 -3.1310003925 -3.6901765952 
6.1592455154 -1.5006433396 -3.1226838424 -3.6972342239 
6.1628432706 -1.4996770160 -3.1143425464 -3.7042598826 
6.1664317696 -1.4986814338 -3.1059761212 -3.7112536553 
6.1700109019 -1.4976566807 -3.0975841823 -3.7182156290 
6.1735805533 -1.4966028446 -3.0891663444 -3.7251458945 
6.1771406066 -1.4955200134 -3.0807222215 -3.7320445461 
6.1806909412 -1.4944082751 -3.0722514266 -3.7389116818 
6.1842314327 -1.4932677179 -3.0637535723 -3.7457474029 
6.1877619536 -1.4920984303 -3.0552282707 -3.7525518146 
6.1912823727 -1.4909005015 -3.0466751336 -3.7593250253 
6.1947925551 -1.4896740210 -3.0380937724 -3.7660671473 
6.1982923624 -1.4884190792 -3.0294837985 -3.7727782961 
6.2017816523 -1.4871357670 -3.0208448237 -3.7794585909 
6.2052602791 -1.4858241767 -3.0121764597 -3.7861081545 
6.2087280929 -1.4844844011 -3.0034783187 -3.7927271128 
6.2121849401 -1.4831165346 -2.9947500139 -3.7993155955 
6.2156306633 -1.4817206726 -2.9859911590 -3.8058737353 
6.2190651011 -1.4802969120 -2.9772013690 -3.8124016685 
6.2224880880 -1.4788453513 -2.9683802603 -3.8188995347 
6.2258994545 -1.4773660904 -2.9595274507 -3.8253674766 
6.2292990271 -1.4758592311 -2.9506425600 -3.8318056402 
6.2326866281 -1.4743248773 -2.9417252101 -3.8382141744 
6.2360620755 -1.4727631346 -2.9327750254 -3.8445932316 
6.2394251833 -1.4711741109 -2.9237916330 -3.8509429669 
6.2427757609 -1.4695579164 -2.9147746632 -3.8572635385 
6.2461136136 -1.4679146638 -2.9057237495 -3.8635551075 
6.2494385421 -1.4662444682 -2.8966385295 -3.8698178378 
6.2527503430 -1.4645474475 -2.8875186446 -3.8760518962 
6.2560488081 -1.4628237224 -2.8783637413 -3.8822574520 
6.2593337247 -1.4610734166 -2.8691734705 -3.8884346774 
6.2626048757 -1.4592966570 -2.8599474890 -3.8945837471 
6.2658620393 -1.4574935738 -2.8506854593 -3.9007048384 
6.2691049889 -1.4556643005 -2.8413870501 -3.9067981309 
6.2723334934 -1.4538089743 -2.8320519373 -3.9128638068 
6.2723334934 -1.4538089743 -2.8320519373 -3.9128638068 
6.2755473169 -1.4519277361 -2.8226798039 -3.9189020505 
6.2787462186 -1.4500207307 -2.8132703410 -3.9249130488 
6.2819299529 -1.4480881071 -2.8038232480 -3.9308969907 
6.2850982695 -1.4461300185 -2.7943382335 -3.9368540672 
6.2882509130 -1.4441466223 -2.7848150157 -3.9427844717 
6.2913876234 -1.4421380808 -2.7752533231 -3.9486883993 
6.2945081353 -1.4401045609 -2.7656528951 -3.9545660474 
6.2976121788 -1.4380462344 -2.7560134829 -3.9604176151 
6.3006994787 -1.4359632783 -2.7463348499 -3.9662433035 
6.3037697551 -1.4338558750 -2.7366167726 -3.9720433156 
6.3068227227 -1.4317242121 -2.7268590413 -3.9778178558 
6.3098580918 -1.4295684833 -2.7170614609 -3.9835671308 
6.3128755671 -1.4273888878 -2.7072238516 -3.9892913485 
6.3158748488 -1.4251856312 -2.6973460501 -3.9949907187 
6.3188556320 -1.4229589252 -2.6874279100 -4.0006654526 
6.3218176069 -1.4207089880 -2.6774693028 -4.0063157633 
6.3247604588 -1.4184360446 -2.6674701191 -4.0119418652 
6.3276838682 -1.4161403269 -2.6574302691 -4.0175439740 
6.3305875109 -1.4138220738 -2.6473496841 -4.0231223073 
6.3334710581 -1.4114815317 -2.6372283167 -4.0286770839 
6.3363341761 -1.4091189544 -2.6270661428 -4.0342085240 
6.3391765271 -1.4067346038 -2.6168631618 -4.0397168493 
6.3419977687 -1.4043287494 -2.6066193980 -4.0452022827 
6.3447975543 -1.4019016691 -2.5963349019 -4.0506650488 
6.3475755331 -1.3994536494 -2.5860097508 -4.0561053732 
6.3503313506 -1.3969849853 -2.5756440504 -4.0615234831 
6.3530646482 -1.3944959808 -2.5652379357 -4.0669196069 
6.3557750641 -1.3919869489 -2.5547915721 -4.0722939743 
6.3584622327 -1.3894582123 -2.5443051570 -4.0776468166 
6.3611257858 -1.3869101029 -2.5337789204 -4.0829783661 
6.3637653518 -1.3843429626 -2.5232131266 -4.0882888567 
6.3663805570 -1.3817571434 -2.5126080752 -4.0935785236 
6.3689710250 -1.3791530075 -2.5019641023 -4.0988476033 
6.3715363777 -1.3765309276 -2.4912815821 -4.1040963337 
6.3740762354 -1.3738912871 -2.4805609274 -4.1093249542 
6.3765902171 -1.3712344804 -2.4698025916 -4.1145337054 
6.3790779408 -1.3685609129 -2.4590070695 -4.1197228296 
6.3815390244 -1.3658710013 -2.4481748988 -4.1248925704 
6.3839730858 -1.3631651740 -2.4373066610 -4.1300431727 
6.3863797433 -1.3604438709 -2.4264029828 -4.1351748832 
6.3887586164 -1.3577075440 -2.4154645374 -4.1402879499 
6.3911093262 -1.3549566571 -2.4044920451 -4.1453826224 
6.3934314959 -1.3521916863 -2.3934862753 -4.1504591517 
6.3957247515 -1.3494131203 -2.3824480466 -4.1555177904 
6.3979887226 -1.3466214598 -2.3713782289 -4.1605587927 
6.4002230428 -1.3438172184 -2.3602777433 -4.1655824143 
6.4024273504 -1.3410009224 -2.3491475638 -4.1705889125 
6.4046012894 -1.3381731107 -2.3379887179 -4.1755785459 
6.4067445098 -1.3353343352 -2.3268022875 -4.1805515750 
6.4088566690 -1.3324851607 -2.3155894095 -4.1855082615 
6.4109374320 -1.3296261646 -2.3043512766 -4.1904488687 
6.4129864727 -1.3267579374 -2.2930891378 -4.1953736612 
6.4150034744 -1.3238810826 -2.2818042987 -4.2002829051 
6.4169881311 -1.3209962163 -2.2704981221 -4.2051768678 
6.4189401479 -1.3181039674 -2.2591720283 -4.2100558177 
6.4208592423 -1.3152049773 -2.2478274949 -4.2149200246 
6.4227451451 -1.3122999000 -2.2364660571 -4.2197697592 
6.4245976012 -1.3093894017 -2.2250893073 -4.2246052929 
6.4264163707 -1.3064741607 -2.2136988952 -4.2294268982 
6.4282012299 -1.3035548671 -2.2022965271 -4.2342348477 
6.4299519721 -1.3006322226 -2.1908839652 -4.2390294148 
6.4316684089 -1.2977069399 -2.1794630274 -4.2438108726 
6.4333503707 -1.2947797428 -2.1680355856 -4.2485794946 
6.4349977082 -1.2918513652 -2.1566035655 -4.2533355533 
6.4366102931 -1.2889225514 -2.1451689448 -4.2580793212 
6.4381880189 -1.2859940548 -2.1337337516 -4.2628110693 
6.4397308021 -1.2830666378 -2.1223000636 -4.2675310675 
6.4412385830 -1.2801410714 -2.1108700053 -4.2722395838 
6.4427113265 -1.2772181340 -2.0994457467 -4.2769368844 
6.4441490228 -1.2742986113 -2.0880295011 -4.2816232325 
6.4455516885 -1.2713832952 -2.0766235223 -4.2862988885 
6.4469193672 -1.2684729831 -2.0652301024 -4.2909641091 
6.4482521301 -1.2655684773 -2.0538515692 -4.2956191470 
6.4495500765 -1.2626705839 -2.0424902828 -4.3002642503 
6.4508133347 -1.2597801120 -2.0311486330 -4.3048996617 
6.4520420621 -1.2568978729 -2.0198290360 -4.3095256181 
6.4532364459 -1.2540246787 -2.0085339308 -4.3141423498 
6.4543967034 -1.2511613417 -1.9972657756 -4.3187500799 
6.4555230818 -1.2483086734 -1.9860270446 -4.3233490239 
6.4566158591 -1.2454674830 -1.9748202236 -4.3279393882 
6.4576753433 -1.2426385766 -1.9636478065 -4.3325213703 
6.4587018730 -1.2398227559 -1.9525122910 -4.3370951573 
6.4596958171 -1.2370208172 -1.9414161748 -4.3416609257 
6.4606575743 -1.2342335501 -1.9303619509 -4.3462188402 
6.4615875732 -1.2314617362 -1.9193521040 -4.3507690534 
6.4624862712 -1.2287061484 -1.9083891058 -4.3553117044 
6.4633541546 -1.2259675488 -1.8974754108 -4.3598469188 
6.4641917375 -1.2232466884 -1.8866134520 -4.3643748073 
6.4649995613 -1.2205443053 -1.8758056367 -4.3688954653 
6.4657781935 -1.2178611235 -1.8650543422 -4.3734089722 
6.4665282271 -1.2151978522 -1.8543619115 -4.3779153906 
6.4672502791 -1.2125551841 -1.8437306497 -4.3824147658 
6.4679449899 -1.2099337945 -1.8331628190 -4.3869071250 
6.4686130215 -1.2073343401 -1.8226606359 -4.3913924769 
6.4692550565 -1.2047574578 -1.8122262666 -4.3958708109 
6.4698717963 -1.2022037641 -1.8018618237 -4.4003420972 
6.4704639603 -1.1996738535 -1.7915693629 -4.4048062858 
6.4710322836 -1.1971682979 -1.7813508790 -4.4092633064 
6.4715775158 -1.1946876455 -1.7712083037 -4.4137130682 
6.4715775158 -1.1946876455 -1.7712083037 -4.4137130682 
6.4721004193 -1.1922324202 -1.7611435019 -4.4181554594 
6.4726017675 -1.1898031206 -1.7511582695 -4.4225903475 
6.4730823433 -1.1874002193 -1.7412543306 -4.4270175786 
6.4735429368 -1.1850241621 -1.7314333353 -4.4314369783 
6.4739843443 -1.1826753680 -1.7216968577 -4.4358483507 
6.4744073657 -1.1803542277 -1.7120463943 -4.4402514796 
6.4748128035 -1.1780611041 -1.7024833619 -4.4446461279 
6.4752014605 -1.1757963313 -1.6930090969 -4.4490320386 
6.4755741380 -1.1735602147 -1.6836248538 -4.4534089347 
6.4759316346 -1.1713530303 -1.6743318046 -4.4577765200 
6.4762747440 -1.1691750253 -1.6651310381 -4.4621344794 
6.4766042535 -1.1670264172 -1.6560235594 -4.4664824797 
6.4769209425 -1.1649073944 -1.6470102903 -4.4708201704 
6.4772255807 -1.1628181160 -1.6380920687 -4.4751471840 
6.4775189271 -1.1607587120 -1.6292696493 -4.4794631374 
6.4778017279 -1.1587292836 -1.6205437043 -4.4837676324 
6.4780747158 -1.1567299037 -1.6119148237 -4.4880602567 
6.4783386082 -1.1547606165 -1.6033835162 -4.4923405849 
6.4785941063 -1.1528214391 -1.5949502109 -4.4966081797 
6.4788418941 -1.1509123608 -1.5866152578 -4.5008625924 
6.4790826369 -1.1490333446 -1.5783789297 -4.5051033648 
6.4793169809 -1.1471843271 -1.5702414234 -4.5093300295 
6.4795455521 -1.1453652197 -1.5622028617 -4.5135421117 
6.4797689554 -1.1435759090 -1.5542632952 -4.5177391297 
6.4799877742 -1.1418162575 -1.5464227037 -4.5219205966 
6.4802025697 -1.1400861047 -1.5386809989 -4.5260860211 
6.4804138804 -1.1383852676 -1.5310380261 -4.5302349090 
6.4806222218 -1.1367135416 -1.5234935664 -4.5343667637 
6.4808280860 -1.1350707017 -1.5160473391 -4.5384810880 
6.4810319414 -1.1334565028 -1.5086990037 -4.5425773849 
6.4812342326 -1.1318706814 -1.5014481625 -4.5466551585 
6.4814353807 -1.1303129559 -1.4942943629 -4.5507139155 
6.4816357827 -1.1287830276 -1.4872370996 -4.5547531658 
6.4818358120 -1.1272805823 -1.4802758171 -4.5587724237 
6.4820358183 -1.1258052905 -1.4734099124 -4.5627712088 
6.4822361282 -1.1243568086 -1.4666387368 -4.5667490471 
6.4824370451 -1.1229347801 -1.4599615988 -4.5707054713 
6.4826388497 -1.1215388363 -1.4533777663 -4.5746400224 
6.4828418005 -1.1201685975 -1.4468864689 -4.5785522500 
6.4830461340 -1.1188236736 -1.4404869003 -4.5824417131 
6.4832520655 -1.1175036652 -1.4341782207 -4.5863079808 
6.4834597893 -1.1162081647 -1.4279595587 -4.5901506332 
6.4836694796 -1.1149367569 -1.4218300140 -4.5939692616 
6.4838812910 -1.1136890199 -1.4157886591 -4.5977634693 
6.4840953589 -1.1124645263 -1.4098345420 -4.6015328720 
6.4843118005 -1.1112628436 -1.4039666875 -4.6052770986 
6.4845307154 -1.1100835351 -1.3981841001 -4.6089957909 
6.4847521863 -1.1089261609 -1.3924857651 -4.6126886048 
6.4849762794 -1.1077902785 -1.3868706513 -4.6163552099 
6.4852030456 -1.1066754434 -1.3813377121 -4.6199952903 
6.4854325212 -1.1055812101 -1.3758858880 -4.6236085447 
6.4856647282 -1.1045071324 -1.3705141079 -4.6271946866 
6.4858996755 -1.1034527646 -1.3652212906 -4.6307534442 
6.4861373594 -1.1024176612 -1.3600063470 -4.6342845610 
6.4863777643 -1.1014013785 -1.3548681812 -4.6377877957 
6.4866208639 -1.1004034743 -1.3498056920 -4.6412629220 
6.4868666211 -1.0994235091 -1.3448177743 -4.6447097291 
6.4871149894 -1.0984610461 -1.3399033207 -4.6481280214 
6.4873659134 -1.0975156519 -1.3350612227 -4.6515176186 
6.4876193295 -1.0965868967 -1.3302903717 -4.6548783555 
6.4878751662 -1.0956743550 -1.3255896603 -4.6582100822 
6.4881333454 -1.0947776059 -1.3209579837 -4.6615126636 
6.4883937826 -1.0938962332 -1.3163942402 -4.6647859797 
6.4886563875 -1.0930298262 -1.3118973326 -4.6680299252 
6.4889210648 -1.0921779793 -1.3074661691 -4.6712444095 
6.4891877147 -1.0913402930 -1.3030996640 -4.6744293563 
6.4894562333 -1.0905163736 -1.2987967388 -4.6775847037 
6.4897265134 -1.0897058337 -1.2945563227 -4.6807104037 
6.4899984447 -1.0889082925 -1.2903773534 -4.6838064223 
6.4902719145 -1.0881233755 -1.2862587779 -4.6868727390 
6.4905468081 -1.0873507152 -1.2821995532 -4.6899093466 
6.4908230091 -1.0865899510 -1.2781986464 -4.6929162512 
6.4911004001 -1.0858407291 -1.2742550360 -4.6958934714 
6.4913788628 -1.0851027030 -1.2703677115 -4.6988410388 
6.4916582784 -1.0843755334 -1.2665356746 -4.7017589969 
6.4919385282 -1.0836588881 -1.2627579395 -4.7046474016 
6.4922194935 -1.0829524425 -1.2590335326 -4.7075063201 
6.4925010565 -1.0822558792 -1.2553614938 -4.7103358315 
6.4927830999 -1.0815688880 -1.2517408762 -4.7131360256 
6.4930655075 -1.0808911662 -1.2481707463 -4.7159070033 
6.4933481647 -1.0802224187 -1.2446501847 -4.7186488760 
6.4936309579 -1.0795623574 -1.2411782859 -4.7213617653 
6.4939137758 -1.0789107018 -1.2377541585 -4.7240458027 
6.4941965087 -1.0782671785 -1.2343769258 -4.7267011293 
6.4944790489 -1.0776315215 -1.2310457250 -4.7293278954 
6.4947612912 -1.0770034718 -1.2277597083 -4.7319262606 
6.4950431326 -1.0763827779 -1.2245180422 -4.7344963928 
6.4953244725 -1.0757691949 -1.2213199080 -4.7370384685 
6.4956052129 -1.0751624852 -1.2181645016 -4.7395526722 
6.4958852587 -1.0745624180 -1.2150510335 -4.7420391961 
6.4961645173 -1.0739687695 -1.2119787288 -4.7444982399 
6.4964428989 -1.0733813222 -1.2089468273 -4.7469300102 
6.4967203167 -1.0727998657 -1.2059545832 -4.7493347208 
6.4969966866 -1.0722241959 -1.2030012651 -4.7517125916 
6.4972719277 -1.0716541150 -1.2000861560 -4.7540638492 
6.4975459618 -1.0710894319 -1.1972085532 -4.7563887255 
6.4978187138 -1.0705299613 -1.1943677680 -4.7586874586 
6.4980901115 -1.0699755241 -1.1915631258 -4.7609602916 
6.4983600856 -1.0694259474 -1.1887939658 -4.7632074727 
6.4983600856 -1.0694259474 -1.1887939658 -4.7632074727 
6.4986285701 -1.0688810640 -1.1860596408 -4.7654292548 
6.4988955014 -1.0683407122 -1.1833595173 -4.7676258954 
6.4991608192 -1.0678047363 -1.1806929750 -4.7697976561 
6.4994244659 -1.0672729859 -1.1780594069 -4.7719448023 
6.4996863869 -1.0667453161 -1.1754582190 -4.7740676032 
6.4999465303 -1.0662215870 -1.1728888300 -4.7761663314 
6.5002048468 -1.0657016641 -1.1703506714 -4.7782412624 
6.5004612902 -1.0651854178 -1.1678431869 -4.7802926747 
6.5007158166 -1.0646727234 -1.1653658326 -4.7823208493 
6.5009683850 -1.0641634610 -1.1629180764 -4.7843260696 
6.5012189566 -1.0636575152 -1.1604993982 -4.7863086211 
6.5014674955 -1.0631547753 -1.1581092893 -4.7882687912 
6.5017139679 -1.0626551349 -1.1557472525 -4.7902068687 
6.5019583426 -1.0621584919 -1.1534128016 -4.7921231440 
6.5022005906 -1.0616647485 -1.1511054615 -4.7940179087 
6.5024406852 -1.0611738107 -1.1488247677 -4.7958914553 
6.5026786017 -1.0606855887 -1.1465702661 -4.7977440768 
6.5029143178 -1.0601999963 -1.1443415130 -4.7995760670 
6.5031478130 -1.0597169512 -1.1421380747 -4.8013877200 
6.5033790688 -1.0592363746 -1.1399595274 -4.8031793299 
6.5036080689 -1.0587581911 -1.1378054568 -4.8049511908 
6.5038347984 -1.0582823290 -1.1356754580 -4.8067035967 
6.5040592445 -1.0578087195 -1.1335691354 -4.8084368408 
6.5042813960 -1.0573372973 -1.1314861022 -4.8101512161 
6.5045012433 -1.0568680000 -1.1294259807 -4.8118470147 
6.5047187784 -1.0564007681 -1.1273884013 -4.8135245275 
6.5049339948 -1.0559355451 -1.1253730030 -4.8151840447 
6.5051468876 -1.0554722774 -1.1233794331 -4.8168258551 
6.5053574531 -1.0550109139 -1.1214073465 -4.8184502461 
6.5055656891 -1.0545514061 -1.1194564062 -4.8200575035 
6.5057715943 -1.0540937081 -1.1175262825 -4.8216479117 
6.5059751691 -1.0536377763 -1.1156166531 -4.8232217530 
6.5061764147 -1.0531835695 -1.1137272031 -4.8247793081 
6.5063753335 -1.0527310488 -1.1118576244 -4.8263208555 
6.5065719290 -1.0522801774 -1.1100076158 -4.8278466716 
6.5067662055 -1.0518309205 -1.1081768828 -4.8293570306 
6.5069581685 -1.0513832455 -1.1063651371 -4.8308522044 
6.5071478240 -1.0509371215 -1.1045720972 -4.8323324624 
6.5073351793 -1.0504925196 -1.1027974871 -4.8337980715 
6.5075202421 -1.0500494127 -1.1010410375 -4.8352492960 
6.5077030209 -1.0496077753 -1.0993024842 -4.8366863977 
6.5078835250 -1.0491675836 -1.0975815692 -4.8381096355 
6.5080617644 -1.0487288154 -1.0958780398 -4.8395192654 
6.5082377494 -1.0482914498 -1.0941916486 -4.8409155408 
6.5084114912 -1.0478554678 -1.0925221536 -4.8422987119 
6.5085830012 -1.0474208512 -1.0908693177 -4.8436690260 
6.5087522917 -1.0469875836 -1.0892329089 -4.8450267275 
6.5089193749 -1.0465556497 -1.0876126998 -4.8463720576 
6.5090842640 -1.0461250352 -1.0860084679 -4.8477052544 
6.5092469720 -1.0456957273 -1.0844199951 -4.8490265529 
6.5094075128 -1.0452677142 -1.0828470678 -4.8503361848 
6.5095659001 -1.0448409849 -1.0812894767 -4.8516343788 
6.5097221482 -1.0444155297 -1.0797470167 -4.8529213601 
6.5098762716 -1.0439913397 -1.0782194867 -4.8541973510 
6.5100282850 -1.0435684071 -1.0767066897 -4.8554625701 
6.5101782033 -1.0431467246 -1.0752084324 -4.8567172331 
6.5103260415 -1.0427262861 -1.0737245254 -4.8579615522 
6.5104718148 -1.0423070860 -1.0722547829 -4.8591957363 
6.5106155387 -1.0418891196 -1.0707990225 -4.8604199912 
6.5107572285 -1.0414723828 -1.0693570656 -4.8616345193 
6.5108968999 -1.0410568722 -1.0679287368 -4.8628395195 
6.5110345684 -1.0406425851 -1.0665138637 -4.8640351877 
6.5111702496 -1.0402295192 -1.0651122776 -4.8652217163 
6.5113039593 -1.0398176730 -1.0637238125 -4.8663992947 
6.5114357131 -1.0394070453 -1.0623483057 -4.8675681088 
6.5115655269 -1.0389976354 -1.0609855972 -4.8687283412 
6.5116934162 -1.0385894433 -1.0596355301 -4.8698801716 
6.5118193967 -1.0381824692 -1.0582979500 -4.8710237761 
6.5119434840 -1.0377767138 -1.0569727056 -4.8721593280 
6.5120656938 -1.0373721781 -1.0556596480 -4.8732869971 
6.5121860414 -1.0369688635 -1.0543586310 -4.8744069503 
6.5123045424 -1.0365667719 -1.0530695106 -4.8755193513 
6.5124212121 -1.0361659052 -1.0517921458 -4.8766243606 
6.5125360656 -1.0357662657 -1.0505263976 -4.8777221359 
6.5126491183 -1.0353678561 -1.0492721294 -4.8788128316 
6.5127603850 -1.0349706792 -1.0480292069 -4.8798965993 
6.5128698808 -1.0345747380 -1.0467974981 -4.8809735875 
6.5129776203 -1.0341800357 -1.0455768731 -4.8820439419 
6.5130836184 -1.0337865759 -1.0443672040 -4.8831078053 
6.5131878894 -1.0333943622 -1.0431683651 -4.8841653174 
6.5132904479 -1.0330033982 -1.0419802328 -4.8852166155 
6.5133913080 -1.0326136878 -1.0408026852 -4.8862618337 
6.5134904838 -1.0322252352 -1.0396356025 -4.8873011036 
6.5135879893 -1.0318380443 -1.0384788667 -4.8883345540 
6.5136838383 -1.0314521195 -1.0373323618 -4.8893623110 
6.5137780445 -1.0310674649 -1.0361959733 -4.8903844981 
6.5138706212 -1.0306840850 -1.0350695887 -4.8914012363 
6.5139615818 -1.0303019842 -1.0339530970 -4.8924126439 
6.5140509395 -1.0299211668 -1.0328463891 -4.8934188368 
6.5141387072 -1.0295416375 -1.0317493574 -4.8944199282 
6.5142248978 -1.0291634007 -1.0306618958 -4.8954160292 
6.5143095239 -1.0287864610 -1.0295839000 -4.8964072481 
6.5143925980 -1.0284108228 -1.0285152671 -4.8973936913 
6.5144741324 -1.0280364908 -1.0274558956 -4.8983754625 
6.5145541393 -1.0276634694 -1.0264056857 -4.8993526634 
6.5146326306 -1.0272917632 -1.0253645388 -4.9003253931 
6.5147096182 -1.0269213766 -1.0243323579 -4.9012937490 
6.5147851137 -1.0265523140 -1.0233090472 -4.9022578259 
6.5148591286 -1.0261845800 -1.0222945124 -4.9032177167 
6.5148591286 -1.0261845800 -1.0222945124 -4.9032177167 
6.5149316743 -1.0258181789 -1.0212886604 -4.9041735121 
6.5150027618 -1.0254531149 -1.0202913995 -4.9051253010 
6.5150724021 -1.0250893924 -1.0193026393 -4.9060731700 
6.5151406062 -1.0247270155 -1.0183222905 -4.9070172040 
6.5152073847 -1.0243659885 -1.0173502650 -4.9079574856 
6.5152727480 -1.0240063153 -1.0163864762 -4.9088940960 
6.5153367066 -1.0236480000 -1.0154308384 -4.9098271141 
6.5153992707 -1.0232910465 -1.0144832671 -4.9107566173 
6.5154604503 -1.0229354587 -1.0135436789 -4.9116826811 
6.5155202553 -1.0225812403 -1.0126119917 -4.9126053792 
6.5155786955 -1.0222283950 -1.0116881243 -4.9135247837 
6.5156357805 -1.0218769264 -1.0107719966 -4.9144409649 
6.5156915197 -1.0215268380 -1.0098635297 -4.9153539917 
6.5157459224 -1.0211781333 -1.0089626455 -4.9162639312 
6.5157989979 -1.0208308155 -1.0080692672 -4.9171708489 
6.5158507552 -1.0204848879 -1.0071833188 -4.9180748089 
6.5159012032 -1.0201403537 -1.0063047252 -4.9189758737 
6.5159503506 -1.0197972157 -1.0054334126 -4.9198741044 
6.5159982061 -1.0194554771 -1.0045693077 -4.9207695606 
6.5160447782 -1.0191151406 -1.0037123386 -4.9216623006 
6.5160900754 -1.0187762089 -1.0028624340 -4.9225523812 
6.5161341057 -1.0184386847 -1.0020195236 -4.9234398578 
6.5161768774 -1.0181025705 -1.0011835381 -4.9243247848 
6.5162183986 -1.0177678687 -1.0003544087 -4.9252072149 
6.5162586770 -1.0174345816 -0.9995320680 -4.9260871999 
6.5162977205 -1.0171027115 -0.9987164490 -4.9269647901 
6.5163355367 -1.0167722605 -0.9979074858 -4.9278400347 
6.5163721332 -1.0164432305 -0.9971051132 -4.9287129819 
6.5164075175 -1.0161156235 -0.9963092667 -4.9295836784 
6.5164416968 -1.0157894412 -0.9955198829 -4.9304521700 
6.5164746784 -1.0154646854 -0.9947368990 -4.9313185015 
6.5165064695 -1.0151413576 -0.9939602529 -4.9321827163 
6.5165370770 -1.0148194594 -0.9931898833 -4.9330448572 
6.5165665079 -1.0144989920 -0.9924257298 -4.9339049655 
6.5165947691 -1.0141799568 -0.9916677325 -4.9347630819 
6.5166218672 -1.0138623550 -0.9909158325 -4.9356192458 
6.5166478089 -1.0135461875 -0.9901699713 -4.9364734960 
6.5166726008 -1.0132314555 -0.9894300914 -4.9373258701 
6.5166962493 -1.0129181598 -0.9886961358 -4.9381764048 
6.5167187608 -1.0126063010 -0.9879680482 -4.9390251360 
6.5167401416 -1.0122958800 -0.9872457731 -4.9398720989 
6.5167603979 -1.0119868973 -0.9865292556 -4.9407173274 
6.5167795359 -1.0116793533 -0.9858184413 -4.9415608551 
6.5167975615 -1.0113732484 -0.9851132767 -4.9424027144 
6.5168144808 -1.0110685830 -0.9844137088 -4.9432429371 
6.5168302996 -1.0107653572 -0.9837196852 -4.9440815542 
6.5168450238 -1.0104635711 -0.9830311543 -4.9449185960 
6.5168586590 -1.0101632247 -0.9823480648 -4.9457540919 
6.5168712111 -1.0098643180 -0.9816703662 -4.9465880708 
6.5168826855 -1.0095668507 -0.9809980087 -4.9474205608 
6.5168930878 -1.0092708226 -0.9803309429 -4.9482515892 
6.5169024235 -1.0089762333 -0.9796691199 -4.9490811829 
6.5169106980 -1.0086830825 -0.9790124917 -4.9499093680 
6.5169179165 -1.0083913695 -0.9783610105 -4.9507361699 
6.5169240845 -1.0081010937 -0.9777146293 -4.9515616136 
6.5169292070 -1.0078122545 -0.9770733015 -4.9523857233 
6.5169332893 -1.0075248511 -0.9764369812 -4.9532085226 
6.5169363364 -1.0072388826 -0.9758056229 -4.9540300347 
6.5169383533 -1.0069543481 -0.9751791815 -4.9548502822 
6.5169393451 -1.0066712466 -0.9745576127 -4.9556692869 
6.5169393167 -1.0063895770 -0.9739408726 -4.9564870705 
6.5169382728 -1.0061093380 -0.9733289178 -4.9573036539 
6.5169362184 -1.0058305285 -0.9727217052 -4.9581190575 
6.5169331582 -1.0055531471 -0.9721191926 -4.9589333012 
6.5169290969 -1.0052771925 -0.9715213379 -4.9597464045 
6.5169240392 -1.0050026631 -0.9709280997 -4.9605583865 
6.5169179897 -1.0047295574 -0.9703394369 -4.9613692657 
6.5169109529 -1.0044578739 -0.9697553091 -4.9621790601 
6.5169029333 -1.0041876108 -0.9691756761 -4.9629877874 
6.5168939355 -1.0039187664 -0.9686004984 -4.9637954649 
6.5168839638 -1.0036513390 -0.9680297367 -4.9646021093 
6.5168730227 -1.0033853265 -0.9674633523 -4.9654077371 
6.5168611164 -1.0031207271 -0.9669013069 -4.9662123642 
6.5168482493 -1.0028575388 -0.9663435626 -4.9670160064 
6.5168344257 -1.0025957595 -0.9657900820 -4.9678186788 
6.5168196496 -1.0023353871 -0.9652408280 -4.9686203962 
6.5168039254 -1.0020764194 -0.9646957641 -4.9694211734 
6.5167872571 -1.0018188541 -0.9641548539 -4.9702210243 
6.5167696489 -1.0015626891 -0.9636180617 -4.9710199628 
6.5167511047 -1.0013079218 -0.9630853521 -4.9718180025 
6.5167316287 -1.0010545500 -0.9625566900 -4.9726151564 
6.5167112247 -1.0008025711 -0.9620320408 -4.9734114375 
6.5166898968 -1.0005519827 -0.9615113703 -4.9742068582 
6.5166676489 -1.0003027821 -0.9609946445 -4.9750014308 
6.5166444848 -1.0000549668 -0.9604818299 -4.9757951672 
6.5166204084 -0.9998085340 -0.9599728935 -4.9765880791 
6.5165954235 -0.9995634812 -0.9594678024 -4.9773801779 
6.5165695338 -0.9993198054 -0.9589665242 -4.9781714746 
6.5165427432 -0.9990775039 -0.9584690268 -4.9789619800 
6.5165150554 -0.9988365738 -0.9579752786 -4.9797517048 
6.5164864739 -0.9985970123 -0.9574852480 -4.9805406592 
6.5164570026 -0.9983588164 -0.9569989042 -4.9813288533 
6.5164266449 -0.9981219830 -0.9565162164 -4.9821162969 
6.5163954045 -0.9978865093 -0.9560371542 -4.9829029996 
6.5163632851 -0.9976523920 -0.9555616876 -4.9836889707 
6.5163302900 -0.9974196281 -0.9550897868 -4.9844742193 
6.5162964228 -0.9971882145 -0.9546214226 -4.9852587544 
6.5162616871 -0.9969581479 -0.9541565657 -4.9860425846 
6.5162260862 -0.9967294252 -0.9536951874 -4.9868257183 
6.5162260862 -0.9967294252 -0.9536951874 -4.9868257183 
6.5161896236 -0.9965020430 -0.9532372593 -4.9876081640 
6.5161523026 -0.9962759981 -0.9527827531 -4.9883899295 
6.5161141268 -0.9960512872 -0.9523316411 -4.9891710228 
6.5160750993 -0.9958279068 -0.9518838956 -4.9899514516 
6.5160352236 -0.9956058536 -0.9514394894 -4.9907312233 
6.5159945030 -0.9953851242 -0.9509983955 -4.9915103453 
6.5159529406 -0.9951657150 -0.9505605871 -4.9922888246 
6.5159105399 -0.9949476227 -0.9501260380 -4.9930666683 
6.5158673040 -0.9947308436 -0.9496947218 -4.9938438832 
6.5158232360 -0.9945153743 -0.9492666128 -4.9946204757 
6.5157783393 -0.9943012110 -0.9488416853 -4.9953964525 
6.5157326170 -0.9940883504 -0.9484199141 -4.9961718197 
6.5156860721 -0.9938767886 -0.9480012740 -4.9969465836 
6.5156387079 -0.9936665221 -0.9475857402 -4.9977207501 
6.5155905274 -0.9934575471 -0.9471732883 -4.9984943251 
6.5155415336 -0.9932498600 -0.9467638938 -4.9992673143 
6.5154917298 -0.9930434570 -0.9463575329 -5.0000397233 
6.5154411188 -0.9928383344 -0.9459541816 -5.0008115574 
6.5153897036 -0.9926344884 -0.9455538164 -5.0015828219 
6.5153374874 -0.9924319151 -0.9451564141 -5.0023535221 
6.5152844730 -0.9922306109 -0.9447619516 -5.0031236630 
6.5152306635 -0.9920305717 -0.9443704059 -5.0038932494 
6.5151760616 -0.9918317938 -0.9439817547 -5.0046622862 
6.5151206704 -0.9916342733 -0.9435959754 -5.0054307780 
6.5150644928 -0.9914380063 -0.9432130459 -5.0061987294 
6.5150075316 -0.9912429888 -0.9428329444 -5.0069661447 
6.5149497897 -0.9910492170 -0.9424556491 -5.0077330285 
6.5148912699 -0.9908566869 -0.9420811387 -5.0084993847 
6.5148319750 -0.9906653944 -0.9417093917 -5.0092652177 
6.5147719079 -0.9904753357 -0.9413403873 -5.0100305313 
6.5147110713 -0.9902865068 -0.9409741045 -5.0107953295 
6.5146494679 -0.9900989035 -0.9406105228 -5.0115596161 
6.5145871007 -0.9899125220 -0.9402496218 -5.0123233949 
6.5145239722 -0.9897273581 -0.9398913813 -5.0130866693 
6.5144600852 -0.9895434078 -0.9395357812 -5.0138494431 
6.5143954424 -0.9893606671 -0.9391828017 -5.0146117195 
6.5143300465 -0.9891791319 -0.9388324234 -5.0153735020 
6.5142639001 -0.9889987980 -0.9384846267 -5.0161347938 
6.5141970060 -0.9888196614 -0.9381393924 -5.0168955981 
6.5141293666 -0.9886417180 -0.9377967016 -5.0176559180 
6.5140609847 -0.9884649636 -0.9374565354 -5.0184157566 
6.5139918629 -0.9882893942 -0.9371188751 -5.0191751167 
6.5139220037 -0.9881150056 -0.9367837022 -5.0199340013 
6.5138514097 -0.9879417937 -0.9364509986 -5.0206924130 
6.5137800835 -0.9877697542 -0.9361207461 -5.0214503548 
6.5137080275 -0.9875988831 -0.9357929267 -5.0222078291 
6.5136352445 -0.9874291762 -0.9354675228 -5.0229648386 
6.5135617367 -0.9872606293 -0.9351445167 -5.0237213859 
6.5134875069 -0.9870932382 -0.9348238910 -5.0244774732 
6.5134125573 -0.9869269988 -0.9345056285 -5.0252331031 
6.5133368906 -0.9867619068 -0.9341897122 -5.0259882778 
6.5132605091 -0.9865979581 -0.9338761250 -5.0267429996 
6.5131834153 -0.9864351485 -0.9335648504 -5.0274972708 
6.5131056116 -0.9862734737 -0.9332558717 -5.0282510933 
6.5130271004 -0.9861129296 -0.9329491724 -5.0290044694 
6.5129478842 -0.9859535120 -0.9326447364 -5.0297574011 
6.5128679653 -0.9857952166 -0.9323425475 -5.0305098902 
6.5127873461 -0.9856380392 -0.9320425898 -5.0312619388 
6.5127060290 -0.9854819756 -0.9317448475 -5.0320135487 
6.5126240162 -0.9853270217 -0.9314493048 -5.0327647217 
6.5125413102 -0.9851731731 -0.9311559464 -5.0335154596 
6.5124579132 -0.9850204257 -0.9308647569 -5.0342657641 
6.5123738276 -0.9848687752 -0.9305757211 -5.0350156368 
6.5122890556 -0.9847182174 -0.9302888239 -5.0357650795 
6.5122035995 -0.9845687481 -0.9300040503 -5.0365140936 
6.5121174617 -0.9844203631 -0.9297213857 -5.0372626808 
6.5120306443 -0.9842730581 -0.9294408154 -5.0380108424 
6.5119431496 -0.9841268289 -0.9291623248 -5.0387585799 
6.5118549798 -0.9839816714 -0.9288858997 -5.0395058949 
6.5117661372 -0.9838375813 -0.9286115257 -5.0402527885 
6.5116766240 -0.9836945543 -0.9283391888 -5.0409992622 
6.5115864423 -0.9835525863 -0.9280688750 -5.0417453172 
6.5114955943 -0.9834116731 -0.9278005705 -5.0424909548 
6.5114040823 -0.9832718104 -0.9275342616 -5.0432361763 
6.5113119083 -0.9831329940 -0.9272699347 -5.0439809827 
6.5112190746 -0.9829952198 -0.9270075763 -5.0447253752 
6.5111255832 -0.9828584836 -0.9267471731 -5.0454693550 
6.5110314363 -0.9827227810 -0.9264887119 -5.0462129231 
6.5109366360 -0.9825881080 -0.9262321797 -5.0469560806 
6.5108411844 -0.9824544604 -0.9259775633 -5.0476988285 
6.5107450836 -0.9823218340 -0.9257248501 -5.0484411678 
6.5106483357 -0.9821902245 -0.9254740273 -5.0491830994 
6.5105509428 -0.9820596279 -0.9252250822 -5.0499246242 
6.5104529069 -0.9819300399 -0.9249780023 -5.0506657432 
6.5103542300 -0.9818014565 -0.9247327754 -5.0514064572 
6.5102549142 -0.9816738733 -0.9244893890 -5.0521467671 
6.5101549616 -0.9815472864 -0.9242478311 -5.0528866737 
6.5100543741 -0.9814216915 -0.9240080896 -5.0536261778 
6.5099531538 -0.9812970845 -0.9237701526 -5.0543652801 
6.5098513026 -0.9811734612 -0.9235340082 -5.0551039813 
6.5097488226 -0.9810508176 -0.9232996446 -5.0558422823 
6.5096457157 -0.9809291495 -0.9230670504 -5.0565801837 
6.5095419839 -0.9808084528 -0.9228362138 -5.0573176861 
6.5094376291 -0.9806887234 -0.9226071237 -5.0580547902 
6.5093326533 -0.9805699572 -0.9223797685 -5.0587914967 
6.5092270585 -0.9804521501 -0.9221541372 -5.0595278061 
6.5091208465 -0.9803352981 -0.9219302186 -5.0602637190 
6.5090140192 -0.9802193969 -0.9217080017 -5.0609992361 
6.5089065787 -0.9801044427 -0.9214874755 -5.0617343577 
6.5089065787 -0.9801044427 -0.9214874755 -5.0617343577 
