-0.6303673598 0.8097619374 0.9594967567 
-0.8193443749 0.5721354522 0.8618722669 
-0.8415319830 0.5964368702 0.8796791356 
-0.8651699659 0.6236021716 0.8997753859 
-0.8897941408 0.6531112846 0.9217808904 
-0.9149114496 0.6843779918 0.9452668668 
-0.9400320650 0.7167825456 0.9697773953 
-0.9646990774 0.7497080043 0.9948536405 
-0.9885119025 0.7825744403 1.0200573158 
-1.0111414644 0.8148665183 1.0449905592 
-1.0323370207 0.8461519954 1.0693104399 
-1.0519257747 0.8760907200 1.0927374473 
-1.0698070789 0.9044352240 1.1150582580 
-1.0859431677 0.9310248468 1.1361237135 
-1.1003481531 0.9557755679 1.1558432549 
-1.1130766484 0.9786675570 1.1741771091 
-1.1242129821 0.9997320632 1.1911273901 
-1.1338615914 1.0190388103 1.2067290451 
-1.1421388905 1.0366846365 1.2210413182 
-1.1491666933 1.0527837696 1.2341401515 
-1.1550671208 1.0674598644 1.2461117422 
-1.1599588429 1.0808397499 1.2570473108 
-1.1639544596 1.0930487294 1.2670390322 
-1.1671588180 1.1042072196 1.2761770126 
-1.1696680700 1.1144284978 1.2845471627 
-1.1715692949 1.1238173345 1.2922298097 
-1.1729405377 1.1324693098 1.2992988940 
-1.1738511386 1.1404706372 1.3058216157 
-1.1743622551 1.1478983523 1.3118584103 
-1.1745274992 1.1548207474 1.3174631585 
-1.1743936319 1.1612979629 1.3226835504 
-1.1740012723 1.1673826645 1.3275615449 
-1.1733855920 1.1731207568 1.3321338772 
-1.1725769741 1.1785520955 1.3364325821 
-1.1716016243 1.1837111744 1.3404855092 
-1.1704821285 1.1886277703 1.3443168143 
-1.1692379536 1.1933275380 1.3479474170 
-1.1678858907 1.1978325488 1.3513954195 
-1.1664404458 1.2021617735 1.3546764847 
-1.1649141786 1.2063315101 1.3578041715 
-1.1633179957 1.2103557603 1.3607902327 
-1.1616614019 1.2142465567 1.3636448738 
-1.1599527144 1.2180142471 1.3663769786 
-1.1581992448 1.2216677400 1.3689943042 
-1.1564074521 1.2252147138 1.3715036479 
-1.1545830721 1.2286617970 1.3739109899 
-1.1527312251 1.2320147210 1.3762216157 
-1.1508565064 1.2352784497 1.3784402188 
-1.1489630617 1.2384572900 1.3805709882 
-1.1470546491 1.2415549842 1.3826176827 
-1.1451346918 1.2445747896 1.3845836931 
-1.1432063208 1.2475195441 1.3864720943 
-1.1412724109 1.2503917229 1.3882856903 
-1.1393356108 1.2531934855 1.3900270506 
-1.1373983678 1.2559267164 1.3916985424 
-1.1354629488 1.2585930586 1.3933023567 
-1.1335314578 1.2611939429 1.3948405309 
-1.1316058508 1.2637306128 1.3963149681 
-1.1296879485 1.2662041454 1.3977274532 
-1.1277794476 1.2686154700 1.3990796670 
-1.1258819298 1.2709653839 1.4003731986 
-1.1239968710 1.2732545667 1.4016095557 
-1.1221256484 1.2754835921 1.4027901744 
-1.1202695475 1.2776529396 1.4039164271 
-1.1184297691 1.2797630039 1.4049896307 
-1.1166074343 1.2818141040 1.4060110534 
-1.1148035913 1.2838064922 1.4069819209 
-1.1130192203 1.2857403610 1.4079034233 
-1.1112552390 1.2876158513 1.4087767206 
-1.1095125080 1.2894330590 1.4096029491 
-1.1077918360 1.2911920421 1.4103832266 
-1.1060939852 1.2928928274 1.4111186592 
-1.1044196765 1.2945354173 1.4118103466 
-1.1027695948 1.2961197962 1.4124593887 
-1.1011443945 1.2976459377 1.4130668923 
-1.0995447053 1.2991138111 1.4136339776 
-1.0979711377 1.3005233891 1.4141617855 
-1.0964242889 1.3018746548 1.4146514854 
-1.0949047486 1.3031676095 1.4151042833 
-1.0934131060 1.3044022810 1.4155214305 
-1.0919499552 1.3055787324 1.4159042329 
-1.0905159029 1.3066970706 1.4162540613 
-1.0891115746 1.3077574567 1.4165723618 
-1.0877376225 1.3087601164 1.4168606679 
-1.0863947327 1.3097053505 1.4171206126 
-1.0850836334 1.3105935476 1.4173539420 
-1.0838051029 1.3114251967 1.4175625300 
-1.0825599789 1.3122009009 1.4177483936 
-1.0813491674 1.3129213923 1.4179137094 
-1.0801736526 1.3135875481 1.4180608322 
-1.0790345070 1.3142004079 1.4181923133 
-1.0779329024 1.3147611918 1.4183109214 
-1.0768701215 1.3152713202 1.4184196644 
-1.0758475697 1.3157324352 1.4185218118 
-1.0748667882 1.3161464227 1.4186209200 
-1.0739294675 1.3165154364 1.4187208570 
-1.0730374617 1.3168419234 1.4188258302 
-1.0721928035 1.3171286506 1.4189404136 
-1.0713977201 1.3173787329 1.4190695777 
-1.0706546501 1.3175956627 1.4192187187 
-1.0706546501 1.3175956627 1.4192187187 
-1.0699662608 1.3177833402 1.4193936902 
-1.0693354667 1.3179461053 1.4196008336 
-1.0687654486 1.3180887697 1.4198470100 
-1.0682596738 1.3182166505 1.4201396315 
-1.0678219163 1.3183356032 1.4204866920 
-1.0674562789 1.3184520557 1.4208967970 
-1.0671672147 1.3185730413 1.4213791926 
-1.0669595504 1.3187062317 1.4219437924 
-1.0668385089 1.3188599691 1.4226012012 
-1.0668097337 1.3190432958 1.4233627376 
-1.0668793125 1.3192659836 1.4242404515 
-1.0670538019 1.3195385598 1.4252471383 
-1.0673402521 1.3198723312 1.4263963489 
-1.0677462320 1.3202794048 1.4277023941 
-1.0682798544 1.3207727057 1.4291803439 
-1.0689498011 1.3213659913 1.4308460214 
-1.0697653496 1.3220738615 1.4327159893 
-1.0707363983 1.3229117663 1.4348075321 
-1.0718734943 1.3238960089 1.4371386298 
-1.0731878603 1.3250437457 1.4397279269 
-1.0746914240 1.3263729843 1.4425946943 
-1.0763968478 1.3279025773 1.4457587853 
-1.0783175617 1.3296522163 1.4492405858 
-1.0804677971 1.3316424238 1.4530609602 
-1.0828626255 1.3338945452 1.4572411914 
-1.0855179987 1.3364307430 1.4618029184 
-1.0884507954 1.3392739918 1.4667680698 
-1.0916788708 1.3424480780 1.4721587958 
-1.0952211126 1.3459776031 1.4779973993 
-1.0990975028 1.3498879934 1.4843062671 
-1.1033291838 1.3542055149 1.4911078019 
-1.1079385314 1.3589572955 1.4984243574 
-1.1129492310 1.3641713525 1.5062781764 
-1.1183863559 1.3698766257 1.5146913331 
-1.1242764452 1.3761030129 1.5236856805 
-1.1306475760 1.3828814054 1.5332828021 
-1.1375294238 1.3902437175 1.5435039677 
-1.1449533040 1.3982229047 1.5543700913 
-1.1529521835 1.4068529627 1.5659016876 
-1.1615606517 1.4161688950 1.5781188229 
-1.1708148386 1.4262066409 1.5910410534 
-1.1807522679 1.4370029490 1.6046873430 
-1.1914116373 1.4485951836 1.6190759483 
-1.2028325203 1.4610210527 1.6342242612 
-1.2150549951 1.4743182462 1.6501485929 
-1.2281192175 1.4885239794 1.6668638879 
-1.2420649657 1.5036744404 1.6843833550 
-1.2569312030 1.5198041492 1.7027180068 
-1.2727557087 1.5369452440 1.7218761024 
-1.2895748340 1.5551267172 1.7418624981 
-1.3074234246 1.5743736323 1.7626779118 
-1.3263349280 1.5947063502 1.7843181196 
-1.3463416594 1.6161397938 1.8067731015 
-1.3674751547 1.6386827650 1.8300261552 
-1.3897664892 1.6623373072 1.8540529917 
-1.4132464191 1.6870980831 1.8788208175 
-1.4379452173 1.7129516993 1.9042873967 
-1.4638921585 1.7398758712 1.9304000761 
-1.4911147667 1.7678382714 1.9570947488 
-1.5196381522 1.7967948460 1.9842947262 
-1.5494849450 1.8266873185 2.0119094904 
-1.5806762577 1.8574395630 2.0398333046 
-1.6132334687 1.8889525821 2.0679436910 
-1.6471791803 1.9210980770 2.0960998426 
-1.6825337924 1.9537111295 2.1241411334 
-1.7193029754 1.9865832617 2.1518859904 
-1.7574526857 2.0194578616 2.1791315031 
-1.7968730260 2.0520302811 2.2056543398 
-1.8373385359 2.0839545941 2.2312138840 
-1.8784769084 2.1148580146 2.2555588467 
-1.9197580095 2.1443625142 2.2784384859 
-1.9605105787 2.1721115610 2.2996186065 
-1.9999672699 2.1977984981 2.3189008720 
-2.0373320150 2.2211922567 2.3361423339 
-2.0718584756 2.2421561607 2.3512712518 
-2.1029256013 2.2606566489 2.3642956791 
-2.1300968193 2.2767606427 2.3753028074 
-2.1531532270 2.2906224816 2.3844491507 
-2.1720972452 2.3024631567 2.3919435678 
-2.1871295323 2.3125455358 2.3980263009 
-2.1986066368 2.3211492897 2.4029474596 
-2.2069888960 2.3285485427 2.4069478486 
-2.2127875872 2.3349942286 2.4102440670 
-2.2165181803 2.3407020468 2.4130187425 
-2.2186637605 2.3458460063 2.4154158512 
-2.2196501064 2.3505568943 2.4175404397 
-2.2198319554 2.3549246373 2.4194617201 
-2.2194887783 2.3590033888 2.4212184093 
-2.2188278340 2.3628182182 2.4228252597 
-2.2179921967 2.3663724271 2.4242798976 
-2.2170716686 2.3696547254 2.4255693063 
-2.2161148579 2.3726457152 2.4266755011 
-2.2151411102 2.3753233354 2.4275801393 
-2.2141513707 2.3776670960 2.4282679624 
-2.2131373995 2.3796610682 2.4287290913 
-2.2120890441 2.3812957055 2.4289602774 
-2.2109994987 2.3825686410 2.4289652705 
-2.2098686491 2.3834846539 2.4287544907 
-2.2087047243 2.3840550134 2.4283442043 
-2.2087047243 2.3840550134 2.4283442043 
-2.2075245511 2.3842964115 2.4277553925 
-2.2063527451 2.3842296775 2.4270124845 
-2.2052201760 2.3838784366 2.4261420975 
-2.2041620229 2.3832678450 2.4251718938 
-2.2032156887 2.3824234890 2.4241296290 
-2.2024187940 2.3813705034 2.4230424352 
-2.2018074046 2.3801329290 2.4219363496 
-2.2014145938 2.3787333030 2.4208360804 
-2.2012693838 2.3771924552 2.4197649786 
-2.2013960718 2.3755294722 2.4187451777 
-2.2018139107 2.3737617858 2.4177978552 
-2.2025370968 2.3719053424 2.4169435713 
-2.2035750032 2.3699748144 2.4162026415 
-2.2049325956 2.3679838223 2.4155955084 
-2.2066109716 2.3659451428 2.4151430813 
-2.2086079677 2.3638708889 2.4148670237 
-2.2109187927 2.3617726503 2.4147899722 
-2.2135366511 2.3596615943 2.4149356804 
-2.2164533314 2.3575485254 2.4153290839 
-2.2196597430 2.3554439093 2.4159962902 
-2.2231463921 2.3533578675 2.4169644981 
-2.2269037915 2.3513001497 2.4182618582 
-2.2309228059 2.3492800913 2.4199172839 
-2.2351949354 2.3473065653 2.4219602240 
-2.2397125431 2.3453879345 2.4244204103 
-2.2444690328 2.3435320124 2.4273275871 
-2.2494589840 2.3417460363 2.4307112311 
-2.2546782496 2.3400366577 2.4346002653 
-2.2601240211 2.3384099529 2.4390227671 
-2.2657948654 2.3368714519 2.4440056700 
-2.2716907347 2.3354261871 2.4495744520 
-2.2778129489 2.3340787581 2.4557528063 
-2.2841641509 2.3328334074 2.4625622875 
-2.2907482304 2.3316941048 2.4700219257 
-2.2975702135 2.3306646320 2.4781478075 
-2.3046361114 2.3297486631 2.4869526195 
-2.3119527247 2.3289498341 2.4964451607 
-2.3195273943 2.3282717952 2.5066298291 
-2.3273676940 2.3277182412 2.5175060984 
-2.3354810579 2.3272929134 2.5290680014 
-2.3438743388 2.3269995702 2.5413036472 
-2.3525532947 2.3268419245 2.5541947986 
-2.3615220063 2.3268235449 2.5677165441 
-2.3707822337 2.3269477240 2.5818370970 
-2.3803327293 2.3272173161 2.5965177529 
-2.3901685317 2.3276345513 2.6117130348 
-2.4002802781 2.3282008333 2.6273710425 
-2.4106535795 2.3289165345 2.6434340154 
-2.4212685133 2.3297807983 2.6598391030 
-2.4320992871 2.3307913649 2.6765193197 
-2.4431141269 2.3319444322 2.6934046493 
-2.4542754300 2.3332345660 2.7104232510 
-2.4655402033 2.3346546653 2.7275027074 
-2.4768607870 2.3361959914 2.7445712598 
-2.4881858321 2.3378482580 2.7615589697 
-2.4994614810 2.3395997800 2.7783987638 
-2.5106326750 2.3414376719 2.7950273234 
-2.5216445081 2.3433480841 2.8113858011 
-2.5324435406 2.3453164640 2.8274203550 
-2.5429790003 2.3473278274 2.8430825079 
-2.5532038101 2.3493670282 2.8583293462 
-2.5630754063 2.3514190149 2.8731235769 
-2.5725563276 2.3534690649 2.8874334691 
-2.5816145785 2.3555029916 2.9012326998 
-2.5902237810 2.3575073199 2.9145001280 
-2.5983631436 2.3594694301 2.9272195147 
-2.6060172778 2.3613776687 2.9393792054 
-2.6131758979 2.3632214307 2.9509717874 
-2.6198334363 2.3649912125 2.9619937338 
-2.6259886042 2.3666786412 2.9724450421 
-2.6316439256 2.3682764814 2.9823288738 
-2.6368052625 2.3697786243 2.9916512029 
-2.6414813518 2.3711800598 3.0004204757 
-2.6456833630 2.3724768367 3.0086472872 
-2.6494244871 2.3736660122 3.0163440766 
-2.6527195612 2.3747455937 3.0235248438 
-2.6555847308 2.3757144738 3.0302048883 
-2.6580371514 2.3765723622 3.0364005716 
-2.6600947262 2.3773197145 3.0421291026 
-2.6617758799 2.3779576601 3.0474083447 
-2.6630993632 2.3784879302 3.0522566448 
-2.6640840865 2.3789127864 3.0566926819 
-2.6647489772 2.3792349516 3.0607353327 
-2.6651128600 2.3794575434 3.0644035551 
-2.6651943542 2.3795840097 3.0677162841 
-2.6650117868 2.3796180686 3.0706923414 
-2.6645831194 2.3795636519 3.0733503560 
-2.6639258847 2.3794248516 3.0757086933 
-2.6630571342 2.3792058715 3.0777853936 
-2.6619933926 2.3789109824 3.0795981174 
-2.6607506203 2.3785444817 3.0811640971 
-2.6593441816 2.3781106568 3.0825000951 
-2.6577888195 2.3776137534 3.0836223665 
-2.6560986349 2.3770579463 3.0845466277 
-2.6542870714 2.3764473160 3.0852880289 
-2.6523669048 2.3757858272 3.0858611324 
-2.6503502367 2.3750773119 3.0862798940 
-2.6482484926 2.3743254552 3.0865576499 
-2.6460724236 2.3735337847 3.0867071067 
-2.6460724236 2.3735337847 3.0867071067 
-2.6438321122 2.3727056623 3.0867403367 
-2.6415369811 2.3718442787 3.0866687758 
-2.6391958055 2.3709526501 3.0865032262 
-2.6368167281 2.3700336178 3.0862538616 
-2.6344072764 2.3690898480 3.0859302371 
-2.6319743829 2.3681238354 3.0855413002 
-2.6295244067 2.3671379062 3.0850954065 
-2.6270631570 2.3661342233 3.0846003363 
-2.6245959176 2.3651147926 3.0840633147 
-2.6221274733 2.3640814695 3.0834910321 
-2.6196621359 2.3630359661 3.0828896680 
-2.6172037718 2.3619798592 3.0822649140 
-2.6147558291 2.3609145984 3.0816220000 
-2.6123213651 2.3598415138 3.0809657189 
-2.6099030733 2.3587618250 3.0803004532 
-2.6075033101 2.3576766482 3.0796302013 
-2.6051241212 2.3565870051 3.0789586031 
-2.6027672668 2.3554938300 3.0782889661 
-2.6004342462 2.3543979774 3.0776242907 
-2.5981263209 2.3533002292 3.0769672945 
-2.5958445376 2.3522013008 3.0763204362 
-2.5935897491 2.3511018483 3.0756859379 
-2.5913626342 2.3500024734 3.0750658074 
-2.5891637169 2.3489037295 3.0744618582 
-2.5869933836 2.3478061260 3.0738757288 
-2.5848518994 2.3467101337 3.0733089010 
-2.5827394231 2.3456161883 3.0727627164 
-2.5806560210 2.3445246943 3.0722383920 
-2.5786016799 2.3434360284 3.0717370343 
-2.5765763177 2.3423505427 3.0712596523 
-2.5745797945 2.3412685671 3.0708071693 
-2.5726119219 2.3401904119 3.0703804331 
-2.5706724707 2.3391163695 3.0699802260 
-2.5687611792 2.3380467169 3.0696072727 
-2.5668777593 2.3369817167 3.0692622479 
-2.5650219022 2.3359216186 3.0689457824 
-2.5631932840 2.3348666607 3.0686584690 
-2.5613915697 2.3338170705 3.0684008668 
-2.5596164170 2.3327730657 3.0681735057 
-2.5578674801 2.3317348549 3.0679768891 
-2.5561444120 2.3307026385 3.0678114968 
-2.5544468670 2.3296766085 3.0676777875 
-2.5527745029 2.3286569499 3.0675761996 
-2.5511269826 2.3276438403 3.0675071533 
-2.5495039751 2.3266374506 3.0674710506 
-2.5479051574 2.3256379452 3.0674682766 
-2.5463302147 2.3246454819 3.0674991990 
-2.5447788414 2.3236602127 3.0675641683 
-2.5432507418 2.3226822836 3.0676635180 
-2.5417456303 2.3217118348 3.0677975635 
-2.5402632319 2.3207490006 3.0679666023 
-2.5388032825 2.3197939104 3.0681709129 
-2.5373655289 2.3188466877 3.0684107542 
-2.5359497289 2.3179074512 3.0686863653 
-2.5345556518 2.3169763144 3.0689979641 
-2.5331830780 2.3160533861 3.0693457470 
-2.5318317992 2.3151387702 3.0697298881 
-2.5305016185 2.3142325664 3.0701505385 
-2.5291923504 2.3133348697 3.0706078255 
-2.5279038206 2.3124457712 3.0711018524 
-2.5266358663 2.3115653581 3.0716326974 
-2.5253883361 2.3106937138 3.0722004137 
-2.5241610898 2.3098309182 3.0728050288 
-2.5229539989 2.3089770479 3.0734465439 
-2.5217669462 2.3081321765 3.0741249342 
-2.5205998258 2.3072963748 3.0748401484 
-2.5194525435 2.3064697109 3.0755921084 
-2.5183250166 2.3056522507 3.0763807097 
-2.5172171737 2.3048440581 3.0772058208 
-2.5161289551 2.3040451948 3.0780672840 
-2.5150603127 2.3032557212 3.0789649153 
-2.5140112098 2.3024756962 3.0798985043 
-2.5129816216 2.3017051778 3.0808678150 
-2.5119715346 2.3009442228 3.0818725859 
-2.5109809468 2.3001928875 3.0829125306 
-2.5100098679 2.2994512280 3.0839873382 
-2.5090583191 2.2987192998 3.0850966738 
-2.5081263329 2.2979971589 3.0862401792 
-2.5072139532 2.2972848612 3.0874174736 
-2.5063212353 2.2965824633 3.0886281541 
-2.5054482455 2.2958900224 3.0898717968 
-2.5045950612 2.2952075966 3.0911479572 
-2.5037617706 2.2945352449 3.0924561712 
-2.5029484727 2.2938730279 3.0937959562 
-2.5021552771 2.2932210073 3.0951668115 
-2.5013823037 2.2925792466 3.0965682198 
-2.5006296824 2.2919478109 3.0979996477 
-2.4998975531 2.2913267673 3.0994605467 
-2.4991860653 2.2907161849 3.1009503547 
-2.4984953777 2.2901161350 3.1024684965 
-2.4978256581 2.2895266912 3.1040143850 
-2.4971770830 2.2889479295 3.1055874223 
-2.4965498374 2.2883799284 3.1071870008 
-2.4959441142 2.2878227691 3.1088125040 
-2.4953601138 2.2872765353 3.1104633082 
-2.4947980441 2.2867413138 3.1121387827 
-2.4942581199 2.2862171942 3.1138382918 
-2.4937405624 2.2857042687 3.1155611952 
-2.4932455989 2.2852026329 3.1173068495 
-2.4932455989 2.2852026329 3.1173068495 
-2.4927734622 2.2847123853 3.1190746088 
-2.4923243907 2.2842336274 3.1208638266 
-2.4918986271 2.2837664640 3.1226738559 
-2.4914964189 2.2833110029 3.1245040509 
-2.4911180172 2.2828673550 3.1263537678 
-2.4907636766 2.2824356346 3.1282223660 
-2.4904336548 2.2820159591 3.1301092086 
-2.4901282120 2.2816084491 3.1320136641 
-2.4898476105 2.2812132283 3.1339351068 
-2.4895921144 2.2808304237 3.1358729180 
-2.4893619888 2.2804601654 3.1378264868 
-2.4891574998 2.2801025866 3.1397952110 
-2.4889789137 2.2797578239 3.1417784981 
-2.4888264970 2.2794260165 3.1437757658 
-2.4887005156 2.2791073072 3.1457864430 
-2.4886012345 2.2788018413 3.1478099708 
-2.4885289177 2.2785097674 3.1498458027 
-2.4884838272 2.2782312369 3.1518934055 
-2.4884662235 2.2779664043 3.1539522602 
-2.4884763645 2.2777154265 3.1560218623 
-2.4885145056 2.2774784635 3.1581017223 
-2.4885808992 2.2772556780 3.1601913668 
-2.4886757945 2.2770472351 3.1622903382 
-2.4887994370 2.2768533029 3.1643981958 
-2.4889520686 2.2766740516 3.1665145158 
-2.4891339272 2.2765096542 3.1686388919 
-2.4893452463 2.2763602860 3.1707709355 
-2.4895862550 2.2762261245 3.1729102761 
-2.4898571778 2.2761073496 3.1750565616 
-2.4901582343 2.2760041436 3.1772094581 
-2.4904896392 2.2759166905 3.1793686506 
-2.4908516020 2.2758451769 3.1815338428 
-2.4912443270 2.2757897911 3.1837047573 
-2.4916680133 2.2757507233 3.1858811357 
-2.4921228547 2.2757281659 3.1880627385 
-2.4926090392 2.2757223130 3.1902493450 
-2.4931267497 2.2757333605 3.1924407535 
-2.4936761634 2.2757615059 3.1946367811 
-2.4942574522 2.2758069487 3.1968372634 
-2.4948707823 2.2758698897 3.1990420547 
-2.4955163147 2.2759505316 3.2012510275 
-2.4961942047 2.2760490785 3.2034640723 
-2.4969046027 2.2761657360 3.2056810976 
-2.4976476533 2.2763007111 3.2079020294 
-2.4984234965 2.2764542125 3.2101268111 
-2.4992322669 2.2766264501 3.2123554030 
-2.5000740942 2.2768176352 3.2145877819 
-2.5009491034 2.2770279805 3.2168239412 
-2.5018574148 2.2772577001 3.2190638900 
-2.5027991442 2.2775070093 3.2213076530 
-2.5037744031 2.2777761248 3.2235552699 
-2.5047832987 2.2780652645 3.2258067954 
-2.5058259343 2.2783746476 3.2280622980 
-2.5069024094 2.2787044948 3.2303218605 
-2.5080128198 2.2790550277 3.2325855787 
-2.5091572581 2.2794264695 3.2348535616 
-2.5103358134 2.2798190446 3.2371259306 
-2.5115485721 2.2802329786 3.2394028188 
-2.5127956176 2.2806684984 3.2416843711 
-2.5140770309 2.2811258324 3.2439707433 
-2.5153928905 2.2816052101 3.2462621019 
-2.5167432730 2.2821068625 3.2485586232 
-2.5181282529 2.2826310219 3.2508604932 
-2.5195479031 2.2831779220 3.2531679072 
-2.5210022952 2.2837477979 3.2554810687 
-2.5224914993 2.2843408861 3.2578001897 
-2.5240155847 2.2849574246 3.2601254898 
-2.5255746200 2.2855976529 3.2624571956 
-2.5271686730 2.2862618118 3.2647955407 
-2.5287978113 2.2869501438 3.2671407648 
-2.5304621025 2.2876628930 3.2694931135 
-2.5321616140 2.2884003050 3.2718528377 
-2.5338964138 2.2891626269 3.2742201933 
-2.5356665702 2.2899501077 3.2765954406 
-2.5374721522 2.2907629977 3.2789788441 
-2.5393132298 2.2916015490 3.2813706718 
-2.5411898740 2.2924660156 3.2837711949 
-2.5431021570 2.2933566530 3.2861806875 
-2.5450501526 2.2942737184 3.2885994260 
-2.5470339362 2.2952174708 3.2910276890 
-2.5490535847 2.2961881710 3.2934657564 
-2.5511091772 2.2971860814 3.2959139096 
-2.5532007948 2.2982114664 3.2983724306 
-2.5553285208 2.2992645918 3.3008416020 
-2.5574924409 2.3003457255 3.3033217066 
-2.5596926432 2.3014551370 3.3058130267 
-2.5619292186 2.3025930975 3.3083158441 
-2.5642022604 2.3037598798 3.3108304397 
-2.5665118651 2.3049557588 3.3133570928 
-2.5688581319 2.3061810105 3.3158960814 
-2.5712411630 2.3074359128 3.3184476811 
-2.5736610638 2.3087207453 3.3210121654 
-2.5761179429 2.3100357887 3.3235898051 
-2.5786119119 2.3113813256 3.3261808677 
-2.5811430859 2.3127576398 3.3287856176 
-2.5837115833 2.3141650162 3.3314043153 
-2.5863175258 2.3156037412 3.3340372176 
-2.5889610385 2.3170741022 3.3366845764 
-2.5916422500 2.3185763878 3.3393466393 
-2.5916422500 2.3185763878 3.3393466393 
-2.5943612921 2.3201108872 3.3420236487 
-2.5971183003 2.3216778906 3.3447158416 
-2.5999134133 2.3232776888 3.3474234493 
-2.6027467733 2.3249105730 3.3501466970 
-2.6056185256 2.3265768348 3.3528858036 
-2.6085288190 2.3282767661 3.3556409810 
-2.6114778056 2.3300106585 3.3584124342 
-2.6144656405 2.3317788036 3.3612003605 
-2.6174924820 2.3335814925 3.3640049495 
-2.6205584913 2.3354190155 3.3668263826 
-2.6236638326 2.3372916621 3.3696648325 
-2.6268086729 2.3391997207 3.3725204629 
-2.6299931818 2.3411434781 3.3753934281 
-2.6332175314 2.3431232195 3.3782838729 
-2.6364818961 2.3451392281 3.3811919315 
-2.6397864528 2.3471917844 3.3841177278 
-2.6431313800 2.3492811666 3.3870613746 
-2.6465168585 2.3514076496 3.3900229733 
-2.6499430702 2.3535715049 3.3930026133 
-2.6534101987 2.3557730002 3.3960003718 
-2.6569184289 2.3580123990 3.3990163133 
-2.6604679461 2.3602899598 3.4020504888 
-2.6640589368 2.3626059364 3.4051029358 
-2.6676915875 2.3649605765 3.4081736776 
-2.6713660848 2.3673541221 3.4112627228 
-2.6750826151 2.3697868083 3.4143700649 
-2.6788413642 2.3722588631 3.4174956816 
-2.6826425167 2.3747705068 3.4206395347 
-2.6864862563 2.3773219513 3.4238015691 
-2.6903727645 2.3799133996 3.4269817127 
-2.6943022211 2.3825450453 3.4301798757 
-2.6982748031 2.3852170717 3.4333959499 
-2.7022906845 2.3879296514 3.4366298087 
-2.7063500360 2.3906829453 3.4398813060 
-2.7104530243 2.3934771023 3.4431502761 
-2.7145998115 2.3963122583 3.4464365330 
-2.7187905548 2.3991885355 3.4497398697 
-2.7230254062 2.4021060418 3.4530600583 
-2.7273045112 2.4050648698 3.4563968488 
-2.7316280090 2.4080650965 3.4597499691 
-2.7359960313 2.4111067816 3.4631191243 
-2.7404087021 2.4141899678 3.4665039963 
-2.7448661369 2.4173146791 3.4699042432 
-2.7493684420 2.4204809206 3.4733194993 
-2.7539157140 2.4236886770 3.4767493743 
-2.7585080389 2.4269379126 3.4801934530 
-2.7631454914 2.4302285697 3.4836512949 
-2.7678281345 2.4335605682 3.4871224343 
-2.7725560183 2.4369338047 3.4906063794 
-2.7773291797 2.4403481515 3.4941026125 
-2.7821476413 2.4438034559 3.4976105896 
-2.7870114107 2.4472995396 3.5011297402 
-2.7919204797 2.4508361974 3.5046594675 
-2.7968748238 2.4544131968 3.5081991478 
-2.8018744009 2.4580302774 3.5117481311 
-2.8069191509 2.4616871496 3.5153057407 
-2.8120089945 2.4653834945 3.5188712735 
-2.8171438330 2.4691189628 3.5224440001 
-2.8223235466 2.4728931744 3.5260231652 
-2.8275479943 2.4767057178 3.5296079878 
-2.8328170131 2.4805561496 3.5331976615 
-2.8381304164 2.4844439937 3.5367913552 
-2.8434879943 2.4883687414 3.5403882135 
-2.8488895120 2.4923298505 3.5439873575 
-2.8543347093 2.4963267454 3.5475878850 
-2.8598233000 2.5003588166 3.5511888722 
-2.8653549709 2.5044254208 3.5547893737 
-2.8709293813 2.5085258804 3.5583884241 
-2.8765461623 2.5126594841 3.5619850388 
-2.8822049160 2.5168254862 3.5655782151 
-2.8879052153 2.5210231075 3.5691669336 
-2.8936466027 2.5252515351 3.5727501594 
-2.8994285905 2.5295099231 3.5763268439 
-2.9052506596 2.5337973926 3.5798959256 
-2.9111122596 2.5381130327 3.5834563322 
-2.9170128085 2.5424559008 3.5870069824 
-2.9229516917 2.5468250236 3.5905467870 
-2.9289282626 2.5512193978 3.5940746513 
-2.9349418417 2.5556379911 3.5975894766 
-2.9409917169 2.5600797433 3.6010901623 
-2.9470771435 2.5645435675 3.6045756078 
-2.9531973437 2.5690283510 3.6080447145 
-2.9593515072 2.5735329570 3.6114963880 
-2.9655387912 2.5780562261 3.6149295398 
-2.9717583208 2.5825969775 3.6183430898 
-2.9780091888 2.5871540108 3.6217359682 
-2.9842904569 2.5917261078 3.6251071177 
-2.9906011554 2.5963120340 3.6284554953 
-2.9969402844 2.6009105405 3.6317800750 
-3.0033068141 2.6055203662 3.6350798490 
-3.0096996858 2.6101402394 3.6383538306 
-3.0161178123 2.6147688797 3.6416010555 
-3.0225600795 2.6194050005 3.6448205840 
-3.0290253466 2.6240473106 3.6480115028 
-3.0355124477 2.6286945167 3.6511729268 
-3.0420201927 2.6333453251 3.6543040009 
-3.0485473689 2.6379984439 3.6574039011 
-3.0550927417 2.6426525852 3.6604718369 
-3.0616550563 2.6473064672 3.6635070517 
-3.0616550563 2.6473064672 3.6635070517 
-3.0682330391 2.6519588161 3.6665088248 
-3.0748253992 2.6566083684 3.6694764723 
-3.0814308299 2.6612538723 3.6724093483 
-3.0880480101 2.6658940903 3.6753068455 
-3.0946756063 2.6705278008 3.6781683964 
-3.1013122740 2.6751537998 3.6809934738 
-3.1079566592 2.6797709027 3.6837815911 
-3.1146074009 2.6843779460 3.6865323033 
-3.1212631317 2.6889737891 3.6892452067 
-3.1279224808 2.6935573152 3.6919199391 
-3.1345840747 2.6981274333 3.6945561803 
-3.1412465398 2.7026830793 3.6971536514 
-3.1479085036 2.7072232169 3.6997121149 
-3.1545685967 2.7117468392 3.7022313743 
-3.1612254546 2.7162529694 3.7047112734 
-3.1678777195 2.7207406615 3.7071516961 
-3.1745240416 2.7252090016 3.7095525652 
-3.1811630813 2.7296571080 3.7119138423 
-3.1877935105 2.7340841322 3.7142355261 
-3.1944140142 2.7384892592 3.7165176520 
-3.2010232924 2.7428717076 3.7187602911 
-3.2076200610 2.7472307303 3.7209635486 
-3.2142030538 2.7515656145 3.7231275630 
-3.2207710238 2.7558756814 3.7252525046 
-3.2273227441 2.7601602868 3.7273385747 
-3.2338570097 2.7644188204 3.7293860035 
-3.2403726384 2.7686507060 3.7313950495 
-3.2468684720 2.7728554011 3.7333659975 
-3.2533433772 2.7770323963 3.7352991575 
-3.2597962470 2.7811812152 3.7371948632 
-3.2662260011 2.7853014139 3.7390534707 
-3.2726315871 2.7893925803 3.7408753568 
-3.2790119811 2.7934543334 3.7426609177 
-3.2853661884 2.7974863230 3.7444105675 
-3.2916932441 2.8014882287 3.7461247370 
-3.2979922138 2.8054597592 3.7478038721 
-3.3042621938 2.8094006518 3.7494484325 
-3.3105023115 2.8133106712 3.7510588904 
-3.3167117261 2.8171896090 3.7526357291 
-3.3228896283 2.8210372828 3.7541794420 
-3.3290352410 2.8248535351 3.7556905309 
-3.3351478189 2.8286382328 3.7571695053 
-3.3412266492 2.8323912660 3.7586168810 
-3.3472710508 2.8361125472 3.7600331792 
-3.3532803750 2.8398020107 3.7614189251 
-3.3592540048 2.8434596113 3.7627746472 
-3.3651913551 2.8470853235 3.7641008764 
-3.3710918721 2.8506791409 3.7653981447 
-3.3769550335 2.8542410751 3.7666669848 
-3.3827803478 2.8577711549 3.7679079290 
-3.3885673541 2.8612694255 3.7691215088 
-3.3943156216 2.8647359475 3.7703082536 
-3.4000247493 2.8681707964 3.7714686907 
-3.4056943656 2.8715740617 3.7726033441 
-3.4113241272 2.8749458458 3.7737127344 
-3.4169137196 2.8782862639 3.7747973780 
-3.4224628555 2.8815954425 3.7758577868 
-3.4279712750 2.8848735195 3.7768944676 
-3.4334387446 2.8881206429 3.7779079218 
-3.4388650566 2.8913369703 3.7788986451 
-3.4442500286 2.8945226686 3.7798671270 
-3.4495935030 2.8976779128 3.7808138507 
-3.4548953459 2.9008028860 3.7817392926 
-3.4601554467 2.9038977784 3.7826439226 
-3.4653737177 2.9069627870 3.7835282031 
-3.4705500930 2.9099981149 3.7843925898 
-3.4756845278 2.9130039710 3.7852375306 
-3.4807769981 2.9159805694 3.7860634663 
-3.4858274998 2.9189281290 3.7868708300 
-3.4908360479 2.9218468730 3.7876600472 
-3.4958026763 2.9247370287 3.7884315359 
-3.5007274365 2.9275988266 3.7891857062 
-3.5056103972 2.9304325007 3.7899229609 
-3.5104516439 2.9332382876 3.7906436946 
-3.5152512779 2.9360164267 3.7913482949 
-3.5200094158 2.9387671592 3.7920371412 
-3.5247261888 2.9414907284 3.7927106057 
-3.5294017422 2.9441873791 3.7933690529 
-3.5340362346 2.9468573575 3.7940128400 
-3.5386298376 2.9495009108 3.7946423167 
-3.5431827349 2.9521182872 3.7952578255 
-3.5476951217 2.9547097353 3.7958597017 
-3.5521672044 2.9572755042 3.7964482733 
-3.5565992000 2.9598158432 3.7970238617 
-3.5609913353 2.9623310017 3.7975867809 
-3.5653438466 2.9648212288 3.7981373385 
-3.5696569791 2.9672867736 3.7986758352 
-3.5739309864 2.9697278843 3.7992025651 
-3.5781661301 2.9721448088 3.7997178158 
-3.5823626791 2.9745377942 3.8002218688 
-3.5865209095 2.9769070869 3.8007149991 
-3.5906411036 2.9792529319 3.8011974756 
-3.5947235501 2.9815755736 3.8016695612 
-3.5987685432 2.9838752549 3.8021315130 
-3.6027763824 2.9861522176 3.8025835821 
-3.6067473720 2.9884067022 3.8030260142 
-3.6106818208 2.9906389475 3.8034590491 
-3.6145800418 2.9928491910 3.8038829215 
-3.6184423515 2.9950376687 3.8042978605 
-3.6184423515 2.9950376687 3.8042978605 
-3.6222690699 2.9972046148 3.8047040900 
-3.6260605200 2.9993502619 3.8051018289 
-3.6298170277 3.0014748409 3.8054912909 
-3.6335389210 3.0035785807 3.8058726849 
-3.6372265302 3.0056617086 3.8062462150 
-3.6408801873 3.0077244500 3.8066120804 
-3.6445002260 3.0097670282 3.8069704759 
-3.6480869811 3.0117896650 3.8073215916 
-3.6516407884 3.0137925797 3.8076656132 
-3.6551619845 3.0157759899 3.8080027222 
-3.6586509066 3.0177401113 3.8083330957 
-3.6621078919 3.0196851574 3.8086569067 
-3.6655332780 3.0216113396 3.8089743242 
-3.6689274021 3.0235188673 3.8092855129 
-3.6722906013 3.0254079480 3.8095906341 
-3.6756232119 3.0272787869 3.8098898449 
-3.6789255697 3.0291315872 3.8101832988 
-3.6821980096 3.0309665500 3.8104711456 
-3.6854408651 3.0327838742 3.8107535316 
-3.6886544690 3.0345837569 3.8110305995 
-3.6918391524 3.0363663927 3.8113024886 
-3.6949952450 3.0381319744 3.8115693350 
-3.6981230748 3.0398806926 3.8118312712 
-3.7012229682 3.0416127358 3.8120884268 
-3.7042952494 3.0433282905 3.8123409281 
-3.7073402410 3.0450275408 3.8125888984 
-3.7103582631 3.0467106692 3.8128324579 
-3.7133496339 3.0483778558 3.8130717241 
-3.7163146691 3.0500292787 3.8133068112 
-3.7192536822 3.0516651140 3.8135378311 
-3.7221669840 3.0532855358 3.8137648925 
-3.7250548830 3.0548907161 3.8139881018 
-3.7279176848 3.0564808248 3.8142075625 
-3.7307556925 3.0580560301 3.8144233757 
-3.7335692065 3.0596164978 3.8146356399 
-3.7363585243 3.0611623921 3.8148444512 
-3.7391239405 3.0626938750 3.8150499033 
-3.7418657470 3.0642111066 3.8152520876 
-3.7445842324 3.0657142452 3.8154510931 
-3.7472796828 3.0672034470 3.8156470068 
-3.7499523808 3.0686788664 3.8158399132 
-3.7526026064 3.0701406560 3.8160298950 
-3.7552306362 3.0715889663 3.8162170327 
-3.7578367438 3.0730239461 3.8164014047 
-3.7604211999 3.0744457425 3.8165830875 
-3.7629842717 3.0758545005 3.8167621557 
-3.7655262234 3.0772503636 3.8169386820 
-3.7680473164 3.0786334732 3.8171127373 
-3.7705478083 3.0800039692 3.8172843905 
-3.7730279541 3.0813619896 3.8174537091 
-3.7754880054 3.0827076709 3.8176207586 
-3.7779282106 3.0840411476 3.8177856031 
-3.7803488151 3.0853625527 3.8179483049 
-3.7827500609 3.0866720175 3.8181089247 
-3.7851321872 3.0879696716 3.8182675219 
-3.7874954297 3.0892556430 3.8184241541 
-3.7898400213 3.0905300582 3.8185788776 
-3.7921661916 3.0917930419 3.8187317474 
-3.7944741672 3.0930447173 3.8188828168 
-3.7967641715 3.0942852061 3.8190321381 
-3.7990364250 3.0955146285 3.8191797619 
-3.8012911450 3.0967331029 3.8193257380 
-3.8035285460 3.0979407467 3.8194701145 
-3.8057488393 3.0991376753 3.8196129385 
-3.8079522334 3.1003240029 3.8197542559 
-3.8101389337 3.1014998422 3.8198941115 
-3.8123091428 3.1026653046 3.8200325489 
-3.8144630603 3.1038204998 3.8201696106 
-3.8166008830 3.1049655364 3.8203053380 
-3.8187228050 3.1061005214 3.8204397717 
-3.8208290173 3.1072255606 3.8205729509 
-3.8229197083 3.1083407584 3.8207049142 
-3.8249950638 3.1094462179 3.8208356989 
-3.8270552665 3.1105420408 3.8209653418 
-3.8291004968 3.1116283277 3.8210938784 
-3.8311309321 3.1127051776 3.8212213434 
-3.8331467476 3.1137726887 3.8213477708 
-3.8351481155 3.1148309576 3.8214731936 
-3.8371352057 3.1158800798 3.8215976442 
-3.8391081855 3.1169201496 3.8217211539 
-3.8410672196 3.1179512601 3.8218437534 
-3.8430124704 3.1189735033 3.8219654727 
-3.8449440980 3.1199869698 3.8220863410 
-3.8468622597 3.1209917494 3.8222063869 
-3.8487671107 3.1219879305 3.8223256380 
-3.8506588041 3.1229756006 3.8224441215 
-3.8525374902 3.1239548458 3.8225618640 
-3.8544033174 3.1249257516 3.8226788912 
-3.8562564318 3.1258884019 3.8227952284 
-3.8580969773 3.1268428799 3.8229109001 
-3.8599250957 3.1277892677 3.8230259304 
-3.8617409265 3.1287276464 3.8231403428 
-3.8635446073 3.1296580958 3.8232541601 
-3.8653362735 3.1305806952 3.8233674046 
-3.8671160586 3.1314955224 3.8234800982 
-3.8688840941 3.1324026548 3.8235922622 
-3.8706405093 3.1333021683 3.8237039173 
-3.8723854319 3.1341941382 3.8238150838 
-3.8741189874 3.1350786388 3.8239257816 
-3.8741189874 3.1350786388 3.8239257816 
-3.8758412997 3.1359557435 3.8240360301 
-3.8775524906 3.1368255246 3.8241458481 
-3.8792526804 3.1376880538 3.8242552541 
-3.8809419872 3.1385434018 3.8243642661 
-3.8826205278 3.1393916384 3.8244729017 
-3.8842884170 3.1402328326 3.8245811782 
-3.8859457678 3.1410670526 3.8246891123 
-3.8875926920 3.1418943657 3.8247967205 
-3.8892292992 3.1427148383 3.8249040187 
-3.8908556977 3.1435285363 3.8250110228 
-3.8924719943 3.1443355245 3.8251177479 
-3.8940782941 3.1451358670 3.8252242091 
-3.8956747006 3.1459296272 3.8253304210 
-3.8972613158 3.1467168678 3.8254363978 
-3.8988382405 3.1474976505 3.8255421535 
-3.9004055738 3.1482720365 3.8256477018 
-3.9019634133 3.1490400862 3.8257530559 
-3.9035118554 3.1498018593 3.8258582290 
-3.9050509951 3.1505574146 3.8259632337 
-3.9065809260 3.1513068106 3.8260680826 
-3.9081017402 3.1520501047 3.8261727877 
-3.9096135288 3.1527873540 3.8262773610 
-3.9111163814 3.1535186145 3.8263818142 
-3.9126103864 3.1542439420 3.8264861585 
-3.9140956309 3.1549633913 3.8265904052 
-3.9155722010 3.1556770167 3.8266945650 
-3.9170401812 3.1563848720 3.8267986487 
-3.9184996553 3.1570870100 3.8269026665 
-3.9199507056 3.1577834834 3.8270066288 
-3.9213934133 3.1584743438 3.8271105453 
-3.9228278587 3.1591596425 3.8272144258 
-3.9242541207 3.1598394302 3.8273182799 
-3.9256722773 3.1605137569 3.8274221168 
-3.9270824055 3.1611826721 3.8275259457 
-3.9284845810 3.1618462247 3.8276297753 
-3.9298788788 3.1625044631 3.8277336144 
-3.9312653726 3.1631574352 3.8278374715 
-3.9326441354 3.1638051881 3.8279413549 
-3.9340152389 3.1644477687 3.8280452727 
-3.9353787542 3.1650852231 3.8281492330 
-3.9367347511 3.1657175971 3.8282532434 
-3.9380832987 3.1663449359 3.8283573116 
-3.9394244652 3.1669672842 3.8284614451 
-3.9407583178 3.1675846861 3.8285656510 
-3.9420849229 3.1681971853 3.8286699366 
-3.9434043461 3.1688048251 3.8287743088 
-3.9447166518 3.1694076483 3.8288787744 
-3.9460219041 3.1700056970 3.8289833401 
-3.9473201660 3.1705990132 3.8290880124 
-3.9486114995 3.1711876381 3.8291927977 
-3.9498959662 3.1717716126 3.8292977022 
-3.9511736266 3.1723509773 3.8294027320 
-3.9524445408 3.1729257721 3.8295078931 
-3.9537087676 3.1734960366 3.8296131914 
-3.9549663657 3.1740618100 3.8297186325 
-3.9562173925 3.1746231310 3.8298242220 
-3.9574619051 3.1751800379 3.8299299654 
-3.9586999597 3.1757325686 3.8300358681 
-3.9599316117 3.1762807607 3.8301419352 
-3.9611569162 3.1768246513 3.8302481719 
-3.9623759272 3.1773642770 3.8303545831 
-3.9635886982 3.1778996742 3.8304611739 
-3.9647952823 3.1784308787 3.8305679489 
-3.9659957315 3.1789579263 3.8306749128 
-3.9671900976 3.1794808521 3.8307820703 
-3.9683784315 3.1799996908 3.8308894257 
-3.9695607835 3.1805144770 3.8309969835 
-3.9707372036 3.1810252447 3.8311047480 
-3.9719077409 3.1815320277 3.8312127232 
-3.9730724440 3.1820348594 3.8313209134 
-3.9742313610 3.1825337727 3.8314293225 
-3.9753845394 3.1830288006 3.8315379544 
-3.9765320261 3.1835199752 3.8316468130 
-3.9776738675 3.1840073286 3.8317559020 
-3.9788101094 3.1844908926 3.8318652250 
-3.9799407973 3.1849706986 3.8319747857 
-3.9810659759 3.1854467775 3.8320845875 
-3.9821856895 3.1859191602 3.8321946338 
-3.9832999820 3.1863878771 3.8323049279 
-3.9844088966 3.1868529584 3.8324154732 
-3.9855124761 3.1873144339 3.8325262728 
-3.9866107630 3.1877723330 3.8326373299 
-3.9877037990 3.1882266852 3.8327486474 
-3.9887916256 3.1886775192 3.8328602284 
-3.9898742837 3.1891248638 3.8329720757 
-3.9909518138 3.1895687473 3.8330841922 
-3.9920242560 3.1900091979 3.8331965806 
-3.9930916498 3.1904462433 3.8333092438 
-3.9941540344 3.1908799111 3.8334221842 
-3.9952114487 3.1913102286 3.8335354046 
-3.9962639308 3.1917372228 3.8336489074 
-3.9973115188 3.1921609204 3.8337626950 
-3.9983542501 3.1925813479 3.8338767700 
-3.9993921619 3.1929985316 3.8339911346 
-4.0004252909 3.1934124973 3.8341057911 
-4.0014536733 3.1938232709 3.8342207418 
-4.0024773451 3.1942308778 3.8343359888 
-4.0034963420 3.1946353433 3.8344515343 
-4.0045106990 3.1950366923 3.8345673804 
-4.0045106990 3.1950366923 3.8345673804 
-4.0055204510 3.1954349495 3.8346835290 
-4.0065256324 3.1958301396 3.8347999822 
-4.0075262774 3.1962222867 3.8349167419 
-4.0085224197 3.1966114149 3.8350338100 
-4.0095140926 3.1969975481 3.8351511882 
-4.0105013293 3.1973807098 3.8352688785 
-4.0114841625 3.1977609235 3.8353868824 
-4.0124626245 3.1981382122 3.8355052018 
-4.0134367474 3.1985125990 3.8356238383 
-4.0144065629 3.1988841065 3.8357427935 
-4.0153721024 3.1992527573 3.8358620689 
-4.0163333971 3.1996185736 3.8359816662 
-4.0172904777 3.1999815777 3.8361015867 
-4.0182433746 3.2003417912 3.8362218320 
-4.0191921181 3.2006992361 3.8363424034 
-4.0201367381 3.2010539337 3.8364633023 
-4.0210772640 3.2014059054 3.8365845300 
-4.0220137252 3.2017551723 3.8367060880 
-4.0229461507 3.2021017552 3.8368279773 
-4.0238745693 3.2024456749 3.8369501993 
-4.0247990092 3.2027869520 3.8370727551 
-4.0257194988 3.2031256067 3.8371956459 
-4.0266360658 3.2034616593 3.8373188728 
-4.0275487380 3.2037951298 3.8374424370 
-4.0284575426 3.2041260378 3.8375663394 
-4.0293625067 3.2044544031 3.8376905812 
-4.0302636573 3.2047802452 3.8378151632 
-4.0311610208 3.2051035832 3.8379400866 
-4.0320546236 3.2054244364 3.8380653522 
-4.0329444917 3.2057428235 3.8381909609 
-4.0338306510 3.2060587635 3.8383169137 
-4.0347131271 3.2063722749 3.8384432113 
-4.0355919454 3.2066833762 3.8385698547 
-4.0364671308 3.2069920856 3.8386968445 
-4.0373387084 3.2072984212 3.8388241817 
-4.0382067027 3.2076024011 3.8389518669 
-4.0390711383 3.2079040430 3.8390799009 
-4.0399320391 3.2082033646 3.8392082843 
-4.0407894294 3.2085003833 3.8393370179 
-4.0416433327 3.2087951166 3.8394661023 
-4.0424937727 3.2090875816 3.8395955381 
-4.0433407726 3.2093777954 3.8397253260 
-4.0441843556 3.2096657748 3.8398554665 
-4.0450245445 3.2099515367 3.8399859602 
-4.0458613621 3.2102350976 3.8401168076 
-4.0466948308 3.2105164740 3.8402480093 
-4.0475249730 3.2107956823 3.8403795657 
-4.0483518107 3.2110727387 3.8405114773 
-4.0491753658 3.2113476591 3.8406437447 
-4.0499956600 3.2116204596 3.8407763681 
-4.0508127149 3.2118911560 3.8409093482 
-4.0516265516 3.2121597638 3.8410426851 
-4.0524371915 3.2124262986 3.8411763795 
-4.0532446553 3.2126907758 3.8413104315 
-4.0540489639 3.2129532108 3.8414448416 
-4.0548501378 3.2132136185 3.8415796101 
-4.0556481974 3.2134720141 3.8417147372 
-4.0564431630 3.2137284123 3.8418502234 
-4.0572350546 3.2139828281 3.8419860689 
-4.0580238921 3.2142352761 3.8421222739 
-4.0588096951 3.2144857707 3.8422588387 
-4.0595924833 3.2147343264 3.8423957636 
-4.0603722759 3.2149809575 3.8425330487 
-4.0611490922 3.2152256781 3.8426706943 
-4.0619229512 3.2154685023 3.8428087005 
-4.0626938717 3.2157094441 3.8429470676 
-4.0634618726 3.2159485173 3.8430857956 
-4.0642269723 3.2161857356 3.8432248848 
-4.0649891893 3.2164211126 3.8433643353 
-4.0657485417 3.2166546618 3.8435041472 
-4.0665050478 3.2168863967 3.8436443206 
-4.0672587254 3.2171163304 3.8437848557 
-4.0680095923 3.2173444763 3.8439257524 
-4.0687576661 3.2175708472 3.8440670109 
-4.0695029645 3.2177954564 3.8442086313 
-4.0702455047 3.2180183165 3.8443506136 
-4.0709853038 3.2182394404 3.8444929578 
-4.0717223791 3.2184588407 3.8446356639 
-4.0724567475 3.2186765300 3.8447787321 
-4.0731884256 3.2188925208 3.8449221623 
-4.0739174302 3.2191068254 3.8450659544 
-4.0746437778 3.2193194561 3.8452101086 
-4.0753674848 3.2195304251 3.8453546247 
-4.0760885674 3.2197397445 3.8454995027 
-4.0768070417 3.2199474263 3.8456447427 
-4.0775229238 3.2201534823 3.8457903445 
-4.0782362294 3.2203579244 3.8459363081 
-4.0789469744 3.2205607643 3.8460826334 
-4.0796551743 3.2207620136 3.8462293203 
-4.0803608447 3.2209616839 3.8463763688 
-4.0810640008 3.2211597865 3.8465237788 
-4.0817646580 3.2213563329 3.8466715502 
-4.0824628312 3.2215513343 3.8468196828 
-4.0831585357 3.2217448019 3.8469681766 
-4.0838517861 3.2219367469 3.8471170314 
-4.0845425973 3.2221271802 3.8472662472 
-4.0852309839 3.2223161127 3.8474158236 
-4.0859169605 3.2225035554 3.8475657607 
-4.0866005415 3.2226895190 3.8477160583 
-4.0866005415 3.2226895190 3.8477160583 
