0.8147236864 0.9057919371 0.1269868163 0.9133758561 
-1.1852763136 0.9057919371 2.1269868163 0.9133758561 
-1.1852763136 0.9057919371 2.1269868163 0.9133758561 
-1.1852763136 0.9057919371 2.1269868163 0.9133758561 
-1.1852763136 0.9057919371 2.1269868163 0.9133758561 
-1.1852763136 0.9057919371 2.1269868163 0.9133758561 
-1.1852763136 0.9057919371 2.1269868163 0.9133758561 
-1.1852763136 0.9057919371 2.1269868163 0.9133758561 
-1.1852763136 0.9057919371 2.1269868163 0.9133758561 
-1.1852763136 0.9057919371 2.1269868163 0.9133758561 
-1.1852763136 0.9057919371 2.1269868163 0.9133758561 
-1.1852763136 0.9057919371 2.1269868163 0.9133758561 
-1.1852763136 0.9057919371 2.1269868163 0.9133758561 
-1.1852763136 0.9057919371 2.1269868163 0.9133758561 
-1.1852763136 0.9057919371 2.1269868163 0.9133758561 
-1.1852763136 0.9057919371 2.1269868163 0.9133758561 
-1.1852763136 0.9057919371 2.1269868163 0.9133758561 
-1.1852763136 0.9057919371 2.1269868163 0.9133758561 
-1.1852763136 0.9057919371 2.1269868163 0.9133758561 
-1.1852763136 0.9057919371 2.1269868163 0.9133758561 
-1.1852763136 0.9057919371 2.1269868163 0.9133758561 
-1.1852763136 0.9057919371 2.1269868163 0.9133758561 
-1.1852763136 0.9057919371 2.1269868163 0.9133758561 
-1.1852763136 0.9057919371 2.1269868163 0.9133758561 
-1.1852763136 0.9057919371 2.1269868163 0.9133758561 
-1.1852763136 0.9057919371 2.1269868163 0.9133758561 
-1.1852763136 0.9057919371 2.1269868163 0.9133758561 
-1.1852763136 0.9057919371 2.1269868163 0.9133758561 
-1.1852763136 0.9057919371 2.1269868163 0.9133758561 
-1.1852763136 0.9057919371 2.1269868163 0.9133758561 
-1.1852763136 0.9057919371 2.1269868163 0.9133758561 
-1.1852763136 0.9057919371 2.1269868163 0.9133758561 
-1.1852763136 0.9057919371 2.1269868163 0.9133758561 
-1.1852763136 0.9057919371 2.1269868163 0.9133758561 
-1.1852763136 0.9057919371 2.1269868163 0.9133758561 
-1.1852763136 0.9057919371 2.1269868163 0.9133758561 
-1.1852763136 0.9057919371 2.1269868163 0.9133758561 
-1.1852763136 0.9057919371 2.1269868163 0.9133758561 
-1.1852763136 0.9057919371 2.1269868163 0.9133758561 
-1.1852763136 0.9057919371 2.1269868163 0.9133758561 
-1.1852763136 0.9057919371 2.1269868163 0.9133758561 
-1.1852763136 0.9057919371 2.1269868163 0.9133758561 
-1.1852763136 0.9057919371 2.1269868163 0.9133758561 
-1.1852763136 0.9057919371 2.1269868163 0.9133758561 
-1.1852763136 0.9057919371 2.1269868163 0.9133758561 
-1.1852763136 0.9057919371 2.1269868163 0.9133758561 
-1.1852763136 0.9057919371 2.1269868163 0.9133758561 
-1.1852763136 0.9057919371 2.1269868163 0.9133758561 
-1.1852763136 0.9057919371 2.1269868163 0.9133758561 
-1.1852763136 0.9057919371 2.1269868163 0.9133758561 
-1.1852763136 0.9057919371 2.1269868163 0.9133758561 
