0.7792706068 
0.7885581964 
0.8342232637 
0.8658874989 
0.8879276454 
0.9023035419 
0.9103782555 
0.9133664337 
0.9124047123 
0.9085043169 
0.9024858409 
0.8949541317 
0.8863231201 
0.8768675856 
0.8667762551 
0.8561926327 
0.8452407882 
0.8340385712 
0.8227020732 
0.8113448812 
0.8000749218 
0.7889908685 
0.7781792878 
0.7677130226 
0.7576508182 
0.7480379267 
0.7389073334 
0.7302812786 
0.7221728365 
0.7145874021 
0.7075240171 
0.7009765125 
0.6949344783 
0.6893840817 
0.6843087586 
0.6796898024 
0.6755068684 
0.6717384089 
0.6683620512 
0.6653549259 
0.6626939517 
0.6603560822 
0.6583185177 
0.6565588855 
0.6550553905 
0.6537869407 
0.6527332465 
0.6518748997 
0.6511934316 
0.6506713534 
0.6502921810 
0.6500404460 
0.6499016945 
0.6498624756 
0.6499103215 
0.6500337205 
0.6502220838 
0.6504657087 
0.6507557375 
0.6510841149 
0.6514435432 
0.6518274371 
0.6522298785 
0.6526455714 
0.6530697976 
0.6534983745 
0.6539276126 
0.6543542770 
0.6547755486 
0.6551889886 
0.6555925047 
0.6559843190 
0.6563629384 
0.6567271269 
0.6570758795 
0.6574083988 
0.6577240723 
0.6580224528 
0.6583032392 
0.6585662600 
0.6588114571 
0.6590388722 
0.6592486336 
0.6594409447 
0.6596160733 
0.6597743422 
0.6599161206 
0.6600418163 
0.6601518691 
0.6602467445 
0.6603269281 
0.6603929210 
0.6604452353 
0.6604843905 
0.6605109101 
0.6605253185 
0.6605281388 
0.6605198904 
0.6605010871 
0.6604722355 
0.6604722355 
0.6604338338 
0.6603863703 
0.6603303229 
0.6602661578 
0.6601943293 
0.6601152790 
0.6600294358 
0.6599372153 
0.6598390198 
0.6597352380 
0.6596262454 
0.6595124041 
0.6593940628 
0.6592715571 
0.6591452099 
0.6590153312 
0.6588822186 
0.6587461578 
0.6586074223 
0.6584662743 
0.6583229648 
0.6581777339 
0.6580308112 
0.6578824162 
0.6577327585 
0.6575820381 
0.6574304463 
0.6572781651 
0.6571253684 
0.6569722219 
0.6568188834 
0.6566655034 
0.6565122251 
0.6563591848 
0.6562065123 
0.6560543312 
0.6559027588 
0.6557519068 
0.6556018814 
0.6554527835 
0.6553047089 
0.6551577486 
0.6550119890 
0.6548675121 
0.6547243958 
0.6545827137 
0.6544425357 
0.6543039281 
0.6541669536 
0.6540316715 
0.6538981379 
0.6537664058 
0.6536365254 
0.6535085437 
0.6533825054 
0.6532584523 
0.6531364240 
0.6530164575 
0.6528985876 
0.6527828469 
0.6526692660 
0.6525578733 
0.6524486954 
0.6523417571 
0.6522370816 
0.6521346900 
0.6520346022 
0.6519368365 
0.6518414097 
0.6517483373 
0.6516576334 
0.6515693109 
0.6514833818 
0.6513998568 
0.6513187457 
0.6512400572 
0.6511637994 
0.6510899795 
0.6510186040 
0.6509496789 
0.6508832095 
0.6508192006 
0.6507576568 
0.6506985822 
0.6506419806 
0.6505878559 
0.6505362117 
0.6504870515 
0.6504403791 
0.6503961982 
0.6503545128 
0.6503153272 
0.6502786459 
0.6502444740 
0.6502128170 
0.6501836808 
0.6501570722 
0.6501329982 
0.6501114670 
0.6501114670 
0.6500924872 
0.6500760685 
0.6500622212 
0.6500509566 
0.6500422869 
0.6500362253 
0.6500327859 
0.6500319839 
0.6500338354 
0.6500383575 
0.6500455684 
0.6500554871 
0.6500681339 
0.6500835298 
0.6501016968 
0.6501226578 
0.6501464366 
0.6501730576 
0.6502025463 
0.6502349286 
0.6502702311 
0.6503084809 
0.6503497057 
0.6503939333 
0.6504411922 
0.6504915106 
0.6505449170 
0.6506014401 
0.6506611080 
0.6507239490 
0.6507899906 
0.6508592602 
0.6509317844 
0.6510075891 
0.6510866995 
0.6511691395 
0.6512549324 
0.6513440999 
0.6514366627 
0.6515326399 
0.6516320492 
0.6517349066 
0.6518412265 
0.6519510215 
0.6520643023 
0.6521810776 
0.6523013542 
0.6524251368 
0.6525524280 
0.6526832282 
0.6528175358 
0.6529553468 
0.6530966551 
0.6532414523 
0.6533897280 
0.6535414695 
0.6536966619 
0.6538552883 
0.6540173297 
0.6541827652 
0.6543515718 
0.6545237248 
0.6546991977 
0.6548779622 
0.6550599886 
0.6552452455 
0.6554337003 
0.6556253191 
0.6558200667 
0.6560179069 
0.6562188028 
0.6564227165 
0.6566296092 
0.6568394418 
0.6570521746 
0.6572677675 
0.6574861802 
0.6577073722 
0.6579313029 
0.6581579315 
0.6583872175 
0.6586191205 
0.6588536001 
0.6590906163 
0.6593301293 
0.6595720995 
0.6598164877 
0.6600632550 
0.6603123627 
0.6605637723 
0.6608174457 
0.6610733449 
0.6613314319 
0.6615916689 
0.6618540179 
0.6621184409 
0.6623848996 
0.6626533553 
0.6629237688 
0.6629237688 
0.6631961002 
0.6634703090 
0.6637463537 
0.6640241914 
0.6643037783 
0.6645850689 
0.6648680161 
0.6651525708 
0.6654386819 
0.6657262962 
0.6660153575 
0.6663058074 
0.6665975842 
0.6668906231 
0.6671848559 
0.6674802106 
0.6677766115 
0.6680739786 
0.6683722275 
0.6686712691 
0.6689710097 
0.6692713500 
0.6695721858 
0.6698734068 
0.6701748973 
0.6704765349 
0.6707781914 
0.6710797317 
0.6713810137 
0.6716818885 
0.6719821998 
0.6722817836 
0.6725804683 
0.6728780741 
0.6731744132 
0.6734692893 
0.6737624974 
0.6740538237 
0.6743430454 
0.6746299306 
0.6749142381 
0.6751957170 
0.6754741070 
0.6757491380 
0.6760205300 
0.6762879933 
0.6765512279 
0.6768099242 
0.6770637622 
0.6773124123 
0.6775555348 
0.6777927802 
0.6780237892 
0.6782481932 
0.6784656142 
0.6786756652 
0.6788779504 
0.6790720657 
0.6792575993 
0.6794341318 
0.6796012369 
0.6797584824 
0.6799054303 
0.6800416381 
0.6801666593 
0.6802800447 
0.6803813431 
0.6804701026 
0.6805458716 
0.6806082004 
0.6806566423 
0.6806907548 
0.6807101019 
0.6807142547 
0.6807027936 
0.6806753101 
0.6806314079 
0.6805707053 
0.6804928366 
0.6803974538 
0.6802842289 
0.6801528548 
0.6800030477 
0.6798345485 
0.6796471239 
0.6794405687 
0.6792147062 
0.6789693899 
0.6787045046 
0.6784199666 
0.6781157252 
0.6777917626 
0.6774480940 
0.6770847682 
0.6767018670 
0.6762995049 
0.6758778284 
0.6754370152 
0.6749772730 
0.6749772730 
0.6744988385 
0.6740019759 
0.6734869748 
0.6729541493 
0.6724038353 
0.6718363890 
0.6712521848 
0.6706516128 
0.6700350771 
0.6694029931 
0.6687557860 
0.6680938880 
0.6674177366 
0.6667277722 
0.6660244369 
0.6653081715 
0.6645794151 
0.6638386022 
0.6630861622 
0.6623225174 
0.6615480822 
0.6607632616 
0.6599684505 
0.6591640331 
0.6583503816 
0.6575278560 
0.6566968037 
0.6558575591 
0.6550104431 
0.6541557633 
0.6532938139 
0.6524248755 
0.6515492155 
0.6506670880 
0.6497787342 
0.6488843826 
0.6479842494 
0.6470785388 
0.6461674433 
0.6452511443 
0.6443298123 
0.6434036078 
0.6424726809 
0.6415371728 
0.6405972155 
0.6396529324 
0.6387044391 
0.6377518434 
0.6367952462 
0.6358347415 
0.6348704169 
0.6339023545 
0.6329306304 
0.6319553159 
0.6309764774 
0.6299941771 
0.6290084728 
0.6280194189 
0.6270270659 
0.6260314616 
0.6250326507 
0.6240306751 
0.6230255746 
0.6220173866 
0.6210061469 
0.6199918891 
0.6189746457 
0.6179544476 
0.6169313247 
0.6159053056 
0.6148764184 
0.6138446903 
0.6128101478 
0.6117728172 
0.6107327243 
0.6096898947 
0.6086443539 
0.6075961274 
0.6065452406 
0.6054917194 
0.6044355896 
0.6033768774 
0.6023156094 
0.6012518128 
0.6001855150 
0.5991167441 
0.5980455289 
0.5969718987 
0.5958958836 
0.5948175145 
0.5937368230 
0.5926538414 
0.5915686032 
0.5904811424 
0.5893914942 
0.5882996945 
0.5872057805 
0.5861097900 
0.5850117620 
0.5850117620 
0.5839117365 
0.5828097546 
0.5817058583 
0.5806000907 
0.5794924960 
0.5783831195 
0.5772720074 
0.5761592072 
0.5750447674 
0.5739287375 
0.5728111681 
0.5716921110 
0.5705716190 
0.5694497458 
0.5683265464 
0.5672020768 
0.5660763938 
0.5649495556 
0.5638216212 
0.5626926505 
0.5615627046 
0.5604318454 
0.5593001358 
0.5581676397 
0.5570344219 
0.5559005479 
0.5547660842 
0.5536310982 
0.5524956580 
0.5513598326 
0.5502236916 
0.5490873054 
0.5479507452 
0.5468140828 
0.5456773905 
0.5445407415 
0.5434042094 
0.5422678682 
0.5411317928 
0.5399960582 
0.5388607401 
0.5377259143 
0.5365916574 
0.5354580459 
0.5343251569 
0.5331930676 
0.5320618554 
0.5309315981 
0.5298023732 
0.5286742588 
0.5275473327 
0.5264216728 
0.5252973572 
0.5241744636 
0.5230530699 
0.5219332536 
0.5208150922 
0.5196986629 
0.5185840428 
0.5174713083 
0.5163605360 
0.5152518017 
0.5141451810 
0.5130407489 
0.5119385802 
0.5108387488 
0.5097413283 
0.5086463917 
0.5075540111 
0.5064642582 
0.5053772040 
0.5042929187 
0.5032114716 
0.5021329314 
0.5010573659 
0.4999848420 
0.4989154259 
0.4978491827 
0.4967861765 
0.4957264707 
0.4946701274 
0.4936172080 
0.4925677726 
0.4915218804 
0.4904795894 
0.4894409567 
0.4884060379 
0.4873748880 
0.4863475603 
0.4853241072 
0.4843045801 
0.4832890287 
0.4822775020 
0.4812700475 
0.4802667114 
0.4792675388 
0.4782725735 
0.4772818581 
0.4762954339 
0.4762954339 
0.4753133407 
0.4743356173 
0.4733623010 
0.4723934281 
0.4714290332 
0.4704691498 
0.4695138102 
0.4685630452 
0.4676168845 
0.4666753561 
0.4657384871 
0.4648063032 
0.4638788285 
0.4629560863 
0.4620380981 
0.4611248843 
0.4602164642 
0.4593128554 
0.4584140746 
0.4575201368 
0.4566310562 
0.4557468453 
0.4548675155 
0.4539930770 
0.4531235385 
0.4522589077 
0.4513991909 
0.4505443932 
0.4496945184 
0.4488495690 
0.4480095465 
0.4471744510 
0.4463442814 
0.4455190353 
0.4446987093 
0.4438832986 
0.4430727974 
0.4422671983 
0.4414664933 
0.4406706727 
0.4398797260 
0.4390936412 
0.4383124054 
0.4375360044 
0.4367644229 
0.4359976445 
0.4352356515 
0.4344784253 
0.4337259460 
0.4329781926 
0.4322351430 
0.4314967741 
0.4307630615 
0.4300339799 
0.4293095028 
0.4285896026 
0.4278742509 
0.4271634178 
0.4264570728 
0.4257551840 
0.4250577187 
0.4243646430 
0.4236759223 
0.4229915207 
0.4223114015 
0.4216355269 
0.4209638582 
0.4202963559 
0.4196329794 
0.4189736873 
0.4183184372 
0.4176671861 
0.4170198898 
0.4163765036 
0.4157369818 
0.4151012781 
0.4144693451 
0.4138411352 
0.4132165997 
0.4125956893 
0.4119783543 
0.4113645440 
0.4107542076 
0.4101472933 
0.4095437491 
0.4089435225 
0.4083465604 
0.4077528095 
0.4071622161 
0.4065747261 
0.4059902852 
0.4054088389 
0.4048303324 
0.4042547110 
0.4036819197 
0.4031119035 
0.4025446074 
0.4019799765 
0.4014179560 
0.4014179560 
0.4008584912 
0.4003015277 
0.3997470110 
0.3991948874 
0.3986451032 
0.3980976051 
0.3975523405 
0.3970092569 
0.3964683026 
0.3959294264 
0.3953925777 
0.3948577067 
0.3943247641 
0.3937937015 
0.3932644713 
0.3927370265 
0.3922113213 
0.3916873107 
0.3911649504 
0.3906441975 
0.3901250097 
0.3896073460 
0.3890911664 
0.3885764318 
0.3880631046 
0.3875511479 
0.3870405262 
0.3865312052 
0.3860231515 
0.3855163333 
0.3850107195 
0.3845062807 
0.3840029884 
0.3835008154 
0.3829997358 
0.3824997247 
0.3820007586 
0.3815028151 
0.3810058731 
0.3805099125 
0.3800149147 
0.3795208619 
0.3790277377 
0.3785355267 
0.3780442146 
0.3775537883 
0.3770642357 
0.3765755457 
0.3760877084 
0.3756007148 
0.3751145568 
0.3746292274 
0.3741447204 
0.3736610305 
0.3731781534 
0.3726960856 
0.3722148242 
0.3717343674 
0.3712547140 
0.3707758634 
0.3702978159 
0.3698205724 
0.3693441344 
0.3688685040 
0.3683936838 
0.3679196772 
0.3674464878 
0.3669741200 
0.3665025782 
0.3660318678 
0.3655619941 
0.3650929631 
0.3646247810 
0.3641574544 
0.3636909901 
0.3632253952 
0.3627606772 
0.3622968435 
0.3618339020 
0.3613718608 
0.3609107278 
0.3604505114 
0.3599912200 
0.3595328621 
0.3590754462 
0.3586189811 
0.3581634753 
0.3577089375 
0.3572553767 
0.3568028014 
0.3563512204 
0.3559006424 
0.3554510760 
0.3550025300 
0.3545550128 
0.3541085329 
0.3536630987 
0.3532187186 
0.3527754007 
0.3527754007 
0.3523331532 
0.3518919841 
0.3514519012 
0.3510129124 
0.3505750251 
0.3501382470 
0.3497025853 
0.3492680473 
0.3488346399 
0.3484023702 
0.3479712447 
0.3475412702 
0.3471124529 
0.3466847992 
0.3462583152 
0.3458330066 
0.3454088794 
0.3449859390 
0.3445641909 
0.3441436402 
0.3437242922 
0.3433061517 
0.3428892233 
0.3424735118 
0.3420590214 
0.3416457563 
0.3412337208 
0.3408229186 
0.3404133535 
0.3400050291 
0.3395979488 
0.3391921158 
0.3387875333 
0.3383842042 
0.3379821313 
0.3375813173 
0.3371817647 
0.3367834758 
0.3363864529 
0.3359906981 
0.3355962132 
0.3352030002 
0.3348110607 
0.3344203962 
0.3340310081 
0.3336428979 
0.3332560666 
0.3328705152 
0.3324862449 
0.3321032563 
0.3317215502 
0.3313411272 
0.3309619879 
0.3305841325 
0.3302075614 
0.3298322748 
0.3294582729 
0.3290855555 
0.3287141226 
0.3283439741 
0.3279751097 
0.3276075290 
0.3272412316 
0.3268762170 
0.3265124846 
0.3261500337 
0.3257888636 
0.3254289735 
0.3250703625 
0.3247130296 
0.3243569739 
0.3240021942 
0.3236486893 
0.3232964582 
0.3229454995 
0.3225958118 
0.3222473939 
0.3219002443 
0.3215543614 
0.3212097437 
0.3208663898 
0.3205242978 
0.3201834662 
0.3198438931 
0.3195055769 
0.3191685157 
0.3188327076 
0.3184981508 
0.3181648433 
0.3178327831 
0.3175019683 
0.3171723967 
0.3168440663 
0.3165169750 
0.3161911206 
0.3158665009 
0.3155431138 
0.3152209569 
0.3149000281 
0.3149000281 
0.3145803250 
0.3142618453 
0.3139445867 
0.3136285467 
0.3133137230 
0.3130001132 
0.3126877148 
0.3123765254 
0.3120665424 
0.3117577633 
0.3114501857 
0.3111438070 
0.3108386245 
0.3105346358 
0.3102318383 
0.3099302292 
0.3096298060 
0.3093305661 
0.3090325067 
0.3087356252 
0.3084399189 
0.3081453851 
0.3078520211 
0.3075598241 
0.3072687914 
0.3069789202 
0.3066902079 
0.3064026515 
0.3061162483 
0.3058309956 
0.3055468905 
0.3052639302 
0.3049821119 
0.3047014327 
0.3044218899 
0.3041434805 
0.3038662018 
0.3035900508 
0.3033150247 
0.3030411206 
0.3027683357 
0.3024966671 
0.3022261118 
0.3019566670 
0.3016883299 
0.3014210974 
0.3011549667 
0.3008899349 
0.3006259991 
0.3003631564 
0.3001014038 
0.2998407385 
0.2995811575 
0.2993226579 
0.2990652368 
0.2988088912 
0.2985536183 
0.2982994151 
0.2980462787 
0.2977942061 
0.2975431945 
0.2972932409 
0.2970443424 
0.2967964960 
0.2965496990 
0.2963039482 
0.2960592409 
0.2958155740 
0.2955729448 
0.2953313502 
0.2950907874 
0.2948512534 
0.2946127454 
0.2943752605 
0.2941387956 
0.2939033481 
0.2936689149 
0.2934354932 
0.2932030801 
0.2929716727 
0.2927412681 
0.2925118636 
0.2922834561 
0.2920560429 
0.2918296210 
0.2916041878 
0.2913797402 
0.2911562755 
0.2909337908 
0.2907122833 
0.2904917502 
0.2902721887 
0.2900535959 
0.2898359691 
0.2896193055 
0.2894036023 
0.2891888566 
0.2889750658 
0.2887622271 
0.2887622271 
0.2885503376 
0.2883393947 
0.2881293957 
0.2879203377 
0.2877122180 
0.2875050340 
0.2872987830 
0.2870934621 
0.2868890689 
0.2866856004 
0.2864830541 
0.2862814274 
0.2860807175 
0.2858809218 
0.2856820378 
0.2854840626 
0.2852869938 
0.2850908287 
0.2848955647 
0.2847011993 
0.2845077298 
0.2843151537 
0.2841234685 
0.2839326715 
0.2837427603 
0.2835537323 
0.2833655850 
0.2831783159 
0.2829919225 
0.2828064024 
0.2826217530 
0.2824379718 
0.2822550566 
0.2820730047 
0.2818918138 
0.2817114815 
0.2815320053 
0.2813533829 
0.2811756119 
0.2809986899 
0.2808226145 
0.2806473835 
0.2804729944 
0.2802994450 
0.2801267330 
0.2799548560 
0.2797838117 
0.2796135980 
0.2794442125 
0.2792756530 
0.2791079172 
0.2789410030 
0.2787749081 
0.2786096303 
0.2784451674 
0.2782815173 
0.2781186778 
0.2779566468 
0.2777954221 
0.2776350015 
0.2774753831 
0.2773165646 
0.2771585441 
0.2770013194 
0.2768448884 
0.2766892492 
0.2765343998 
0.2763803379 
0.2762270618 
0.2760745694 
0.2759228586 
0.2757719276 
0.2756217744 
0.2754723971 
0.2753237936 
0.2751759622 
0.2750289008 
0.2748826077 
0.2747370809 
0.2745923186 
0.2744483190 
0.2743050801 
0.2741626002 
0.2740208775 
0.2738799101 
0.2737396963 
0.2736002344 
0.2734615225 
0.2733235589 
0.2731863420 
0.2730498699 
0.2729141409 
0.2727791535 
0.2726449058 
0.2725113963 
0.2723786233 
0.2722465851 
0.2721152802 
0.2719847068 
0.2719847068 
0.2718548635 
0.2717257486 
0.2715973605 
0.2714696977 
0.2713427587 
0.2712165419 
0.2710910457 
0.2709662688 
0.2708422095 
0.2707188664 
0.2705962381 
0.2704743230 
0.2703531197 
0.2702326268 
0.2701128429 
0.2699937666 
0.2698753964 
0.2697577310 
0.2696407690 
0.2695245091 
0.2694089499 
0.2692940900 
0.2691799282 
0.2690664631 
0.2689536935 
0.2688416181 
0.2687302355 
0.2686195446 
0.2685095440 
0.2684002326 
0.2682916091 
0.2681836723 
0.2680764210 
0.2679698541 
0.2678639702 
0.2677587684 
0.2676542473 
0.2675504059 
0.2674472431 
0.2673447576 
0.2672429485 
0.2671418146 
0.2670413548 
0.2669415681 
0.2668424534 
0.2667440096 
0.2666462356 
0.2665491306 
0.2664526934 
0.2663569230 
0.2662618184 
0.2661673787 
0.2660736028 
0.2659804899 
0.2658880389 
0.2657962488 
0.2657051189 
0.2656146481 
0.2655248354 
0.2654356802 
0.2653471813 
0.2652593379 
0.2651721493 
0.2650856144 
0.2649997324 
0.2649145026 
0.2648299240 
0.2647459958 
0.2646627172 
0.2645800875 
0.2644981058 
0.2644167712 
0.2643360832 
0.2642560408 
0.2641766433 
0.2640978899 
0.2640197800 
0.2639423128 
0.2638654875 
0.2637893035 
0.2637137600 
0.2636388564 
0.2635645918 
0.2634909658 
0.2634179775 
0.2633456264 
0.2632739117 
0.2632028329 
0.2631323892 
0.2630625801 
0.2629934049 
0.2629248630 
0.2628569537 
0.2627896766 
0.2627230310 
0.2626570163 
0.2625916319 
0.2625268773 
0.2624627519 
0.2624627519 
0.2623992551 
0.2623363864 
0.2622741453 
0.2622125312 
0.2621515435 
0.2620911818 
0.2620314456 
0.2619723343 
0.2619138475 
0.2618559846 
0.2617987451 
0.2617421287 
0.2616861347 
0.2616307627 
0.2615760124 
0.2615218831 
0.2614683745 
0.2614154861 
0.2613632175 
0.2613115682 
0.2612605378 
0.2612101259 
0.2611603321 
0.2611111560 
0.2610625971 
0.2610146550 
0.2609673295 
0.2609206200 
0.2608745262 
0.2608290477 
0.2607841841 
0.2607399351 
0.2606963003 
0.2606532794 
0.2606108719 
0.2605690776 
0.2605278960 
0.2604873269 
0.2604473699 
0.2604080247 
0.2603692909 
0.2603311683 
0.2602936564 
0.2602567551 
0.2602204639 
0.2601847826 
0.2601497108 
0.2601152483 
0.2600813948 
0.2600481499 
0.2600155134 
0.2599834850 
0.2599520644 
0.2599212513 
0.2598910455 
0.2598614466 
0.2598324545 
0.2598040687 
0.2597762892 
0.2597491156 
0.2597225476 
0.2596965850 
0.2596712275 
0.2596464750 
0.2596223270 
0.2595987835 
0.2595758441 
0.2595535086 
0.2595317768 
0.2595106484 
0.2594901233 
0.2594702010 
0.2594508816 
0.2594321646 
0.2594140499 
0.2593965372 
0.2593796264 
0.2593633172 
0.2593476094 
0.2593325027 
0.2593179970 
0.2593040921 
0.2592907876 
0.2592780835 
0.2592659795 
0.2592544753 
0.2592435709 
0.2592332659 
0.2592235601 
0.2592144534 
0.2592059456 
0.2591980364 
0.2591907257 
0.2591840132 
0.2591778987 
0.2591723821 
0.2591674631 
0.2591631416 
0.2591594173 
0.2591594173 
0.2591562900 
0.2591537595 
0.2591518257 
0.2591504883 
0.2591497471 
0.2591496020 
0.2591500528 
0.2591510991 
0.2591527409 
0.2591549780 
0.2591578100 
0.2591612370 
0.2591652585 
0.2591698746 
0.2591750848 
0.2591808891 
0.2591872872 
0.2591942790 
0.2592018642 
0.2592100427 
0.2592188141 
0.2592281784 
0.2592381353 
0.2592486847 
0.2592598262 
0.2592715597 
0.2592838851 
0.2592968020 
0.2593103102 
0.2593244097 
0.2593391000 
0.2593543811 
0.2593702528 
0.2593867147 
0.2594037667 
0.2594214085 
0.2594396401 
0.2594584610 
0.2594778711 
0.2594978702 
0.2595184580 
0.2595396344 
0.2595613990 
0.2595837517 
0.2596066922 
0.2596302203 
0.2596543357 
0.2596790383 
0.2597043277 
0.2597302037 
0.2597566662 
0.2597837147 
0.2598113492 
0.2598395693 
0.2598683748 
0.2598977654 
0.2599277409 
0.2599583010 
0.2599894454 
0.2600211740 
0.2600534864 
0.2600863823 
0.2601198615 
0.2601539238 
0.2601885687 
0.2602237962 
0.2602596058 
0.2602959973 
0.2603329704 
0.2603705249 
0.2604086603 
0.2604473766 
0.2604866732 
0.2605265501 
0.2605670067 
0.2606080429 
0.2606496584 
0.2606918527 
0.2607346257 
0.2607779770 
0.2608219062 
0.2608664131 
0.2609114974 
0.2609571586 
0.2610033966 
0.2610502108 
0.2610976011 
0.2611455670 
0.2611941083 
0.2612432246 
0.2612929154 
0.2613431806 
0.2613940197 
0.2614454323 
0.2614974182 
0.2615499768 
0.2616031080 
0.2616568112 
0.2617110862 
0.2617110862 
0.2617659325 
0.2618213498 
0.2618773377 
0.2619338957 
0.2619910235 
0.2620487208 
0.2621069870 
0.2621658218 
0.2622252249 
0.2622851957 
0.2623457338 
0.2624068390 
0.2624685106 
0.2625307484 
0.2625935518 
0.2626569205 
0.2627208540 
0.2627853518 
0.2628504136 
0.2629160389 
0.2629822272 
0.2630489780 
0.2631162910 
0.2631841656 
0.2632526014 
0.2633215980 
0.2633911547 
0.2634612713 
0.2635319471 
0.2636031817 
0.2636749746 
0.2637473254 
0.2638202334 
0.2638936983 
0.2639677194 
0.2640422964 
0.2641174286 
0.2641931156 
0.2642693568 
0.2643461518 
0.2644234999 
0.2645014007 
0.2645798536 
0.2646588580 
0.2647384135 
0.2648185194 
0.2648991752 
0.2649803804 
0.2650621343 
0.2651444365 
0.2652272863 
0.2653106831 
0.2653946264 
0.2654791156 
0.2655641501 
0.2656497293 
0.2657358527 
0.2658225195 
0.2659097291 
0.2659974811 
0.2660857747 
0.2661746093 
0.2662639844 
0.2663538992 
0.2664443532 
0.2665353456 
0.2666268759 
0.2667189434 
0.2668115474 
0.2669046873 
0.2669983624 
0.2670925721 
0.2671873156 
0.2672825923 
0.2673784016 
0.2674747427 
0.2675716148 
0.2676690175 
0.2677669498 
0.2678654112 
0.2679644009 
0.2680639181 
0.2681639623 
0.2682645325 
0.2683656282 
0.2684672486 
0.2685693929 
0.2686720603 
0.2687752502 
0.2688789618 
0.2689831942 
0.2690879469 
0.2691932188 
0.2692990094 
0.2694053178 
0.2695121432 
0.2696194849 
0.2697273419 
0.2698357136 
0.2698357136 
0.2699445992 
0.2700539977 
0.2701639084 
0.2702743305 
0.2703852631 
0.2704967054 
0.2706086566 
0.2707211157 
0.2708340821 
0.2709475547 
0.2710615328 
0.2711760155 
0.2712910019 
0.2714064911 
0.2715224823 
0.2716389745 
0.2717559669 
0.2718734585 
0.2719914485 
0.2721099359 
0.2722289199 
0.2723483995 
0.2724683738 
0.2725888418 
0.2727098026 
0.2728312553 
0.2729531989 
0.2730756325 
0.2731985550 
0.2733219656 
0.2734458633 
0.2735702470 
0.2736951159 
0.2738204688 
0.2739463048 
0.2740726230 
0.2741994222 
0.2743267016 
0.2744544600 
0.2745826964 
0.2747114098 
0.2748405992 
0.2749702636 
0.2751004018 
0.2752310129 
0.2753620957 
0.2754936492 
0.2756256723 
0.2757581639 
0.2758911231 
0.2760245485 
0.2761584393 
0.2762927942 
0.2764276121 
0.2765628920 
0.2766986327 
0.2768348331 
0.2769714921 
0.2771086084 
0.2772461810 
0.2773842087 
0.2775226904 
0.2776616248 
0.2778010109 
0.2779408473 
0.2780811330 
0.2782218668 
0.2783630474 
0.2785046737 
0.2786467444 
0.2787892584 
0.2789322143 
0.2790756110 
0.2792194472 
0.2793637218 
0.2795084333 
0.2796535807 
0.2797991625 
0.2799451776 
0.2800916247 
0.2802385025 
0.2803858097 
0.2805335450 
0.2806817072 
0.2808302948 
0.2809793066 
0.2811287413 
0.2812785975 
0.2814288739 
0.2815795692 
0.2817306820 
0.2818822110 
0.2820341548 
0.2821865120 
0.2823392813 
0.2824924612 
0.2826460505 
0.2828000476 
0.2829544513 
0.2829544513 
0.2831092600 
0.2832644725 
0.2834200871 
0.2835761027 
0.2837325176 
0.2838893305 
0.2840465399 
0.2842041443 
0.2843621424 
0.2845205326 
0.2846793134 
0.2848384835 
0.2849980412 
0.2851579852 
0.2853183138 
0.2854790257 
0.2856401192 
0.2858015929 
0.2859634453 
0.2861256747 
0.2862882798 
0.2864512589 
0.2866146104 
0.2867783329 
0.2869424248 
0.2871068844 
0.2872717102 
0.2874369007 
0.2876024542 
0.2877683692 
0.2879346440 
0.2881012771 
0.2882682667 
0.2884356114 
0.2886033095 
0.2887713593 
0.2889397592 
0.2891085075 
0.2892776027 
0.2894470430 
0.2896168268 
0.2897869525 
0.2899574183 
0.2901282225 
0.2902993635 
0.2904708396 
0.2906426492 
0.2908147903 
0.2909872615 
0.2911600609 
0.2913331869 
0.2915066377 
0.2916804116 
0.2918545068 
0.2920289216 
0.2922036543 
0.2923787030 
0.2925540662 
0.2927297419 
0.2929057284 
0.2930820239 
0.2932586267 
0.2934355350 
0.2936127470 
0.2937902609 
0.2939680748 
0.2941461871 
0.2943245958 
0.2945032993 
0.2946822955 
0.2948615829 
0.2950411594 
0.2952210233 
0.2954011727 
0.2955816059 
0.2957623209 
0.2959433160 
0.2961245892 
0.2963061387 
0.2964879627 
0.2966700593 
0.2968524266 
0.2970350628 
0.2972179660 
0.2974011342 
0.2975845658 
0.2977682587 
0.2979522110 
0.2981364210 
0.2983208866 
0.2985056060 
0.2986905774 
0.2988757987 
0.2990612681 
0.2992469838 
0.2994329437 
0.2996191461 
0.2998055889 
0.2999922702 
0.2999922702 
0.3001791882 
0.3003663410 
0.3005537265 
0.3007413430 
0.3009291884 
0.3011172609 
0.3013055585 
0.3014940794 
0.3016828215 
0.3018717829 
0.3020609618 
0.3022503562 
0.3024399642 
0.3026297838 
0.3028198131 
0.3030100502 
0.3032004931 
0.3033911400 
0.3035819889 
0.3037730378 
0.3039642849 
0.3041557282 
0.3043473658 
0.3045391957 
0.3047312160 
0.3049234249 
0.3051158203 
0.3053084004 
0.3055011633 
0.3056941069 
0.3058872295 
0.3060805290 
0.3062740036 
0.3064676514 
0.3066614704 
0.3068554588 
0.3070496146 
0.3072439359 
0.3074384209 
0.3076330676 
0.3078278741 
0.3080228386 
0.3082179592 
0.3084132339 
0.3086086610 
0.3088042384 
0.3089999644 
0.3091958371 
0.3093918547 
0.3095880151 
0.3097843167 
0.3099807575 
0.3101773357 
0.3103740495 
0.3105708969 
0.3107678763 
0.3109649857 
0.3111622234 
0.3113595874 
0.3115570761 
0.3117546875 
0.3119524200 
0.3121502716 
0.3123482407 
0.3125463254 
0.3127445239 
0.3129428345 
0.3131412555 
0.3133397850 
0.3135384213 
0.3137371627 
0.3139360074 
0.3141349537 
0.3143339999 
0.3145331442 
0.3147323851 
0.3149317206 
0.3151311493 
0.3153306693 
0.3155302791 
0.3157299768 
0.3159297610 
0.3161296299 
0.3163295819 
0.3165296153 
0.3167297286 
0.3169299200 
0.3171301881 
0.3173305312 
0.3175309476 
0.3177314360 
0.3179319945 
0.3181326218 
0.3183333162 
0.3185340762 
0.3187349003 
0.3189357869 
0.3191367346 
0.3193377418 
0.3193377418 
0.3195388070 
0.3197399287 
0.3199411055 
0.3201423359 
0.3203436185 
0.3205449518 
0.3207463343 
0.3209477647 
0.3211492416 
0.3213507634 
0.3215523290 
0.3217539367 
0.3219555854 
0.3221572737 
0.3223590001 
0.3225607634 
0.3227625622 
0.3229643952 
0.3231662611 
0.3233681587 
0.3235700866 
0.3237720436 
0.3239740284 
0.3241760398 
0.3243780765 
0.3245801373 
0.3247822210 
0.3249843265 
0.3251864524 
0.3253885977 
0.3255907611 
0.3257929416 
0.3259951380 
0.3261973490 
0.3263995738 
0.3266018110 
0.3268040597 
0.3270063187 
0.3272085870 
0.3274108635 
0.3276131472 
0.3278154370 
0.3280177319 
0.3282200309 
0.3284223329 
0.3286246371 
0.3288269425 
0.3290292480 
0.3292315527 
0.3294338556 
0.3296361560 
0.3298384527 
0.3300407449 
0.3302430318 
0.3304453124 
0.3306475859 
0.3308498514 
0.3310521080 
0.3312543550 
0.3314565915 
0.3316588166 
0.3318610296 
0.3320632298 
0.3322654162 
0.3324675882 
0.3326697450 
0.3328718858 
0.3330740099 
0.3332761166 
0.3334782052 
0.3336802750 
0.3338823252 
0.3340843553 
0.3342863645 
0.3344883522 
0.3346903177 
0.3348922604 
0.3350941797 
0.3352960749 
0.3354979455 
0.3356997909 
0.3359016104 
0.3361034036 
0.3363051698 
0.3365069084 
0.3367086191 
0.3369103011 
0.3371119541 
0.3373135774 
0.3375151707 
0.3377167333 
0.3379182648 
0.3381197647 
0.3383212326 
0.3385226681 
0.3387240706 
0.3389254397 
0.3391267751 
0.3393280762 
0.3393280762 
0.3395293427 
0.3397305742 
0.3399317703 
0.3401329306 
0.3403340547 
0.3405351423 
0.3407361930 
0.3409372064 
0.3411381823 
0.3413391203 
0.3415400200 
0.3417408812 
0.3419417035 
0.3421424867 
0.3423432304 
0.3425439344 
0.3427445984 
0.3429452221 
0.3431458052 
0.3433463476 
0.3435468489 
0.3437473089 
0.3439477274 
0.3441481041 
0.3443484388 
0.3445487314 
0.3447489816 
0.3449491891 
0.3451493539 
0.3453494757 
0.3455495544 
0.3457495897 
0.3459495815 
0.3461495296 
0.3463494339 
0.3465492942 
0.3467491104 
0.3469488823 
0.3471486097 
0.3473482927 
0.3475479310 
0.3477475244 
0.3479470730 
0.3481465766 
0.3483460350 
0.3485454482 
0.3487448161 
0.3489441386 
0.3491434156 
0.3493426470 
0.3495418327 
0.3497409727 
0.3499400669 
0.3501391152 
0.3503381176 
0.3505370739 
0.3507359843 
0.3509348485 
0.3511336665 
0.3513324384 
0.3515311640 
0.3517298433 
0.3519284764 
0.3521270631 
0.3523256034 
0.3525240973 
0.3527225448 
0.3529209459 
0.3531193005 
0.3533176086 
0.3535158702 
0.3537140854 
0.3539122541 
0.3541103762 
0.3543084519 
0.3545064810 
0.3547044637 
0.3549023998 
0.3551002895 
0.3552981327 
0.3554959294 
0.3556936796 
0.3558913835 
0.3560890408 
0.3562866518 
0.3564842164 
0.3566817346 
0.3568792064 
0.3570766319 
0.3572740112 
0.3574713441 
0.3576686308 
0.3578658712 
0.3580630655 
0.3582602136 
0.3584573156 
0.3586543714 
0.3588513812 
0.3590483450 
0.3590483450 
0.3592452628 
0.3594421346 
0.3596389604 
0.3598357404 
0.3600324745 
0.3602291628 
0.3604258053 
0.3606224020 
0.3608189531 
0.3610154585 
0.3612119182 
0.3614083324 
0.3616047010 
0.3618010241 
0.3619973017 
0.3621935339 
0.3623897207 
0.3625858621 
0.3627819583 
0.3629780091 
0.3631740147 
0.3633699752 
0.3635658904 
0.3637617606 
0.3639575856 
0.3641533657 
0.3643491007 
0.3645447908 
0.3647404359 
0.3649360361 
0.3651315915 
0.3653271021 
0.3655225679 
0.3657179889 
0.3659133652 
0.3661086969 
0.3663039839 
0.3664992263 
0.3666944241 
0.3668895773 
0.3670846861 
0.3672797503 
0.3674747701 
0.3676697454 
0.3678646764 
0.3680595630 
0.3682544052 
0.3684492031 
0.3686439567 
0.3688386660 
0.3690333311 
0.3692279519 
0.3694225286 
0.3696170610 
0.3698115493 
0.3700059935 
0.3702003935 
0.3703947494 
0.3705890612 
0.3707833289 
0.3709775526 
0.3711717322 
0.3713658677 
0.3715599593 
0.3717540068 
0.3719480103 
0.3721419698 
0.3723358853 
0.3725297569 
0.3727235844 
0.3729173680 
0.3731111076 
0.3733048032 
0.3734984549 
0.3736920626 
0.3738856263 
0.3740791461 
0.3742726219 
0.3744660537 
0.3746594416 
0.3748527854 
0.3750460853 
0.3752393412 
0.3754325531 
0.3756257209 
0.3758188447 
0.3760119245 
0.3762049603 
0.3763979520 
0.3765908996 
0.3767838031 
0.3769766625 
0.3771694778 
0.3773622489 
0.3775549759 
0.3777476587 
0.3779402973 
0.3781328916 
0.3783254417 
0.3783254417 
0.3785179476 
0.3787104091 
0.3789028263 
0.3790951992 
0.3792875277 
0.3794798117 
0.3796720514 
0.3798642465 
0.3800563972 
0.3802485033 
0.3804405649 
0.3806325819 
0.3808245542 
0.3810164819 
0.3812083648 
0.3814002030 
0.3815919964 
0.3817837450 
0.3819754488 
0.3821671076 
0.3823587215 
0.3825502904 
0.3827418143 
0.3829332931 
0.3831247268 
0.3833161153 
0.3835074586 
0.3836987566 
0.3838900094 
0.3840812167 
0.3842723787 
0.3844634952 
0.3846545662 
0.3848455917 
0.3850365715 
0.3852275057 
0.3854183942 
0.3856092369 
0.3858000338 
0.3859907848 
0.3861814899 
0.3863721489 
0.3865627620 
0.3867533289 
0.3869438497 
0.3871343242 
0.3873247524 
0.3875151343 
0.3877054699 
0.3878957589 
0.3880860014 
0.3882761973 
0.3884663466 
0.3886564492 
0.3888465050 
0.3890365139 
0.3892264760 
0.3894163910 
0.3896062591 
0.3897960800 
0.3899858537 
0.3901755803 
0.3903652595 
0.3905548914 
0.3907444758 
0.3909340127 
0.3911235020 
0.3913129437 
0.3915023377 
0.3916916839 
0.3918809823 
0.3920702327 
0.3922594352 
0.3924485895 
0.3926376958 
0.3928267538 
0.3930157636 
0.3932047250 
0.3933936380 
0.3935825025 
0.3937713184 
0.3939600857 
0.3941488043 
0.3943374741 
0.3945260950 
0.3947146670 
0.3949031900 
0.3950916639 
0.3952800887 
0.3954684643 
0.3956567905 
0.3958450673 
0.3960332948 
0.3962214726 
0.3964096009 
0.3965976795 
0.3967857084 
0.3969736874 
0.3971616165 
0.3971616165 
0.3973494957 
0.3975373248 
0.3977251037 
0.3979128325 
0.3981005110 
0.3982881391 
0.3984757168 
0.3986632441 
0.3988507207 
0.3990381466 
0.3992255219 
0.3994128463 
0.3996001199 
0.3997873425 
0.3999745140 
0.4001616345 
0.4003487038 
0.4005357218 
0.4007226885 
0.4009096037 
0.4010964675 
0.4012832798 
0.4014700404 
0.4016567493 
0.4018434064 
0.4020300117 
0.4022165650 
0.4024030664 
0.4025895156 
0.4027759127 
0.4029622576 
0.4031485502 
0.4033347904 
0.4035209782 
0.4037071135 
0.4038931961 
0.4040792261 
0.4042652034 
0.4044511279 
0.4046369995 
0.4048228181 
0.4050085837 
0.4051942962 
0.4053799556 
0.4055655617 
0.4057511145 
0.4059366140 
0.4061220600 
0.4063074525 
0.4064927914 
0.4066780766 
0.4068633081 
0.4070484859 
0.4072336097 
0.4074186797 
0.4076036956 
0.4077886575 
0.4079735652 
0.4081584188 
0.4083432181 
0.4085279630 
0.4087126536 
0.4088972897 
0.4090818712 
0.4092663982 
0.4094508705 
0.4096352881 
0.4098196509 
0.4100039588 
0.4101882119 
0.4103724099 
0.4105565529 
0.4107406408 
0.4109246736 
0.4111086511 
0.4112925733 
0.4114764402 
0.4116602516 
0.4118440076 
0.4120277081 
0.4122113530 
0.4123949422 
0.4125784757 
0.4127619535 
0.4129453754 
0.4131287414 
0.4133120515 
0.4134953057 
0.4136785037 
0.4138616457 
0.4140447315 
0.4142277610 
0.4144107343 
0.4145936513 
0.4147765119 
0.4149593161 
0.4151420637 
0.4153247549 
0.4155073894 
0.4155073894 
0.4156899673 
0.4158724885 
0.4160549530 
0.4162373606 
0.4164197114 
0.4166020053 
0.4167842423 
0.4169664223 
0.4171485452 
0.4173306111 
0.4175126198 
0.4176945713 
0.4178764656 
0.4180583026 
0.4182400823 
0.4184218046 
0.4186034695 
0.4187850770 
0.4189666269 
0.4191481193 
0.4193295541 
0.4195109313 
0.4196922509 
0.4198735127 
0.4200547167 
0.4202358630 
0.4204169514 
0.4205979820 
0.4207789546 
0.4209598693 
0.4211407260 
0.4213215247 
0.4215022653 
0.4216829478 
0.4218635721 
0.4220441383 
0.4222246463 
0.4224050960 
0.4225854875 
0.4227658206 
0.4229460954 
0.4231263119 
0.4233064699 
0.4234865694 
0.4236666105 
0.4238465931 
0.4240265171 
0.4242063826 
0.4243861895 
0.4245659377 
0.4247456273 
0.4249252582 
0.4251048304 
0.4252843439 
0.4254637986 
0.4256431945 
0.4258225316 
0.4260018098 
0.4261810292 
0.4263601896 
0.4265392912 
0.4267183338 
0.4268973175 
0.4270762421 
0.4272551078 
0.4274339144 
0.4276126620 
0.4277913505 
0.4279699799 
0.4281485502 
0.4283270613 
0.4285055133 
0.4286839062 
0.4288622398 
0.4290405143 
0.4292187295 
0.4293968855 
0.4295749822 
0.4297530197 
0.4299309978 
0.4301089167 
0.4302867763 
0.4304645765 
0.4306423174 
0.4308199989 
0.4309976211 
0.4311751839 
0.4313526873 
0.4315301313 
0.4317075159 
0.4318848411 
0.4320621068 
0.4322393131 
0.4324164600 
0.4325935474 
0.4327705753 
0.4329475438 
0.4331244528 
0.4333013022 
0.4333013022 
0.4334780923 
0.4336548228 
0.4338314938 
0.4340081053 
0.4341846572 
0.4343611497 
0.4345375827 
0.4347139561 
0.4348902700 
0.4350665244 
0.4352427193 
0.4354188546 
0.4355949304 
0.4357709467 
0.4359469034 
0.4361228006 
0.4362986383 
0.4364744164 
0.4366501351 
0.4368257942 
0.4370013938 
0.4371769339 
0.4373524144 
0.4375278355 
0.4377031970 
0.4378784991 
0.4380537416 
0.4382289247 
0.4384040483 
0.4385791124 
0.4387541170 
0.4389290622 
0.4391039479 
0.4392787742 
0.4394535410 
0.4396282484 
0.4398028964 
0.4399774850 
0.4401520142 
0.4403264840 
0.4405008944 
0.4406752454 
0.4408495371 
0.4410237694 
0.4411979425 
0.4413720561 
0.4415461105 
0.4417201056 
0.4418940414 
0.4420679180 
0.4422417353 
0.4424154934 
0.4425891922 
0.4427628319 
0.4429364123 
0.4431099336 
0.4432833957 
0.4434567987 
0.4436301426 
0.4438034274 
0.4439766531 
0.4441498197 
0.4443229273 
0.4444959759 
0.4446689655 
0.4448418961 
0.4450147677 
0.4451875804 
0.4453603341 
0.4455330290 
0.4457056649 
0.4458782421 
0.4460507603 
0.4462232198 
0.4463956205 
0.4465679624 
0.4467402456 
0.4469124701 
0.4470846359 
0.4472567430 
0.4474287914 
0.4476007813 
0.4477727126 
0.4479445853 
0.4481163994 
0.4482881551 
0.4484598523 
0.4486314910 
0.4488030713 
0.4489745932 
0.4491460567 
0.4493174619 
0.4494888088 
0.4496600974 
0.4498313277 
0.4500024998 
0.4501736137 
0.4503446695 
0.4505156671 
0.4505156671 
0.4506866066 
0.4508574881 
0.4510283115 
0.4511990769 
0.4513697843 
0.4515404338 
0.4517110254 
0.4518815591 
0.4520520350 
0.4522224530 
0.4523928133 
0.4525631158 
0.4527333607 
0.4529035478 
0.4530736774 
0.4532437493 
0.4534137636 
0.4535837205 
0.4537536198 
0.4539234617 
0.4540932461 
0.4542629732 
0.4544326429 
0.4546022554 
0.4547718105 
0.4549413084 
0.4551107491 
0.4552801327 
0.4554494591 
0.4556187285 
0.4557879408 
0.4559570961 
0.4561261945 
0.4562952359 
0.4564642204 
0.4566331482 
0.4568020191 
0.4569708332 
0.4571395906 
0.4573082913 
0.4574769354 
0.4576455229 
0.4578140539 
0.4579825283 
0.4581509463 
0.4583193078 
0.4584876129 
0.4586558617 
0.4588240542 
0.4589921905 
0.4591602705 
0.4593282943 
0.4594962621 
0.4596641737 
0.4598320293 
0.4599998289 
0.4601675726 
0.4603352603 
0.4605028922 
0.4606704683 
0.4608379886 
0.4610054532 
0.4611728621 
0.4613402153 
0.4615075130 
0.4616747552 
0.4618419418 
0.4620090730 
0.4621761488 
0.4623431692 
0.4625101344 
0.4626770442 
0.4628438989 
0.4630106984 
0.4631774427 
0.4633441320 
0.4635107663 
0.4636773456 
0.4638438700 
0.4640103395 
0.4641767541 
0.4643431140 
0.4645094192 
0.4646756696 
0.4648418655 
0.4650080067 
0.4651740934 
0.4653401257 
0.4655061035 
0.4656720269 
0.4658378959 
0.4660037107 
0.4661694713 
0.4663351776 
0.4665008299 
0.4666664280 
0.4668319721 
0.4669974622 
0.4671628984 
0.4671628984 
0.4673282807 
0.4674936092 
0.4676588839 
0.4678241049 
0.4679892722 
0.4681543859 
0.4683194460 
0.4684844525 
0.4686494057 
0.4688143054 
0.4689791517 
0.4691439447 
0.4693086845 
0.4694733710 
0.4696380044 
0.4698025847 
0.4699671120 
0.4701315862 
0.4702960075 
0.4704603759 
0.4706246915 
0.4707889543 
0.4709531643 
0.4711173217 
0.4712814265 
0.4714454787 
0.4716094783 
0.4717734255 
0.4719373203 
0.4721011627 
0.4722649529 
0.4724286908 
0.4725923764 
0.4727560100 
0.4729195914 
0.4730831209 
0.4732465983 
0.4734100238 
0.4735733975 
0.4737367193 
0.4738999894 
0.4740632078 
0.4742263745 
0.4743894896 
0.4745525532 
0.4747155653 
0.4748785260 
0.4750414353 
0.4752042932 
0.4753670999 
0.4755298554 
0.4756925597 
0.4758552129 
0.4760178151 
0.4761803663 
0.4763428665 
0.4765053159 
0.4766677144 
0.4768300622 
0.4769923592 
0.4771546056 
0.4773168014 
0.4774789466 
0.4776410414 
0.4778030857 
0.4779650796 
0.4781270232 
0.4782889165 
0.4784507596 
0.4786125525 
0.4787742954 
0.4789359882 
0.4790976309 
0.4792592238 
0.4794207668 
0.4795822599 
0.4797437033 
0.4799050969 
0.4800664409 
0.4802277353 
0.4803889802 
0.4805501755 
0.4807113215 
0.4808724180 
0.4810334652 
0.4811944632 
0.4813554119 
0.4815163115 
0.4816771619 
0.4818379634 
0.4819987158 
0.4821594193 
0.4823200739 
0.4824806797 
0.4826412368 
0.4828017451 
0.4829622048 
0.4831226159 
0.4832829784 
0.4832829784 
0.4834432924 
0.4836035581 
0.4837637753 
0.4839239442 
0.4840840649 
0.4842441373 
0.4844041616 
0.4845641378 
0.4847240660 
0.4848839461 
0.4850437784 
0.4852035627 
0.4853632993 
0.4855229881 
0.4856826291 
0.4858422226 
0.4860017684 
0.4861612667 
0.4863207175 
0.4864801208 
0.4866394768 
0.4867987855 
0.4869580469 
0.4871172611 
0.4872764282 
0.4874355481 
0.4875946210 
0.4877536469 
0.4879126259 
0.4880715580 
0.4882304433 
0.4883892819 
0.4885480737 
0.4887068188 
0.4888655174 
0.4890241694 
0.4891827749 
0.4893413339 
0.4894998466 
0.4896583130 
0.4898167331 
0.4899751069 
0.4901334346 
0.4902917162 
0.4904499518 
0.4906081413 
0.4907662849 
0.4909243826 
0.4910824345 
0.4912404406 
0.4913984009 
0.4915563156 
0.4917141847 
0.4918720081 
0.4920297861 
0.4921875187 
0.4923452058 
0.4925028475 
0.4926604440 
0.4928179953 
0.4929755013 
0.4931329622 
0.4932903780 
0.4934477489 
0.4936050747 
0.4937623556 
0.4939195916 
0.4940767829 
0.4942339293 
0.4943910311 
0.4945480882 
0.4947051007 
0.4948620687 
0.4950189922 
0.4951758712 
0.4953327058 
0.4954894961 
0.4956462422 
0.4958029440 
0.4959596016 
0.4961162151 
0.4962727845 
0.4964293099 
0.4965857914 
0.4967422289 
0.4968986226 
0.4970549724 
0.4972112785 
0.4973675409 
0.4975237596 
0.4976799348 
0.4978360664 
0.4979921545 
0.4981481991 
0.4983042004 
0.4984601583 
0.4986160729 
0.4987719443 
0.4989277725 
0.4989277725 
0.4990835576 
0.4992392996 
0.4993949985 
0.4995506545 
0.4997062675 
0.4998618377 
0.5000173650 
0.5001728496 
0.5003282914 
0.5004836906 
0.5006390471 
0.5007943611 
0.5009496325 
0.5011048615 
0.5012600480 
0.5014151922 
0.5015702941 
0.5017253536 
0.5018803710 
0.5020353462 
0.5021902793 
0.5023451703 
0.5025000192 
0.5026548262 
0.5028095913 
0.5029643146 
0.5031189960 
0.5032736356 
0.5034282335 
0.5035827897 
0.5037373043 
0.5038917774 
0.5040462089 
0.5042005989 
0.5043549475 
0.5045092548 
0.5046635207 
0.5048177453 
0.5049719287 
0.5051260709 
0.5052801720 
0.5054342320 
0.5055882510 
0.5057422290 
0.5058961660 
0.5060500622 
0.5062039175 
0.5063577320 
0.5065115058 
0.5066652389 
0.5068189313 
0.5069725831 
0.5071261944 
0.5072797651 
0.5074332954 
0.5075867853 
0.5077402349 
0.5078936441 
0.5080470130 
0.5082003418 
0.5083536303 
0.5085068788 
0.5086600871 
0.5088132554 
0.5089663838 
0.5091194722 
0.5092725207 
0.5094255293 
0.5095784982 
0.5097314273 
0.5098843167 
0.5100371665 
0.5101899766 
0.5103427472 
0.5104954783 
0.5106481699 
0.5108008220 
0.5109534348 
0.5111060083 
0.5112585424 
0.5114110374 
0.5115634931 
0.5117159097 
0.5118682872 
0.5120206256 
0.5121729250 
0.5123251854 
0.5124774069 
0.5126295896 
0.5127817334 
0.5129338384 
0.5130859047 
0.5132379323 
0.5133899212 
0.5135418715 
0.5136937833 
0.5138456566 
0.5139974913 
0.5141492877 
0.5141492877 
0.5143010457 
0.5144527653 
0.5146044467 
0.5147560898 
0.5149076947 
0.5150592614 
0.5152107901 
0.5153622806 
0.5155137332 
0.5156651477 
0.5158165243 
0.5159678631 
0.5161191639 
0.5162704270 
0.5164216523 
0.5165728399 
0.5167239898 
0.5168751021 
0.5170261768 
0.5171772140 
0.5173282136 
0.5174791758 
0.5176301006 
0.5177809880 
0.5179318381 
0.5180826509 
0.5182334265 
0.5183841649 
0.5185348661 
0.5186855302 
0.5188361573 
0.5189867473 
0.5191373003 
0.5192878164 
0.5194382956 
0.5195887380 
0.5197391435 
0.5198895123 
0.5200398443 
0.5201901397 
0.5203403984 
0.5204906205 
0.5206408061 
0.5207909552 
0.5209410677 
0.5210911439 
0.5212411836 
0.5213911871 
0.5215411542 
0.5216910850 
0.5218409797 
0.5219908381 
0.5221406604 
0.5222904467 
0.5224401969 
0.5225899110 
0.5227395892 
0.5228892315 
0.5230388379 
0.5231884084 
0.5233379431 
0.5234874421 
0.5236369054 
0.5237863329 
0.5239357249 
0.5240850812 
0.5242344020 
0.5243836873 
0.5245329371 
0.5246821515 
0.5248313304 
0.5249804741 
0.5251295824 
0.5252786554 
0.5254276933 
0.5255766959 
0.5257256634 
0.5258745958 
0.5260234931 
0.5261723554 
0.5263211827 
0.5264699751 
0.5266187326 
0.5267674552 
0.5269161430 
0.5270647960 
0.5272134143 
0.5273619979 
0.5275105468 
0.5276590611 
0.5278075408 
0.5279559860 
0.5281043967 
0.5282527729 
0.5284011147 
0.5285494222 
0.5286976953 
0.5288459341 
0.5289941386 
0.5289941386 
0.5291423090 
0.5292904451 
0.5294385471 
0.5295866150 
0.5297346489 
0.5298826487 
0.5300306146 
0.5301785465 
0.5303264445 
0.5304743087 
0.5306221391 
0.5307699356 
0.5309176985 
0.5310654276 
0.5312131231 
0.5313607849 
0.5315084132 
0.5316560079 
0.5318035691 
0.5319510969 
0.5320985912 
0.5322460522 
0.5323934798 
0.5325408741 
0.5326882351 
0.5328355630 
0.5329828576 
0.5331301191 
0.5332773474 
0.5334245427 
0.5335717050 
0.5337188343 
0.5338659306 
0.5340129940 
0.5341600246 
0.5343070223 
0.5344539872 
0.5346009193 
0.5347478188 
0.5348946855 
0.5350415196 
0.5351883211 
0.5353350901 
0.5354818265 
0.5356285305 
0.5357752020 
0.5359218411 
0.5360684478 
0.5362150222 
0.5363615643 
0.5365080742 
0.5366545519 
0.5368009973 
0.5369474107 
0.5370937920 
0.5372401412 
0.5373864583 
0.5375327435 
0.5376789968 
0.5378252182 
0.5379714077 
0.5381175653 
0.5382636912 
0.5384097854 
0.5385558478 
0.5387018786 
0.5388478777 
0.5389938453 
0.5391397813 
0.5392856857 
0.5394315588 
0.5395774003 
0.5397232105 
0.5398689893 
0.5400147368 
0.5401604530 
0.5403061380 
0.5404517917 
0.5405974143 
0.5407430058 
0.5408885661 
0.5410340955 
0.5411795938 
0.5413250611 
0.5414704975 
0.5416159030 
0.5417612776 
0.5419066214 
0.5420519345 
0.5421972168 
0.5423424684 
0.5424876893 
0.5426328796 
0.5427780393 
0.5429231684 
0.5430682671 
0.5432133353 
0.5433583730 
0.5435033803 
0.5435033803 
0.5436483573 
0.5437933040 
0.5439382203 
0.5440831065 
0.5442279624 
0.5443727882 
0.5445175838 
0.5446623493 
0.5448070848 
0.5449517903 
0.5450964658 
0.5452411114 
0.5453857270 
0.5455303128 
0.5456748688 
0.5458193950 
0.5459638915 
0.5461083583 
0.5462527954 
0.5463972028 
0.5465415807 
0.5466859290 
0.5468302478 
0.5469745372 
0.5471187971 
0.5472630276 
0.5474072287 
0.5475514005 
0.5476955431 
0.5478396564 
0.5479837404 
0.5481277954 
0.5482718212 
0.5484158179 
0.5485597855 
0.5487037241 
0.5488476338 
0.5489915145 
0.5491353664 
0.5492791893 
0.5494229835 
0.5495667488 
0.5497104855 
0.5498541934 
0.5499978726 
0.5501415232 
0.5502851453 
0.5504287387 
0.5505723037 
0.5507158402 
0.5508593482 
0.5510028279 
0.5511462792 
0.5512897022 
0.5514330969 
0.5515764633 
0.5517198016 
0.5518631116 
0.5520063936 
0.5521496474 
0.5522928733 
0.5524360711 
0.5525792409 
0.5527223828 
0.5528654968 
0.5530085829 
0.5531516412 
0.5532946718 
0.5534376746 
0.5535806496 
0.5537235971 
0.5538665169 
0.5540094091 
0.5541522737 
0.5542951109 
0.5544379206 
0.5545807028 
0.5547234577 
0.5548661852 
0.5550088854 
0.5551515583 
0.5552942039 
0.5554368224 
0.5555794137 
0.5557219778 
0.5558645149 
0.5560070250 
0.5561495080 
0.5562919641 
0.5564343932 
0.5565767955 
0.5567191709 
0.5568615194 
0.5570038412 
0.5571461363 
0.5572884047 
0.5574306464 
0.5575728615 
0.5577150500 
0.5577150500 
0.5578572119 
0.5579993474 
0.5581414564 
0.5582835389 
0.5584255951 
0.5585676250 
0.5587096285 
0.5588516057 
0.5589935567 
0.5591354816 
0.5592773802 
0.5594192528 
0.5595610993 
0.5597029197 
0.5598447141 
0.5599864826 
0.5601282252 
0.5602699418 
0.5604116327 
0.5605532977 
0.5606949369 
0.5608365505 
0.5609781383 
0.5611197005 
0.5612612371 
0.5614027481 
0.5615442335 
0.5616856935 
0.5618271280 
0.5619685371 
0.5621099209 
0.5622512793 
0.5623926123 
0.5625339202 
0.5626752028 
0.5628164602 
0.5629576925 
0.5630988997 
0.5632400818 
0.5633812388 
0.5635223709 
0.5636634781 
0.5638045603 
0.5639456177 
0.5640866502 
0.5642276579 
0.5643686409 
0.5645095992 
0.5646505328 
0.5647914417 
0.5649323260 
0.5650731858 
0.5652140211 
0.5653548319 
0.5654956182 
0.5656363802 
0.5657771177 
0.5659178310 
0.5660585199 
0.5661991847 
0.5663398252 
0.5664804415 
0.5666210337 
0.5667616018 
0.5669021458 
0.5670426659 
0.5671831619 
0.5673236341 
0.5674640823 
0.5676045067 
0.5677449072 
0.5678852840 
0.5680256370 
0.5681659663 
0.5683062720 
0.5684465540 
0.5685868125 
0.5687270474 
0.5688672588 
0.5690074467 
0.5691476112 
0.5692877523 
0.5694278700 
0.5695679645 
0.5697080356 
0.5698480836 
0.5699881083 
0.5701281098 
0.5702680883 
0.5704080437 
0.5705479760 
0.5706878853 
0.5708277717 
0.5709676351 
0.5711074757 
0.5712472934 
0.5713870883 
0.5715268604 
0.5716666098 
0.5716666098 
0.5718063365 
0.5719460406 
0.5720857220 
0.5722253809 
0.5723650172 
0.5725046311 
0.5726442225 
0.5727837914 
0.5729233380 
0.5730628622 
0.5732023642 
0.5733418438 
0.5734813013 
0.5736207365 
0.5737601496 
0.5738995406 
0.5740389096 
0.5741782565 
0.5743175814 
0.5744568843 
0.5745961654 
0.5747354245 
0.5748746618 
0.5750138774 
0.5751530711 
0.5752922432 
0.5754313935 
0.5755705222 
0.5757096293 
0.5758487149 
0.5759877789 
0.5761268214 
0.5762658424 
0.5764048421 
0.5765438204 
0.5766827773 
0.5768217130 
0.5769606273 
0.5770995205 
0.5772383925 
0.5773772433 
0.5775160731 
0.5776548817 
0.5777936694 
0.5779324360 
0.5780711817 
0.5782099065 
0.5783486104 
0.5784872935 
0.5786259558 
0.5787645973 
0.5789032181 
0.5790418182 
0.5791803977 
0.5793189565 
0.5794574948 
0.5795960126 
0.5797345099 
0.5798729867 
0.5800114431 
0.5801498791 
0.5802882948 
0.5804266902 
0.5805650654 
0.5807034203 
0.5808417550 
0.5809800695 
0.5811183640 
0.5812566384 
0.5813948928 
0.5815331271 
0.5816713415 
0.5818095360 
0.5819477106 
0.5820858654 
0.5822240003 
0.5823621155 
0.5825002110 
0.5826382867 
0.5827763428 
0.5829143793 
0.5830523962 
0.5831903936 
0.5833283715 
0.5834663299 
0.5836042688 
0.5837421884 
0.5838800886 
0.5840179696 
0.5841558312 
0.5842936736 
0.5844314968 
0.5845693008 
0.5847070857 
0.5848448515 
0.5849825983 
0.5851203261 
0.5852580348 
0.5853957247 
0.5853957247 
0.5855333956 
0.5856710477 
0.5858086809 
0.5859462953 
0.5860838910 
0.5862214680 
0.5863590263 
0.5864965660 
0.5866340870 
0.5867715895 
0.5869090735 
0.5870465390 
0.5871839860 
0.5873214146 
0.5874588248 
0.5875962166 
0.5877335902 
0.5878709455 
0.5880082825 
0.5881456014 
0.5882829021 
0.5884201847 
0.5885574492 
0.5886946956 
0.5888319240 
0.5889691345 
0.5891063270 
0.5892435016 
0.5893806584 
0.5895177973 
0.5896549184 
0.5897920218 
0.5899291074 
0.5900661754 
0.5902032257 
0.5903402584 
0.5904772736 
0.5906142712 
0.5907512512 
0.5908882139 
0.5910251591 
0.5911620869 
0.5912989974 
0.5914358905 
0.5915727664 
0.5917096250 
0.5918464664 
0.5919832906 
0.5921200977 
0.5922568876 
0.5923936605 
0.5925304164 
0.5926671553 
0.5928038772 
0.5929405822 
0.5930772704 
0.5932139416 
0.5933505961 
0.5934872337 
0.5936238547 
0.5937604589 
0.5938970464 
0.5940336173 
0.5941701716 
0.5943067093 
0.5944432305 
0.5945797352 
0.5947162235 
0.5948526953 
0.5949891507 
0.5951255898 
0.5952620125 
0.5953984190 
0.5955348092 
0.5956711832 
0.5958075411 
0.5959438827 
0.5960802083 
0.5962165178 
0.5963528113 
0.5964890887 
0.5966253502 
0.5967615958 
0.5968978254 
0.5970340392 
0.5971702372 
0.5973064193 
0.5974425857 
0.5975787364 
0.5977148714 
0.5978509907 
0.5979870945 
0.5981231826 
0.5982592551 
0.5983953122 
0.5985313538 
0.5986673799 
0.5988033906 
0.5989393859 
0.5989393859 
0.5990753659 
0.5992113305 
0.5993472799 
0.5994832140 
0.5996191330 
0.5997550367 
0.5998909253 
0.6000267988 
0.6001626572 
0.6002985006 
0.6004343290 
0.6005701423 
0.6007059408 
0.6008417244 
0.6009774930 
0.6011132469 
0.6012489859 
0.6013847102 
0.6015204197 
0.6016561145 
0.6017917946 
0.6019274601 
0.6020631110 
0.6021987474 
0.6023343692 
0.6024699765 
0.6026055693 
0.6027411476 
0.6028767116 
0.6030122612 
0.6031477965 
0.6032833174 
0.6034188241 
0.6035543165 
0.6036897947 
0.6038252588 
0.6039607087 
0.6040961445 
0.6042315662 
0.6043669739 
0.6045023676 
0.6046377472 
0.6047731130 
0.6049084648 
0.6050438027 
0.6051791268 
0.6053144371 
0.6054497336 
0.6055850163 
0.6057202853 
0.6058555406 
0.6059907823 
0.6061260104 
0.6062612248 
0.6063964257 
0.6065316130 
0.6066667869 
0.6068019473 
0.6069370943 
0.6070722278 
0.6072073480 
0.6073424549 
0.6074775484 
0.6076126287 
0.6077476957 
0.6078827495 
0.6080177901 
0.6081528176 
0.6082878320 
0.6084228333 
0.6085578215 
0.6086927967 
0.6088277589 
0.6089627081 
0.6090976444 
0.6092325679 
0.6093674784 
0.6095023761 
0.6096372610 
0.6097721331 
0.6099069925 
0.6100418392 
0.6101766731 
0.6103114945 
0.6104463032 
0.6105810993 
0.6107158828 
0.6108506539 
0.6109854124 
0.6111201584 
0.6112548920 
0.6113896132 
0.6115243220 
0.6116590185 
0.6117937027 
0.6119283745 
0.6120630341 
0.6121976815 
0.6123323167 
0.6123323167 
0.6124669397 
0.6126015506 
0.6127361493 
0.6128707360 
0.6130053106 
0.6131398732 
0.6132744239 
0.6134089625 
0.6135434893 
0.6136780041 
0.6138125071 
0.6139469982 
0.6140814775 
0.6142159450 
0.6143504008 
0.6144848448 
0.6146192772 
0.6147536979 
0.6148881069 
0.6150225043 
0.6151568902 
0.6152912645 
0.6154256273 
0.6155599786 
0.6156943184 
0.6158286468 
0.6159629638 
0.6160972694 
0.6162315637 
0.6163658466 
0.6165001183 
0.6166343787 
0.6167686279 
0.6169028658 
0.6170370926 
0.6171713082 
0.6173055127 
0.6174397061 
0.6175738885 
0.6177080598 
0.6178422201 
0.6179763695 
0.6181105078 
0.6182446353 
0.6183787519 
0.6185128576 
0.6186469524 
0.6187810365 
0.6189151097 
0.6190491722 
0.6191832240 
0.6193172651 
0.6194512955 
0.6195853152 
0.6197193244 
0.6198533229 
0.6199873109 
0.6201212883 
0.6202552553 
0.6203892117 
0.6205231577 
0.6206570933 
0.6207910185 
0.6209249333 
0.6210588377 
0.6211927319 
0.6213266157 
0.6214604893 
0.6215943527 
0.6217282058 
0.6218620488 
0.6219958815 
0.6221297042 
0.6222635168 
0.6223973193 
0.6225311117 
0.6226648941 
0.6227986665 
0.6229324290 
0.6230661815 
0.6231999240 
0.6233336567 
0.6234673795 
0.6236010925 
0.6237347957 
0.6238684891 
0.6240021727 
0.6241358466 
0.6242695108 
0.6244031653 
0.6245368101 
0.6246704453 
0.6248040709 
0.6249376869 
0.6250712934 
0.6252048903 
0.6253384778 
0.6254720557 
0.6256056243 
0.6256056243 
0.6257391833 
0.6258727330 
0.6260062733 
0.6261398043 
0.6262733259 
0.6264068383 
0.6265403414 
0.6266738352 
0.6268073198 
0.6269407952 
0.6270742614 
0.6272077185 
0.6273411665 
0.6274746053 
0.6276080351 
0.6277414559 
0.6278748676 
0.6280082703 
0.6281416641 
0.6282750489 
0.6284084248 
0.6285417917 
0.6286751498 
0.6288084991 
0.6289418396 
0.6290751712 
0.6292084941 
0.6293418082 
0.6294751135 
0.6296084102 
0.6297416982 
0.6298749776 
0.6300082483 
0.6301415104 
0.6302747640 
0.6304080089 
0.6305412454 
0.6306744733 
0.6308076928 
0.6309409038 
0.6310741063 
0.6312073005 
0.6313404862 
0.6314736636 
0.6316068327 
0.6317399934 
0.6318731458 
0.6320062900 
0.6321394259 
0.6322725536 
0.6324056731 
0.6325387844 
0.6326718876 
0.6328049826 
0.6329380696 
0.6330711484 
0.6332042192 
0.6333372819 
0.6334703367 
0.6336033834 
0.6337364222 
0.6338694531 
0.6340024760 
0.6341354910 
0.6342684982 
0.6344014975 
0.6345344889 
0.6346674726 
0.6348004485 
0.6349334166 
0.6350663770 
0.6351993297 
0.6353322746 
0.6354652120 
0.6355981416 
0.6357310637 
0.6358639781 
0.6359968850 
0.6361297843 
0.6362626761 
0.6363955603 
0.6365284371 
0.6366613064 
0.6367941683 
0.6369270227 
0.6370598698 
0.6371927095 
0.6373255418 
0.6374583668 
0.6375911844 
0.6377239948 
0.6378567980 
0.6379895938 
0.6381223825 
0.6382551639 
0.6383879382 
0.6385207053 
0.6386534653 
0.6387862182 
0.6387862182 
0.6389189640 
0.6390517027 
0.6391844344 
0.6393171590 
0.6394498767 
0.6395825873 
0.6397152910 
0.6398479878 
0.6399806776 
0.6401133605 
0.6402460366 
0.6403787058 
0.6405113682 
0.6406440238 
0.6407766726 
0.6409093146 
0.6410419499 
0.6411745784 
0.6413072003 
0.6414398154 
0.6415724239 
0.6417050258 
0.6418376210 
0.6419702097 
0.6421027917 
0.6422353672 
0.6423679362 
0.6425004987 
0.6426330546 
0.6427656041 
0.6428981472 
0.6430306838 
0.6431632140 
0.6432957378 
0.6434282553 
0.6435607664 
0.6436932711 
0.6438257696 
0.6439582618 
0.6440907477 
0.6442232274 
0.6443557008 
0.6444881681 
0.6446206291 
0.6447530840 
0.6448855328 
0.6450179754 
0.6451504120 
0.6452828424 
0.6454152668 
0.6455476852 
0.6456800975 
0.6458125039 
0.6459449042 
0.6460772986 
0.6462096871 
0.6463420697 
0.6464744463 
0.6466068171 
0.6467391820 
0.6468715411 
0.6470038943 
0.6471362418 
0.6472685835 
0.6474009194 
0.6475332496 
0.6476655740 
0.6477978928 
0.6479302059 
0.6480625133 
0.6481948151 
0.6483271113 
0.6484594019 
0.6485916869 
0.6487239663 
0.6488562402 
0.6489885086 
0.6491207715 
0.6492530289 
0.6493852808 
0.6495175273 
0.6496497683 
0.6497820040 
0.6499142343 
0.6500464592 
0.6501786788 
0.6503108931 
0.6504431020 
0.6505753057 
0.6507075041 
0.6508396972 
0.6509718851 
0.6511040678 
0.6512362454 
0.6513684177 
0.6515005849 
0.6516327470 
0.6517649039 
0.6518970558 
0.6518970558 
0.6520292026 
0.6521613443 
0.6522934810 
0.6524256127 
0.6525577394 
0.6526898611 
0.6528219779 
0.6529540897 
0.6530861966 
0.6532182986 
0.6533503957 
0.6534824879 
0.6536145753 
0.6537466579 
0.6538787356 
0.6540108086 
0.6541428768 
0.6542749403 
0.6544069990 
0.6545390530 
0.6546711023 
0.6548031470 
0.6549351869 
0.6550672223 
0.6551992530 
0.6553312791 
0.6554633007 
0.6555953177 
0.6557273301 
0.6558593380 
0.6559913414 
0.6561233404 
0.6562553348 
0.6563873248 
0.6565193104 
0.6566512915 
0.6567832683 
0.6569152407 
0.6570472087 
0.6571791724 
0.6573111317 
0.6574430868 
0.6575750376 
0.6577069841 
0.6578389263 
0.6579708644 
0.6581027982 
0.6582347278 
0.6583666533 
0.6584985746 
0.6586304917 
0.6587624048 
0.6588943137 
0.6590262186 
0.6591581194 
0.6592900161 
0.6594219089 
0.6595537976 
0.6596856823 
0.6598175631 
0.6599494399 
0.6600813127 
0.6602131817 
0.6603450467 
0.6604769079 
0.6606087652 
0.6607406187 
0.6608724683 
0.6610043141 
0.6611361561 
0.6612679944 
0.6613998289 
0.6615316597 
0.6616634867 
0.6617953101 
0.6619271298 
0.6620589458 
0.6621907581 
0.6623225669 
0.6624543720 
0.6625861735 
0.6627179715 
0.6628497659 
0.6629815567 
0.6631133441 
0.6632451279 
0.6633769083 
0.6635086852 
0.6636404586 
0.6637722287 
0.6639039953 
0.6640357585 
0.6641675183 
0.6642992748 
0.6644310279 
0.6645627777 
0.6646945242 
0.6648262675 
0.6649580074 
0.6649580074 
0.6650897441 
0.6652214776 
0.6653532079 
0.6654849349 
0.6656166588 
0.6657483795 
0.6658800971 
0.6660118115 
0.6661435229 
0.6662752311 
0.6664069363 
0.6665386384 
0.6666703375 
0.6668020336 
0.6669337267 
0.6670654167 
0.6671971039 
0.6673287880 
0.6674604693 
0.6675921476 
0.6677238230 
0.6678554956 
0.6679871653 
0.6681188321 
0.6682504962 
0.6683821574 
0.6685138158 
0.6686454715 
0.6687771244 
0.6689087746 
0.6690404221 
0.6691720668 
0.6693037089 
0.6694353484 
0.6695669851 
0.6696986193 
0.6698302508 
0.6699618798 
0.6700935061 
0.6702251299 
0.6703567512 
0.6704883699 
0.6706199862 
0.6707515999 
0.6708832112 
0.6710148201 
0.6711464265 
0.6712780305 
0.6714096321 
0.6715412313 
0.6716728281 
0.6718044226 
0.6719360148 
0.6720676046 
0.6721991922 
0.6723307775 
0.6724623605 
0.6725939413 
0.6727255199 
0.6728570963 
0.6729886705 
0.6731202425 
0.6732518124 
0.6733833801 
0.6735149457 
0.6736465093 
0.6737780707 
0.6739096301 
0.6740411874 
0.6741727427 
0.6743042960 
0.6744358474 
0.6745673967 
0.6746989441 
0.6748304895 
0.6749620330 
0.6750935747 
0.6752251144 
0.6753566523 
0.6754881883 
0.6756197225 
0.6757512548 
0.6758827854 
0.6760143142 
0.6761458413 
0.6762773665 
0.6764088901 
0.6765404120 
0.6766719321 
0.6768034506 
0.6769349675 
0.6770664827 
0.6771979963 
0.6773295083 
0.6774610187 
0.6775925275 
0.6777240348 
0.6778555405 
0.6779870448 
0.6779870448 
0.6781185475 
0.6782500488 
0.6783815486 
0.6785130470 
0.6786445440 
0.6787760395 
0.6789075337 
0.6790390264 
0.6791705179 
0.6793020080 
0.6794334968 
0.6795649843 
0.6796964705 
0.6798279554 
0.6799594391 
0.6800909216 
0.6802224028 
0.6803538829 
0.6804853618 
0.6806168395 
0.6807483161 
0.6808797916 
0.6810112660 
0.6811427393 
0.6812742115 
0.6814056827 
0.6815371528 
0.6816686220 
0.6818000901 
0.6819315573 
0.6820630235 
0.6821944888 
0.6823259531 
0.6824574166 
0.6825888791 
0.6827203408 
0.6828518016 
0.6829832616 
0.6831147208 
0.6832461792 
0.6833776368 
0.6835090937 
0.6836405498 
0.6837720052 
0.6839034599 
0.6840349139 
0.6841663672 
0.6842978199 
0.6844292719 
0.6845607233 
0.6846921741 
0.6848236244 
0.6849550741 
0.6850865232 
0.6852179718 
0.6853494199 
0.6854808675 
0.6856123147 
0.6857437614 
0.6858752076 
0.6860066535 
0.6861380989 
0.6862695440 
0.6864009887 
0.6865324331 
0.6866638771 
0.6867953209 
0.6869267643 
0.6870582075 
0.6871896504 
0.6873210931 
0.6874525356 
0.6875839778 
0.6877154199 
0.6878468619 
0.6879783037 
0.6881097454 
0.6882411869 
0.6883726284 
0.6885040698 
0.6886355112 
0.6887669525 
0.6888983939 
0.6890298352 
0.6891612766 
0.6892927180 
0.6894241594 
0.6895556010 
0.6896870426 
0.6898184843 
0.6899499262 
0.6900813683 
0.6902128105 
0.6903442529 
0.6904756955 
0.6906071384 
0.6907385814 
0.6908700248 
0.6910014684 
0.6910014684 
0.6911329124 
0.6912643567 
0.6913958013 
0.6915272462 
0.6916586916 
0.6917901373 
0.6919215835 
0.6920530300 
0.6921844771 
0.6923159246 
0.6924473726 
0.6925788211 
0.6927102701 
0.6928417197 
0.6929731699 
0.6931046206 
0.6932360719 
0.6933675239 
0.6934989765 
0.6936304297 
0.6937618836 
0.6938933383 
0.6940247936 
0.6941562497 
0.6942877065 
0.6944191641 
0.6945506225 
0.6946820817 
0.6948135418 
0.6949450027 
0.6950764644 
0.6952079271 
0.6953393906 
0.6954708551 
0.6956023205 
0.6957337869 
0.6958652543 
0.6959967226 
0.6961281920 
0.6962596624 
0.6963911339 
0.6965226065 
0.6966540801 
0.6967855549 
0.6969170308 
0.6970485079 
0.6971799861 
0.6973114656 
0.6974429462 
0.6975744281 
0.6977059112 
0.6978373956 
0.6979688813 
0.6981003683 
0.6982318567 
0.6983633463 
0.6984948374 
0.6986263298 
0.6987578236 
0.6988893189 
0.6990208156 
0.6991523138 
0.6992838135 
0.6994153146 
0.6995468173 
0.6996783215 
0.6998098273 
0.6999413347 
0.7000728437 
0.7002043543 
0.7003358665 
0.7004673804 
0.7005988960 
0.7007304133 
0.7008619323 
0.7009934530 
0.7011249755 
0.7012564998 
0.7013880259 
0.7015195538 
0.7016510835 
0.7017826151 
0.7019141485 
0.7020456839 
0.7021772212 
0.7023087604 
0.7024403016 
0.7025718447 
0.7027033899 
0.7028349370 
0.7029664862 
0.7030980375 
0.7032295908 
0.7033611463 
0.7034927038 
0.7036242635 
0.7037558253 
0.7038873893 
0.7040189555 
0.7040189555 
0.7041505240 
0.7042820946 
0.7044136675 
0.7045452427 
0.7046768202 
0.7048084000 
0.7049399822 
0.7050715667 
0.7052031536 
0.7053347429 
0.7054663346 
0.7055979287 
0.7057295253 
0.7058611244 
0.7059927259 
0.7061243300 
0.7062559367 
0.7063875459 
0.7065191576 
0.7066507720 
0.7067823890 
0.7069140086 
0.7070456309 
0.7071772559 
0.7073088836 
0.7074405140 
0.7075721472 
0.7077037831 
0.7078354218 
0.7079670633 
0.7080987076 
0.7082303548 
0.7083620048 
0.7084936578 
0.7086253136 
0.7087569724 
0.7088886341 
0.7090202988 
0.7091519665 
0.7092836372 
0.7094153109 
0.7095469877 
0.7096786675 
0.7098103505 
0.7099420365 
0.7100737257 
0.7102054181 
0.7103371136 
0.7104688123 
0.7106005143 
0.7107322195 
0.7108639279 
0.7109956397 
0.7111273547 
0.7112590731 
0.7113907948 
0.7115225199 
0.7116542483 
0.7117859802 
0.7119177155 
0.7120494543 
0.7121811965 
0.7123129422 
0.7124446914 
0.7125764442 
0.7127082005 
0.7128399604 
0.7129717239 
0.7131034910 
0.7132352618 
0.7133670362 
0.7134988143 
0.7136305961 
0.7137623816 
0.7138941709 
0.7140259639 
0.7141577607 
0.7142895614 
0.7144213659 
0.7145531742 
0.7146849864 
0.7148168025 
0.7149486225 
0.7150804465 
0.7152122744 
0.7153441063 
0.7154759422 
0.7156077821 
0.7157396261 
0.7158714741 
0.7160033262 
0.7161351825 
0.7162670428 
0.7163989074 
0.7165307761 
0.7166626490 
0.7167945261 
0.7169264074 
0.7170582930 
0.7170582930 
0.7171901829 
0.7173220772 
0.7174539757 
0.7175858786 
0.7177177858 
0.7178496975 
0.7179816135 
0.7181135340 
0.7182454590 
0.7183773884 
0.7185093224 
0.7186412608 
0.7187732038 
0.7189051514 
0.7190371036 
0.7191690603 
0.7193010217 
0.7194329878 
0.7195649585 
0.7196969340 
0.7198289141 
0.7199608990 
0.7200928887 
0.7202248832 
0.7203568824 
0.7204888865 
0.7206208955 
0.7207529093 
0.7208849280 
0.7210169516 
0.7211489802 
0.7212810138 
0.7214130523 
0.7215450958 
0.7216771444 
0.7218091980 
0.7219412567 
0.7220733205 
0.7222053894 
0.7223374635 
0.7224695427 
0.7226016271 
0.7227337167 
0.7228658115 
0.7229979116 
0.7231300170 
0.7232621277 
0.7233942437 
0.7235263650 
0.7236584917 
0.7237906238 
0.7239227613 
0.7240549042 
0.7241870526 
0.7243192065 
0.7244513658 
0.7245835307 
0.7247157012 
0.7248478772 
0.7249800588 
0.7251122460 
0.7252444388 
0.7253766373 
0.7255088415 
0.7256410514 
0.7257732670 
0.7259054884 
0.7260377155 
0.7261699484 
0.7263021872 
0.7264344318 
0.7265666822 
0.7266989385 
0.7268312008 
0.7269634690 
0.7270957431 
0.7272280232 
0.7273603093 
0.7274926014 
0.7276248996 
0.7277572039 
0.7278895142 
0.7280218306 
0.7281541532 
0.7282864820 
0.7284188169 
0.7285511580 
0.7286835054 
0.7288158590 
0.7289482189 
0.7290805851 
0.7292129576 
0.7293453364 
0.7294777217 
0.7296101133 
0.7297425113 
0.7298749158 
0.7300073267 
0.7301397441 
0.7301397441 
0.7302721680 
0.7304045984 
0.7305370354 
0.7306694790 
0.7308019292 
0.7309343859 
0.7310668494 
0.7311993195 
0.7313317963 
0.7314642798 
0.7315967700 
0.7317292670 
0.7318617708 
0.7319942814 
0.7321267988 
0.7322593231 
0.7323918543 
0.7325243923 
0.7326569373 
0.7327894892 
0.7329220481 
0.7330546140 
0.7331871870 
0.7333197669 
0.7334523539 
0.7335849481 
0.7337175493 
0.7338501576 
0.7339827732 
0.7341153959 
0.7342480258 
0.7343806629 
0.7345133073 
0.7346459590 
0.7347786179 
0.7349112842 
0.7350439579 
0.7351766389 
0.7353093273 
0.7354420231 
0.7355747263 
0.7357074371 
0.7358401553 
0.7359728810 
0.7361056143 
0.7362383551 
0.7363711035 
0.7365038595 
0.7366366232 
0.7367693945 
0.7369021735 
0.7370349601 
0.7371677545 
0.7373005567 
0.7374333666 
0.7375661844 
0.7376990099 
0.7378318433 
0.7379646846 
0.7380975337 
0.7382303908 
0.7383632558 
0.7384961288 
0.7386290097 
0.7387618987 
0.7388947957 
0.7390277008 
0.7391606139 
0.7392935352 
0.7394264646 
0.7395594021 
0.7396923479 
0.7398253018 
0.7399582640 
0.7400912344 
0.7402242130 
0.7403572000 
0.7404901953 
0.7406231990 
0.7407562110 
0.7408892314 
0.7410222603 
0.7411552975 
0.7412883433 
0.7414213975 
0.7415544603 
0.7416875316 
0.7418206114 
0.7419536999 
0.7420867969 
0.7422199026 
0.7423530170 
0.7424861400 
0.7426192717 
0.7427524122 
0.7428855614 
0.7430187194 
0.7431518863 
0.7432850619 
0.7432850619 
0.7434182464 
0.7435514398 
0.7436846420 
0.7438178532 
0.7439510734 
0.7440843025 
0.7442175406 
0.7443507878 
0.7444840440 
0.7446173092 
0.7447505836 
0.7448838671 
0.7450171597 
0.7451504615 
0.7452837725 
0.7454170927 
0.7455504221 
0.7456837608 
0.7458171088 
0.7459504661 
0.7460838328 
0.7462172088 
0.7463505942 
0.7464839890 
0.7466173932 
0.7467508069 
0.7468842301 
0.7470176628 
0.7471511050 
0.7472845568 
0.7474180182 
0.7475514891 
0.7476849697 
0.7478184600 
0.7479519599 
0.7480854696 
0.7482189889 
0.7483525180 
0.7484860569 
0.7486196056 
0.7487531642 
0.7488867325 
0.7490203108 
0.7491538989 
0.7492874970 
0.7494211050 
0.7495547230 
0.7496883510 
0.7498219890 
0.7499556370 
0.7500892952 
0.7502229634 
0.7503566417 
0.7504903302 
0.7506240289 
0.7507577377 
0.7508914567 
0.7510251860 
0.7511589256 
0.7512926755 
0.7514264356 
0.7515602062 
0.7516939870 
0.7518277783 
0.7519615800 
0.7520953921 
0.7522292147 
0.7523630477 
0.7524968913 
0.7526307454 
0.7527646101 
0.7528984854 
0.7530323712 
0.7531662677 
0.7533001749 
0.7534340927 
0.7535680213 
0.7537019606 
0.7538359106 
0.7539698714 
0.7541038431 
0.7542378255 
0.7543718188 
0.7545058230 
0.7546398381 
0.7547738642 
0.7549079011 
0.7550419491 
0.7551760081 
0.7553100781 
0.7554441591 
0.7555782512 
0.7557123544 
0.7558464688 
0.7559805943 
0.7561147310 
0.7562488788 
0.7563830379 
0.7565172083 
0.7565172083 
0.7566513899 
0.7567855828 
0.7569197870 
0.7570540026 
0.7571882296 
0.7573224679 
0.7574567177 
0.7575909789 
0.7577252516 
0.7578595358 
0.7579938315 
0.7581281388 
0.7582624576 
0.7583967880 
0.7585311300 
0.7586654837 
0.7587998490 
0.7589342261 
0.7590686148 
0.7592030153 
0.7593374276 
0.7594718516 
0.7596062875 
0.7597407352 
0.7598751947 
0.7600096662 
0.7601441495 
0.7602786448 
0.7604131521 
0.7605476714 
0.7606822026 
0.7608167459 
0.7609513013 
0.7610858687 
0.7612204483 
0.7613550400 
0.7614896438 
0.7616242598 
0.7617588881 
0.7618935286 
0.7620281813 
0.7621628463 
0.7622975236 
0.7624322133 
0.7625669153 
0.7627016297 
0.7628363564 
0.7629710957 
0.7631058473 
0.7632406115 
0.7633753881 
0.7635101773 
0.7636449790 
0.7637797934 
0.7639146203 
0.7640494598 
0.7641843120 
0.7643191768 
0.7644540544 
0.7645889447 
0.7647238477 
0.7648587635 
0.7649936921 
0.7651286336 
0.7652635878 
0.7653985550 
0.7655335350 
0.7656685280 
0.7658035338 
0.7659385527 
0.7660735846 
0.7662086295 
0.7663436874 
0.7664787584 
0.7666138424 
0.7667489396 
0.7668840500 
0.7670191735 
0.7671543101 
0.7672894600 
0.7674246232 
0.7675597996 
0.7676949893 
0.7678301922 
0.7679654086 
0.7681006383 
0.7682358813 
0.7683711378 
0.7685064077 
0.7686416911 
0.7687769880 
0.7689122983 
0.7690476222 
0.7691829596 
0.7693183107 
0.7694536753 
0.7695890535 
0.7697244454 
0.7698598510 
0.7698598510 
0.7699952703 
0.7701307033 
0.7702661500 
0.7704016106 
0.7705370849 
0.7706725730 
0.7708080750 
0.7709435909 
0.7710791206 
0.7712146643 
0.7713502219 
0.7714857935 
0.7716213791 
0.7717569787 
0.7718925923 
0.7720282200 
0.7721638618 
0.7722995177 
0.7724351877 
0.7725708719 
0.7727065702 
0.7728422828 
0.7729780096 
0.7731137507 
0.7732495061 
0.7733852757 
0.7735210597 
0.7736568581 
0.7737926708 
0.7739284979 
0.7740643394 
0.7742001954 
0.7743360659 
0.7744719509 
0.7746078504 
0.7747437644 
0.7748796930 
0.7750156362 
0.7751515940 
0.7752875665 
0.7754235536 
0.7755595554 
0.7756955719 
0.7758316032 
0.7759676492 
0.7761037100 
0.7762397856 
0.7763758761 
0.7765119814 
0.7766481016 
0.7767842367 
0.7769203867 
0.7770565516 
0.7771927316 
0.7773289265 
0.7774651365 
0.7776013615 
0.7777376016 
0.7778738568 
0.7780101271 
0.7781464125 
0.7782827132 
0.7784190290 
0.7785553600 
0.7786917062 
0.7788280677 
0.7789644445 
0.7791008366 
0.7792372441 
0.7793736668 
0.7795101050 
0.7796465586 
0.7797830276 
0.7799195120 
0.7800560120 
0.7801925274 
0.7803290583 
0.7804656048 
0.7806021668 
0.7807387445 
0.7808753377 
0.7810119466 
0.7811485712 
0.7812852114 
0.7814218673 
0.7815585390 
0.7816952264 
0.7818319297 
0.7819686487 
0.7821053835 
0.7822421342 
0.7823789007 
0.7825156832 
0.7826524815 
0.7827892959 
0.7829261261 
0.7830629724 
0.7831998347 
0.7833367130 
0.7833367130 
0.7834736073 
0.7836105178 
0.7837474443 
0.7838843870 
0.7840213458 
0.7841583208 
0.7842953120 
0.7844323194 
0.7845693431 
0.7847063830 
0.7848434392 
0.7849805117 
0.7851176006 
0.7852547058 
0.7853918274 
0.7855289654 
0.7856661198 
0.7858032907 
0.7859404780 
0.7860776819 
0.7862149022 
0.7863521391 
0.7864893926 
0.7866266626 
0.7867639493 
0.7869012526 
0.7870385725 
0.7871759091 
0.7873132625 
0.7874506325 
0.7875880193 
0.7877254229 
0.7878628432 
0.7880002804 
0.7881377344 
0.7882752053 
0.7884126930 
0.7885501976 
0.7886877192 
0.7888252577 
0.7889628132 
0.7891003857 
0.7892379752 
0.7893755818 
0.7895132054 
0.7896508461 
0.7897885039 
0.7899261788 
0.7900638709 
0.7902015801 
0.7903393066 
0.7904770502 
0.7906148111 
0.7907525893 
0.7908903848 
0.7910281975 
0.7911660276 
0.7913038751 
0.7914417399 
0.7915796221 
0.7917175217 
0.7918554388 
0.7919933733 
0.7921313253 
0.7922692949 
0.7924072819 
0.7925452865 
0.7926833087 
0.7928213484 
0.7929594058 
0.7930974809 
0.7932355735 
0.7933736839 
0.7935118120 
0.7936499578 
0.7937881213 
0.7939263026 
0.7940645017 
0.7942027186 
0.7943409534 
0.7944792060 
0.7946174765 
0.7947557649 
0.7948940712 
0.7950323954 
0.7951707376 
0.7953090978 
0.7954474760 
0.7955858722 
0.7957242865 
0.7958627189 
0.7960011693 
0.7961396379 
0.7962781246 
0.7964166294 
0.7965551525 
0.7966936937 
0.7968322532 
0.7969708309 
0.7969708309 
