0.0522846507 1
0.0493808523 1
0.0450995042 1
0.0431699900 1
0.0423437540 1
0.0420111015 1
0.0418057953 1
0.0415192047 1
0.0410639599 1
0.0404345415 1
0.0396659755 1
0.0388033707 1
0.0378871536 1
0.0369496395 1
0.0360163887 1
0.0351081926 1
0.0342422540 1
0.0334325539 1
0.0326898067 1
0.0320213633 1
0.0314312701 1
0.0309205447 1
0.0304876348 1
0.0301289762 1
0.0298395638 1
0.0296134716 1
0.0294442839 1
0.0293254304 1
0.0292504292 1
0.0292130563 1
0.0292074554 1
0.0292282054 1
0.0292703569 1
0.0293294466 1
0.0294014965 1
0.0294830021 1
0.0295709125 1
0.0296626052 1
0.0297558573 1
0.0298488137 1
0.0299399544 1
0.0300280612 1
0.0301121842 1
0.0301916099 1
0.0302658302 1
0.0303345134 1
0.0303974765 1
0.0304546612 1
0.0305061104 1
0.0305519488 1
0.0305923644 1
0.0306275935 1
0.0306579066 1
0.0306835977 1
0.0307049743 1
0.0307223496 1
0.0307360362 1
0.0307463411 1
0.0307535616 1
0.0307579827 1
0.0307598747 1
0.0307594922 1
0.0307570730 1
0.0307528380 1
0.0307469911 1
0.0307397197 1
0.0307311950 1
0.0307215730 1
0.0307109952 1
0.0306995895 1
0.0306874711 1
0.0306747435 1
0.0306614992 1
0.0306478210 1
0.0306337826 1
0.0306194494 1
0.0306048794 1
0.0305901238 1
0.0305752278 1
0.0305602311 1
0.0305451685 1
0.0305300705 1
0.0305149637 1
0.0304998712 1
0.0304848129 1
0.0304698062 1
0.0304548658 1
0.0304400044 1
0.0304252330 1
0.0304105605 1
0.0303959948 1
0.0303815420 1
0.0303672076 1
0.0303529958 1
0.0303389100 1
0.0303249529 1
0.0303111265 1
0.0302974322 1
0.0302838711 1
0.2396409088 0
0.0302704438 1
0.0302571505 1
0.0302439911 1
0.0302309653 1
0.0302180727 1
0.0302053126 1
0.0301926842 1
0.0301801867 1
0.0301678190 1
0.0301555801 1
0.0301434690 1
0.0301314846 1
0.0301196258 1
0.0301078916 1
0.0300962810 1
0.0300847927 1
0.0300734260 1
0.0300621798 1
0.0300510532 1
0.0300400453 1
0.0300291553 1
0.0300183825 1
0.0300077260 1
0.0299971852 1
0.0299867595 1
0.0299764482 1
0.0299662509 1
0.0299561668 1
0.0299461957 1
0.0299363370 1
0.0299265902 1
0.0299169550 1
0.0299074309 1
0.0298980175 1
0.0298887146 1
0.0298795215 1
0.0298704380 1
0.0298614636 1
0.0298525980 1
0.0298438405 1
0.0298351908 1
0.0298266483 1
0.0298182124 1
0.0298098825 1
0.0298016579 1
0.0297935378 1
0.0297855215 1
0.0297776080 1
0.0297697964 1
0.0297620855 1
0.0297544743 1
0.0297469615 1
0.0297395457 1
0.0297322255 1
0.0297249992 1
0.0297178651 1
0.0297108215 1
0.0297038663 1
0.0296969974 1
0.0296902126 1
0.0296835094 1
0.0296768854 1
0.0296703379 1
0.0296638639 1
0.0296574604 1
0.0296511243 1
0.0296448521 1
0.0296386404 1
0.0296324853 1
0.0296263830 1
0.0296203294 1
0.0296143202 1
0.0296083509 1
0.0296024168 1
0.0295965131 1
0.0295906347 1
0.0295847763 1
0.0295789325 1
0.0295730975 1
0.0295672655 1
0.0295614304 1
0.0295555859 1
0.0295497255 1
0.0295438424 1
0.0295379299 1
0.0295319806 1
0.0295259874 1
0.0295199426 1
0.0295138386 1
0.0295076674 1
0.0295014209 1
0.0294950908 1
0.0294886686 1
0.0294821456 1
0.0294755128 1
0.0294687614 1
0.0294618819 1
0.0294548651 1
0.0294477014 1
0.2453701348 0
0.0294403811 1
0.0294328944 1
0.0294252311 1
0.0294173813 1
0.0294093347 1
0.0294010809 1
0.0293926094 1
0.0293839097 1
0.0293749710 1
0.0293657828 1
0.0293563341 1
0.0293466141 1
0.0293366118 1
0.0293263164 1
0.0293157169 1
0.0293048023 1
0.0292935616 1
0.0292819839 1
0.0292700581 1
0.0292577736 1
0.0292451193 1
0.0292320845 1
0.0292186586 1
0.0292048309 1
0.0291905910 1
0.0291759285 1
0.0291608332 1
0.0291452949 1
0.0291293039 1
0.0291128503 1
0.0290959247 1
0.0290785176 1
0.0290606201 1
0.0290422232 1
0.0290233182 1
0.0290038969 1
0.0289839512 1
0.0289634731 1
0.0289424552 1
0.0289208904 1
0.0288987716 1
0.0288760924 1
0.0288528464 1
0.0288290279 1
0.0288046313 1
0.0287796515 1
0.0287540835 1
0.0287279231 1
0.0287011662 1
0.0286738091 1
0.0286458487 1
0.0286172819 1
0.0285881065 1
0.0285583202 1
0.0285279215 1
0.0284969091 1
0.0284652821 1
0.0284330401 1
0.0284001831 1
0.0283667113 1
0.0283326255 1
0.0282979268 1
0.0282626168 1
0.0282266972 1
0.0281901704 1
0.0281530389 1
0.0281153058 1
0.0280769743 1
0.0280380482 1
0.0279985314 1
0.0279584282 1
0.0279177433 1
0.0278764816 1
0.0278346483 1
0.0277922490 1
0.0277492894 1
0.0277057756 1
0.0276617139 1
0.0276171108 1
0.0275719731 1
0.0275263077 1
0.0274801219 1
0.0274334230 1
0.0273862186 1
0.0273385164 1
0.0272903243 1
0.0272416505 1
0.0271925030 1
0.0271428902 1
0.0270928206 1
0.0270423028 1
0.0269913454 1
0.0269399572 1
0.0268881471 1
0.0268359240 1
0.0267832969 1
0.0267302751 1
0.0266768675 1
0.0266230835 1
0.2365725914 0
0.0265689322 1
0.0265144231 1
0.0264595654 1
0.0264043686 1
0.0263488420 1
0.0262929952 1
0.0262368376 1
0.0261803787 1
0.0261236280 1
0.0260665952 1
0.0260092897 1
0.0259517211 1
0.0258938990 1
0.0258358331 1
0.0257775329 1
0.0257190082 1
0.0256602686 1
0.0256013238 1
0.0255421834 1
0.0254828573 1
0.0254233552 1
0.0253636868 1
0.0253038621 1
0.0252438908 1
0.0251837828 1
0.0251235481 1
0.0250631968 1
0.0250027387 1
0.0249421841 1
0.0248815431 1
0.0248208260 1
0.0247600430 1
0.0246992046 1
0.0246383213 1
0.0245774037 1
0.0245164625 1
0.0244555085 1
0.0243945527 1
0.0243336063 1
0.0242726803 1
0.0242117863 1
0.0241509358 1
0.0240901406 1
0.0240294125 1
0.0239687637 1
0.0239082065 1
0.0238477535 1
0.0237874175 1
0.0237272115 1
0.0236671487 1
0.0236072428 1
0.0235475074 1
0.0234879567 1
0.0234286051 1
0.0233694673 1
0.0233105582 1
0.0232518931 1
0.0231934876 1
0.0231353577 1
0.0230775195 1
0.0230199897 1
0.0229627851 1
0.0229059229 1
0.0228494205 1
0.0227932958 1
0.0227375667 1
0.0226822517 1
0.0226273691 1
0.0225729378 1
0.0225189767 1
0.0224655048 1
0.0224125412 1
0.0223601052 1
0.0223082160 1
0.0222568926 1
0.0222061542 1
0.0221560195 1
0.0221065071 1
0.0220576353 1
0.0220094217 1
0.0219618839 1
0.0219150383 1
0.0218689012 1
0.0218234876 1
0.0217788119 1
0.0217348875 1
0.0216917268 1
0.0216493408 1
0.0216077394 1
0.0215669313 1
0.0215269237 1
0.0214877222 1
0.0214493310 1
0.0214117529 1
0.0213749887 1
0.0213390379 1
0.0213038983 1
0.0212695660 1
0.0212360357 1
0.2152382116 0
0.0212033002 1
0.0211713510 1
0.0211401782 1
0.0211097703 1
0.0210801148 1
0.0210511978 1
0.0210230043 1
0.0209955185 1
0.0209687238 1
0.0209426026 1
0.0209171371 1
0.0208923088 1
0.0208680990 1
0.0208444888 1
0.0208214594 1
0.0207989919 1
0.0207770677 1
0.0207556685 1
0.0207347765 1
0.0207143742 1
0.0206944449 1
0.0206749725 1
0.0206559417 1
0.0206373376 1
0.0206191467 1
0.0206013560 1
0.0205839533 1
0.0205669276 1
0.0205502684 1
0.0205339664 1
0.0205180130 1
0.0205024005 1
0.0204871220 1
0.0204721714 1
0.0204575434 1
0.0204432334 1
0.0204292374 1
0.0204155522 1
0.0204021751 1
0.0203891038 1
0.0203763368 1
0.0203638730 1
0.0203517114 1
0.0203398518 1
0.0203282941 1
0.0203170384 1
0.0203060854 1
0.0202954356 1
0.0202850899 1
0.0202750493 1
0.0202653149 1
0.0202558880 1
0.0202467698 1
0.0202379616 1
0.0202294646 1
0.0202212803 1
0.0202134098 1
0.0202058544 1
0.0201986152 1
0.0201916935 1
0.0201850902 1
0.0201788062 1
0.0201728425 1
0.0201671999 1
0.0201618790 1
0.0201568803 1
0.0201522045 1
0.0201478517 1
0.0201438224 1
0.0201401166 1
0.0201367344 1
0.0201336759 1
0.0201309408 1
0.0201285290 1
0.0201264401 1
0.0201246737 1
0.0201232294 1
0.0201221065 1
0.0201213045 1
0.0201208226 1
0.0201206602 1
0.0201208162 1
0.0201212899 1
0.0201220804 1
0.0201231865 1
0.0201246073 1
0.0201263418 1
0.0201283887 1
0.0201307470 1
0.0201334154 1
0.0201363928 1
0.0201396780 1
0.0201432696 1
0.0201471664 1
0.0201513672 1
0.0201558707 1
0.0201606754 1
0.0201657802 1
0.0201711837 1
0.1871588575 0
0.0201768846 1
0.0201828816 1
0.0201891733 1
0.0201957584 1
0.0202026356 1
0.0202098035 1
0.0202172609 1
0.0202250065 1
0.0202330388 1
0.0202413567 1
0.0202499588 1
0.0202588438 1
0.0202680105 1
0.0202774576 1
0.0202871838 1
0.0202971878 1
0.0203074685 1
0.0203180245 1
0.0203288546 1
0.0203399577 1
0.0203513325 1
0.0203629777 1
0.0203748922 1
0.0203870748 1
0.0203995242 1
0.0204122394 1
0.0204252190 1
0.0204384620 1
0.0204519672 1
0.0204657333 1
0.0204797593 1
0.0204940440 1
0.0205085861 1
0.0205233846 1
0.0205384382 1
0.0205537459 1
0.0205693064 1
0.0205851187 1
0.0206011814 1
0.0206174935 1
0.0206340538 1
0.0206508611 1
0.0206679142 1
0.0206852120 1
0.0207027532 1
0.0207205366 1
0.0207385611 1
0.0207568254 1
0.0207753283 1
0.0207940686 1
0.0208130450 1
0.0208322562 1
0.0208517011 1
0.0208713783 1
0.0208912866 1
0.0209114245 1
0.0209317910 1
0.0209523845 1
0.0209732038 1
0.0209942475 1
0.0210155142 1
0.0210370026 1
0.0210587112 1
0.0210806387 1
0.0211027836 1
0.0211251445 1
0.0211477198 1
0.0211705082 1
0.0211935082 1
0.0212167181 1
0.0212401365 1
0.0212637619 1
0.0212875926 1
0.0213116272 1
0.0213358639 1
0.0213603012 1
0.0213849374 1
0.0214097709 1
0.0214348000 1
0.0214600230 1
0.0214854382 1
0.0215110438 1
0.0215368382 1
0.0215628196 1
0.0215889860 1
0.0216153359 1
0.0216418672 1
0.0216685783 1
0.0216954671 1
0.0217225319 1
0.0217497707 1
0.0217771816 1
0.0218047626 1
0.0218325117 1
0.0218604271 1
0.0218885066 1
0.0219167482 1
0.0219451498 1
0.0219737095 1
0.1746009626 0
0.0220024250 1
0.0220312942 1
0.0220603150 1
0.0220894852 1
0.0221188025 1
0.0221482648 1
0.0221778697 1
0.0222076151 1
0.0222374984 1
0.0222675175 1
0.0222976699 1
0.0223279531 1
0.0223583648 1
0.0223889025 1
0.0224195635 1
0.0224503454 1
0.0224812456 1
0.0225122614 1
0.0225433901 1
0.0225746291 1
0.0226059755 1
0.0226374265 1
0.0226689794 1
0.0227006311 1
0.0227323787 1
0.0227642193 1
0.0227961498 1
0.0228281670 1
0.0228602678 1
0.0228924490 1
0.0229247073 1
0.0229570393 1
0.0229894417 1
0.0230219110 1
0.0230544436 1
0.0230870360 1
0.0231196846 1
0.0231523855 1
0.0231851350 1
0.0232179293 1
0.0232507643 1
0.0232836361 1
0.0233165406 1
0.0233494736 1
0.0233824309 1
0.0234154081 1
0.0234484010 1
0.0234814050 1
0.0235144156 1
0.0235474282 1
0.0235804381 1
0.0236134404 1
0.0236464305 1
0.0236794033 1
0.0237123538 1
0.0237452771 1
0.0237781678 1
0.0238110210 1
0.0238438311 1
0.0238765930 1
0.0239093012 1
0.0239419503 1
0.0239745346 1
0.0240070487 1
0.0240394869 1
0.0240718435 1
0.0241041127 1
0.0241362889 1
0.0241683662 1
0.0242003388 1
0.0242322008 1
0.0242639463 1
0.0242955694 1
0.0243270643 1
0.0243584251 1
0.0243896457 1
0.0244207204 1
0.0244516432 1
0.0244824084 1
0.0245130100 1
0.0245434423 1
0.0245736997 1
0.0246037762 1
0.0246336665 1
0.0246633649 1
0.0246928660 1
0.0247221643 1
0.0247512546 1
0.0247801317 1
0.0248087905 1
0.0248372261 1
0.0248654336 1
0.0248934083 1
0.0249211458 1
0.0249486414 1
0.0249758911 1
0.0250028908 1
0.0250296364 1
0.0250561243 1
0.1697698813 0
0.0250823510 1
0.0251083129 1
0.0251340071 1
0.0251594304 1
0.0251845802 1
0.0252094538 1
0.0252340489 1
0.0252583633 1
0.0252823952 1
0.0253061428 1
0.0253296046 1
0.0253527794 1
0.0253756661 1
0.0253982639 1
0.0254205722 1
0.0254425906 1
0.0254643191 1
0.0254857575 1
0.0255069062 1
0.0255277658 1
0.0255483368 1
0.0255686202 1
0.0255886171 1
0.0256083288 1
0.0256277568 1
0.0256469027 1
0.0256657684 1
0.0256843560 1
0.0257026675 1
0.0257207054 1
0.0257384722 1
0.0257559705 1
0.0257732031 1
0.0257901729 1
0.0258068829 1
0.0258233364 1
0.0258395366 1
0.0258554868 1
0.0258711906 1
0.0258866514 1
0.0259018728 1
0.0259168587 1
0.0259316126 1
0.0259461384 1
0.0259604400 1
0.0259745213 1
0.0259883861 1
0.0260020384 1
0.0260154822 1
0.0260287215 1
0.0260417603 1
0.0260546024 1
0.0260672520 1
0.0260797130 1
0.0260919893 1
0.0261040848 1
0.0261160035 1
0.0261277493 1
0.0261393259 1
0.0261507372 1
0.0261619870 1
0.0261730789 1
0.0261840166 1
0.0261948037 1
0.0262054438 1
0.0262159404 1
0.0262262969 1
0.0262365166 1
0.0262466030 1
0.0262565592 1
0.0262663885 1
0.0262760938 1
0.0262856784 1
0.0262951452 1
0.0263044970 1
0.0263137368 1
0.0263228672 1
0.0263318910 1
0.0263408109 1
0.0263496293 1
0.0263583487 1
0.0263669716 1
0.0263755004 1
0.0263839373 1
0.0263922844 1
0.0264005441 1
0.0264087183 1
0.0264168090 1
0.0264248183 1
0.0264327480 1
0.0264405999 1
0.0264483758 1
0.0264560774 1
0.0264637063 1
0.0264712642 1
0.0264787526 1
0.0264861729 1
0.0264935267 1
0.0265008152 1
0.1677434051 0
0.0265080399 1
0.0265152019 1
0.0265223025 1
0.0265293430 1
0.0265363244 1
0.0265432479 1
0.0265501144 1
0.0265569251 1
0.0265636809 1
0.0265703828 1
0.0265770316 1
0.0265836283 1
0.0265901735 1
0.0265966683 1
0.0266031133 1
0.0266095093 1
0.0266158569 1
0.0266221569 1
0.0266284100 1
0.0266346167 1
0.0266407776 1
0.0266468934 1
0.0266529646 1
0.0266589918 1
0.0266649754 1
0.0266709159 1
0.0266768139 1
0.0266826698 1
0.0266884840 1
0.0266942570 1
0.0266999891 1
0.0267056808 1
0.0267113324 1
0.0267169444 1
0.0267225170 1
0.0267280506 1
0.0267335455 1
0.0267390020 1
0.0267444206 1
0.0267498013 1
0.0267551446 1
0.0267604507 1
0.0267657199 1
0.0267709524 1
0.0267761485 1
0.0267813085 1
0.0267864325 1
0.0267915209 1
0.0267965737 1
0.0268015913 1
0.0268065739 1
0.0268115217 1
0.0268164349 1
0.0268213136 1
0.0268261581 1
0.0268309686 1
0.0268357452 1
0.0268404882 1
0.0268451976 1
0.0268498738 1
0.0268545168 1
0.0268591269 1
0.0268637042 1
0.0268682488 1
0.0268727610 1
0.0268772409 1
0.0268816886 1
0.0268861043 1
0.0268904882 1
0.0268948403 1
0.0268991610 1
0.0269034502 1
0.0269077083 1
0.0269119352 1
0.0269161311 1
0.0269202963 1
0.0269244308 1
0.0269285348 1
0.0269326083 1
0.0269366517 1
0.0269406649 1
0.0269446482 1
0.0269486016 1
0.0269525253 1
0.0269564194 1
0.0269602842 1
0.0269641196 1
0.0269679258 1
0.0269717030 1
0.0269754513 1
0.0269791709 1
0.0269828617 1
0.0269865241 1
0.0269901581 1
0.0269937638 1
0.0269973413 1
0.0270008909 1
0.0270044125 1
0.0270079064 1
0.1662699693 0
0.0270113727 1
0.0270148115 1
0.0270182228 1
0.0270216070 1
0.0270249639 1
0.0270282939 1
0.0270315969 1
0.0270348732 1
0.0270381228 1
0.0270413459 1
0.0270445425 1
0.0270477129 1
0.0270508571 1
0.0270539752 1
0.0270570674 1
0.0270601337 1
0.0270631744 1
0.0270661894 1
0.0270691790 1
0.0270721432 1
0.0270750822 1
0.0270779960 1
0.0270808848 1
0.0270837487 1
0.0270865879 1
0.0270894023 1
0.0270921922 1
0.0270949577 1
0.0270976987 1
0.0271004156 1
0.0271031084 1
0.0271057771 1
0.0271084219 1
0.0271110430 1
0.0271136404 1
0.0271162141 1
0.0271187645 1
0.0271212915 1
0.0271237952 1
0.0271262758 1
0.0271287333 1
0.0271311679 1
0.0271335797 1
0.0271359688 1
0.0271383352 1
0.0271406792 1
0.0271430007 1
0.0271452999 1
0.0271475770 1
0.0271498319 1
0.0271520648 1
0.0271542759 1
0.0271564651 1
0.0271586327 1
0.0271607786 1
0.0271629031 1
0.0271650062 1
0.0271670880 1
0.0271691486 1
0.0271711881 1
0.0271732066 1
0.0271752042 1
0.0271771810 1
0.0271791371 1
0.0271810726 1
0.0271829876 1
0.0271848821 1
0.0271867564 1
0.0271886104 1
0.0271904443 1
0.0271922581 1
0.0271940520 1
0.0271958261 1
0.0271975804 1
0.0271993150 1
0.0272010301 1
0.0272027257 1
0.0272044019 1
0.0272060588 1
0.0272076965 1
0.0272093151 1
0.0272109147 1
0.0272124954 1
0.0272140572 1
0.0272156002 1
0.0272171246 1
0.0272186304 1
0.0272201177 1
0.0272215866 1
0.0272230372 1
0.0272244696 1
0.0272258839 1
0.0272272800 1
0.0272286583 1
0.0272300186 1
0.0272313612 1
0.0272326860 1
0.0272339932 1
0.0272352829 1
0.1645105233 0
0.0272365551 1
0.0272378100 1
0.0272390475 1
0.0272402679 1
0.0272414711 1
0.0272426573 1
0.0272438265 1
0.0272449788 1
0.0272461144 1
0.0272472332 1
0.0272483354 1
0.0272494211 1
0.0272504903 1
0.0272515430 1
0.0272525795 1
0.0272535997 1
0.0272546038 1
0.0272555918 1
0.0272565638 1
0.0272575199 1
0.0272584601 1
0.0272593845 1
0.0272602933 1
0.0272611864 1
0.0272620640 1
0.0272629262 1
0.0272637729 1
0.0272646043 1
0.0272654205 1
0.0272662216 1
0.0272670075 1
0.0272677784 1
0.0272685344 1
0.0272692755 1
0.0272700018 1
0.0272707134 1
0.0272714103 1
0.0272720926 1
0.0272727604 1
0.0272734138 1
0.0272740528 1
0.0272746776 1
0.0272752880 1
0.0272758844 1
0.0272764666 1
0.0272770348 1
0.0272775891 1
0.0272781294 1
0.0272786560 1
0.0272791688 1
0.0272796679 1
0.0272801534 1
0.0272806254 1
0.0272810839 1
0.0272815289 1
0.0272819606 1
0.0272823790 1
0.0272827843 1
0.0272831763 1
0.0272835552 1
0.0272839212 1
0.0272842741 1
0.0272846142 1
0.0272849414 1
0.0272852559 1
0.0272855576 1
0.0272858467 1
0.0272861232 1
0.0272863871 1
0.0272866386 1
0.0272868777 1
0.0272871045 1
0.0272873189 1
0.0272875211 1
0.0272877112 1
0.0272878891 1
0.0272880550 1
0.0272882089 1
0.0272883509 1
0.0272884810 1
0.0272885993 1
0.0272887058 1
0.0272888006 1
0.0272888838 1
0.0272889553 1
0.0272890153 1
0.0272890639 1
0.0272891010 1
0.0272891267 1
0.0272891411 1
0.0272891443 1
0.0272891362 1
0.0272891170 1
0.0272890867 1
0.0272890453 1
0.0272889929 1
0.0272889296 1
0.0272888553 1
0.0272887703 1
0.1620128562 0
0.0272886744 1
0.0272885678 1
0.0272884505 1
0.0272883225 1
0.0272881839 1
0.0272880348 1
0.0272878752 1
0.0272877052 1
0.0272875247 1
0.0272873339 1
0.0272871328 1
0.0272869214 1
0.0272866999 1
0.0272864681 1
0.0272862263 1
0.0272859743 1
0.0272857124 1
0.0272854404 1
0.0272851585 1
0.0272848667 1
0.0272845651 1
0.0272842537 1
0.0272839325 1
0.0272836016 1
0.0272832610 1
0.0272829108 1
0.0272825510 1
0.0272821817 1
0.0272818028 1
0.0272814145 1
0.0272810168 1
0.0272806096 1
0.0272801932 1
0.0272797674 1
0.0272793324 1
0.0272788881 1
0.0272784347 1
0.0272779721 1
0.0272775004 1
0.0272770196 1
0.0272765299 1
0.0272760311 1
0.0272755233 1
0.0272750067 1
0.0272744811 1
0.0272739467 1
0.0272734035 1
0.0272728516 1
0.0272722909 1
0.0272717214 1
0.0272711433 1
0.0272705566 1
0.0272699613 1
0.0272693574 1
0.0272687450 1
0.0272681240 1
0.0272674946 1
0.0272668568 1
0.0272662105 1
0.0272655559 1
0.0272648930 1
0.0272642217 1
0.0272635421 1
0.0272628543 1
0.0272621583 1
0.0272614541 1
0.0272607417 1
0.0272600212 1
0.0272592926 1
0.0272585560 1
0.0272578113 1
0.0272570585 1
0.0272562978 1
0.0272555291 1
0.0272547525 1
0.0272539680 1
0.0272531756 1
0.0272523754 1
0.0272515673 1
0.0272507514 1
0.0272499277 1
0.0272490963 1
0.0272482572 1
0.0272474104 1
0.0272465558 1
0.0272456937 1
0.0272448239 1
0.0272439464 1
0.0272430614 1
0.0272421689 1
0.0272412688 1
0.0272403612 1
0.0272394461 1
0.0272385235 1
0.0272375934 1
0.0272366560 1
0.0272357111 1
0.0272347588 1
0.0272337991 1
0.1586104953 0
0.0272328321 1
0.0272318578 1
0.0272308762 1
0.0272298872 1
0.0272288910 1
0.0272278875 1
0.0272268768 1
0.0272258589 1
0.0272248337 1
0.0272238014 1
0.0272227619 1
0.0272217152 1
0.0272206614 1
0.0272196005 1
0.0272185325 1
0.0272174574 1
0.0272163752 1
0.0272152859 1
0.0272141896 1
0.0272130863 1
0.0272119760 1
0.0272108586 1
0.0272097343 1
0.0272086029 1
0.0272074647 1
0.0272063194 1
0.0272051672 1
0.0272040081 1
0.0272028421 1
0.0272016691 1
0.0272004893 1
0.0271993026 1
0.0271981090 1
0.0271969086 1
0.0271957013 1
0.0271944871 1
0.0271932662 1
0.0271920384 1
0.0271908038 1
0.0271895623 1
0.0271883141 1
0.0271870591 1
0.0271857973 1
0.0271845288 1
0.0271832535 1
0.0271819714 1
0.0271806825 1
0.0271793870 1
0.0271780846 1
0.0271767756 1
0.0271754598 1
0.0271741373 1
0.0271728081 1
0.0271714722 1
0.0271701295 1
0.0271687802 1
0.0271674242 1
0.0271660615 1
0.0271646920 1
0.0271633159 1
0.0271619332 1
0.0271605437 1
0.0271591476 1
0.0271577448 1
0.0271563353 1
0.0271549191 1
0.0271534963 1
0.0271520668 1
0.0271506307 1
0.0271491878 1
0.0271477384 1
0.0271462822 1
0.0271448194 1
0.0271433499 1
0.0271418738 1
0.0271403910 1
0.0271389015 1
0.0271374054 1
0.0271359026 1
0.0271343932 1
0.0271328770 1
0.0271313542 1
0.0271298247 1
0.0271282886 1
0.0271267458 1
0.0271251963 1
0.0271236401 1
0.0271220772 1
0.0271205076 1
0.0271189314 1
0.0271173484 1
0.0271157587 1
0.0271141624 1
0.0271125593 1
0.0271109495 1
0.0271093330 1
0.0271077097 1
0.0271060797 1
0.0271044430 1
0.1544139796 0
0.0271027996 1
0.0271011493 1
0.0270994924 1
0.0270978286 1
0.0270961581 1
0.0270944809 1
0.0270927968 1
0.0270911060 1
0.0270894083 1
0.0270877038 1
0.0270859926 1
0.0270842745 1
0.0270825495 1
0.0270808178 1
0.0270790791 1
0.0270773337 1
0.0270755813 1
0.0270738221 1
0.0270720560 1
0.0270702830 1
0.0270685030 1
0.0270667162 1
0.0270649224 1
0.0270631217 1
0.0270613141 1
0.0270594995 1
0.0270576779 1
0.0270558493 1
0.0270540137 1
0.0270521711 1
0.0270503215 1
0.0270484649 1
0.0270466012 1
0.0270447305 1
0.0270428527 1
0.0270409678 1
0.0270390758 1
0.0270371768 1
0.0270352705 1
0.0270333572 1
0.0270314367 1
0.0270295090 1
0.0270275742 1
0.0270256322 1
0.0270236829 1
0.0270217264 1
0.0270197627 1
0.0270177918 1
0.0270158136 1
0.0270138280 1
0.0270118352 1
0.0270098351 1
0.0270078277 1
0.0270058129 1
0.0270037907 1
0.0270017612 1
0.0269997242 1
0.0269976799 1
0.0269956281 1
0.0269935689 1
0.0269915022 1
0.0269894280 1
0.0269873463 1
0.0269852571 1
0.0269831604 1
0.0269810561 1
0.0269789443 1
0.0269768249 1
0.0269746978 1
0.0269725632 1
0.0269704208 1
0.0269682709 1
0.0269661132 1
0.0269639479 1
0.0269617748 1
0.0269595940 1
0.0269574054 1
0.0269552091 1
0.0269530049 1
0.0269507930 1
0.0269485731 1
0.0269463455 1
0.0269441099 1
0.0269418665 1
0.0269396152 1
0.0269373559 1
0.0269350886 1
0.0269328134 1
0.0269305301 1
0.0269282388 1
0.0269259395 1
0.0269236322 1
0.0269213167 1
0.0269189931 1
0.0269166614 1
0.0269143216 1
0.0269119735 1
0.0269096173 1
0.0269072529 1
0.1497344504 0
0.0269048802 1
0.0269024992 1
0.0269001100 1
0.0268977125 1
0.0268953066 1
0.0268928924 1
0.0268904697 1
0.0268880387 1
0.0268855993 1
0.0268831515 1
0.0268806951 1
0.0268782303 1
0.0268757570 1
0.0268732751 1
0.0268707846 1
0.0268682856 1
0.0268657780 1
0.0268632617 1
0.0268607368 1
0.0268582032 1
0.0268556608 1
0.0268531098 1
0.0268505500 1
0.0268479814 1
0.0268454041 1
0.0268428179 1
0.0268402228 1
0.0268376189 1
0.0268350061 1
0.0268323843 1
0.0268297536 1
0.0268271140 1
0.0268244653 1
0.0268218076 1
0.0268191409 1
0.0268164651 1
0.0268137802 1
0.0268110861 1
0.0268083830 1
0.0268056706 1
0.0268029491 1
0.0268002183 1
0.0267974783 1
0.0267947290 1
0.0267919703 1
0.0267892024 1
0.0267864251 1
0.0267836385 1
0.0267808424 1
0.0267780369 1
0.0267752220 1
0.0267723976 1
0.0267695637 1
0.0267667202 1
0.0267638672 1
0.0267610046 1
0.0267581324 1
0.0267552505 1
0.0267523590 1
0.0267494579 1
0.0267465470 1
0.0267436263 1
0.0267406959 1
0.0267377557 1
0.0267348057 1
0.0267318459 1
0.0267288762 1
0.0267258965 1
0.0267229070 1
0.0267199075 1
0.0267168981 1
0.0267138786 1
0.0267108491 1
0.0267078096 1
0.0267047600 1
0.0267017003 1
0.0266986305 1
0.0266955505 1
0.0266924603 1
0.0266893599 1
0.0266862493 1
0.0266831285 1
0.0266799973 1
0.0266768558 1
0.0266737040 1
0.0266705419 1
0.0266673693 1
0.0266641863 1
0.0266609929 1
0.0266577891 1
0.0266545747 1
0.0266513498 1
0.0266481144 1
0.0266448684 1
0.0266416118 1
0.0266383446 1
0.0266350667 1
0.0266317782 1
0.0266284789 1
0.1449420418 0
0.0266251690 1
0.0266218483 1
0.0266185168 1
0.0266151745 1
0.0266118214 1
0.0266084575 1
0.0266050827 1
0.0266016969 1
0.0265983003 1
0.0265948927 1
0.0265914741 1
0.0265880446 1
0.0265846040 1
0.0265811523 1
0.0265776896 1
0.0265742158 1
0.0265707309 1
0.0265672348 1
0.0265637275 1
0.0265602091 1
0.0265566794 1
0.0265531385 1
0.0265495863 1
0.0265460228 1
0.0265424480 1
0.0265388619 1
0.0265352644 1
0.0265316555 1
0.0265280352 1
0.0265244035 1
0.0265207603 1
0.0265171057 1
0.0265134395 1
0.0265097618 1
0.0265060726 1
0.0265023717 1
0.0264986593 1
0.0264949353 1
0.0264911997 1
0.0264874523 1
0.0264836933 1
0.0264799226 1
0.0264761402 1
0.0264723460 1
0.0264685400 1
0.0264647223 1
0.0264608927 1
0.0264570513 1
0.0264531980 1
0.0264493329 1
0.0264454559 1
0.0264415669 1
0.0264376660 1
0.0264337532 1
0.0264298284 1
0.0264258915 1
0.0264219427 1
0.0264179818 1
0.0264140088 1
0.0264100238 1
0.0264060267 1
0.0264020175 1
0.0263979961 1
0.0263939626 1
0.0263899169 1
0.0263858590 1
0.0263817889 1
0.0263777065 1
0.0263736120 1
0.0263695051 1
0.0263653860 1
0.0263612546 1
0.0263571109 1
0.0263529548 1
0.0263487864 1
0.0263446056 1
0.0263404125 1
0.0263362069 1
0.0263319889 1
0.0263277585 1
0.0263235157 1
0.0263192604 1
0.0263149926 1
0.0263107123 1
0.0263064196 1
0.0263021143 1
0.0262977965 1
0.0262934661 1
0.0262891232 1
0.0262847676 1
0.0262803995 1
0.0262760189 1
0.0262716255 1
0.0262672196 1
0.0262628010 1
0.0262583698 1
0.0262539259 1
0.0262494694 1
0.0262450001 1
0.1403342397 0
0.0262405182 1
0.0262360235 1
0.0262315161 1
0.0262269960 1
0.0262224632 1
0.0262179176 1
0.0262133593 1
0.0262087882 1
0.0262042043 1
0.0261996076 1
0.0261949981 1
0.0261903759 1
0.0261857408 1
0.0261810929 1
0.0261764322 1
0.0261717586 1
0.0261670722 1
0.0261623730 1
0.0261576609 1
0.0261529359 1
0.0261481981 1
0.0261434474 1
0.0261386839 1
0.0261339074 1
0.0261291181 1
0.0261243159 1
0.0261195008 1
0.0261146728 1
0.0261098319 1
0.0261049781 1
0.0261001114 1
0.0260952318 1
0.0260903393 1
0.0260854338 1
0.0260805155 1
0.0260755842 1
0.0260706401 1
0.0260656830 1
0.0260607130 1
0.0260557301 1
0.0260507342 1
0.0260457255 1
0.0260407038 1
0.0260356692 1
0.0260306218 1
0.0260255614 1
0.0260204881 1
0.0260154019 1
0.0260103028 1
0.0260051908 1
0.0260000659 1
0.0259949281 1
0.0259897774 1
0.0259846139 1
0.0259794374 1
0.0259742482 1
0.0259690460 1
0.0259638310 1
0.0259586031 1
0.0259533624 1
0.0259481088 1
0.0259428424 1
0.0259375632 1
0.0259322712 1
0.0259269664 1
0.0259216487 1
0.0259163183 1
0.0259109751 1
0.0259056191 1
0.0259002504 1
0.0258948689 1
0.0258894746 1
0.0258840677 1
0.0258786480 1
0.0258732156 1
0.0258677705 1
0.0258623128 1
0.0258568423 1
0.0258513593 1
0.0258458635 1
0.0258403552 1
0.0258348342 1
0.0258293006 1
0.0258237545 1
0.0258181957 1
0.0258126244 1
0.0258070406 1
0.0258014442 1
0.0257958354 1
0.0257902140 1
0.0257845802 1
0.0257789339 1
0.0257732752 1
0.0257676040 1
0.0257619205 1
0.0257562246 1
0.0257505163 1
0.0257447956 1
0.0257390626 1
0.1360556387 0
0.0257333173 1
0.0257275598 1
0.0257217899 1
0.0257160078 1
0.0257102135 1
0.0257044070 1
0.0256985883 1
0.0256927575 1
0.0256869145 1
0.0256810594 1
0.0256751922 1
0.0256693129 1
0.0256634216 1
0.0256575182 1
0.0256516029 1
0.0256456755 1
0.0256397363 1
0.0256337851 1
0.0256278220 1
0.0256218470 1
0.0256158602 1
0.0256098615 1
0.0256038511 1
0.0255978289 1
0.0255917949 1
0.0255857492 1
0.0255796919 1
0.0255736228 1
0.0255675422 1
0.0255614499 1
0.0255553460 1
0.0255492306 1
0.0255431036 1
0.0255369652 1
0.0255308153 1
0.0255246539 1
0.0255184812 1
0.0255122971 1
0.0255061016 1
0.0254998948 1
0.0254936767 1
0.0254874473 1
0.0254812067 1
0.0254749549 1
0.0254686920 1
0.0254624179 1
0.0254561327 1
0.0254498364 1
0.0254435291 1
0.0254372107 1
0.0254308814 1
0.0254245412 1
0.0254181900 1
0.0254118279 1
0.0254054550 1
0.0253990712 1
0.0253926767 1
0.0253862714 1
0.0253798554 1
0.0253734287 1
0.0253669913 1
0.0253605433 1
0.0253540847 1
0.0253476156 1
0.0253411359 1
0.0253346457 1
0.0253281451 1
0.0253216340 1
0.0253151126 1
0.0253085808 1
0.0253020386 1
0.0252954862 1
0.0252889235 1
0.0252823506 1
0.0252757675 1
0.0252691742 1
0.0252625708 1
0.0252559573 1
0.0252493337 1
0.0252427001 1
0.0252360566 1
0.0252294030 1
0.0252227396 1
0.0252160662 1
0.0252093830 1
0.0252026900 1
0.0251959871 1
0.0251892746 1
0.0251825523 1
0.0251758202 1
0.0251690786 1
0.0251623273 1
0.0251555664 1
0.0251487960 1
0.0251420160 1
0.0251352265 1
0.0251284276 1
0.0251216192 1
0.0251148015 1
0.1320820069 0
0.0251079744 1
0.0251011379 1
0.0250942921 1
0.0250874371 1
0.0250805729 1
0.0250736994 1
0.0250668168 1
0.0250599250 1
0.0250530241 1
0.0250461141 1
0.0250391951 1
0.0250322670 1
0.0250253300 1
0.0250183840 1
0.0250114291 1
0.0250044652 1
0.0249974926 1
0.0249905110 1
0.0249835207 1
0.0249765216 1
0.0249695137 1
0.0249624971 1
0.0249554719 1
0.0249484379 1
0.0249413953 1
0.0249343441 1
0.0249272844 1
0.0249202160 1
0.0249131392 1
0.0249060538 1
0.0248989600 1
0.0248918577 1
0.0248847470 1
0.0248776279 1
0.0248705005 1
0.0248633647 1
0.0248562206 1
0.0248490682 1
0.0248419075 1
0.0248347386 1
0.0248275614 1
0.0248203761 1
0.0248131826 1
0.0248059809 1
0.0247987711 1
0.0247915532 1
0.0247843273 1
0.0247770932 1
0.0247698512 1
0.0247626011 1
0.0247553430 1
0.0247480770 1
0.0247408029 1
0.0247335210 1
0.0247262312 1
0.0247189334 1
0.0247116278 1
0.0247043143 1
0.0246969930 1
0.0246896639 1
0.0246823269 1
0.0246749822 1
0.0246676298 1
0.0246602695 1
0.0246529016 1
0.0246455259 1
0.0246381425 1
0.0246307515 1
0.0246233528 1
0.0246159464 1
0.0246085324 1
0.0246011107 1
0.0245936815 1
0.0245862446 1
0.0245788002 1
0.0245713482 1
0.0245638887 1
0.0245564216 1
0.0245489470 1
0.0245414648 1
0.0245339752 1
0.0245264780 1
0.0245189734 1
0.0245114613 1
0.0245039417 1
0.0244964147 1
0.0244888802 1
0.0244813383 1
0.0244737889 1
0.0244662322 1
0.0244586680 1
0.0244510964 1
0.0244435175 1
0.0244359311 1
0.0244283374 1
0.0244207362 1
0.0244131277 1
0.0244055119 1
0.0243978887 1
0.1283066254 0
0.0243902581 1
0.0243826202 1
0.0243749750 1
0.0243673224 1
0.0243596625 1
0.0243519952 1
0.0243443206 1
0.0243366387 1
0.0243289495 1
0.0243212530 1
0.0243135491 1
0.0243058380 1
0.0242981195 1
0.0242903937 1
0.0242826606 1
0.0242749202 1
0.0242671725 1
0.0242594175 1
0.0242516552 1
0.0242438856 1
0.0242361086 1
0.0242283244 1
0.0242205328 1
0.0242127340 1
0.0242049278 1
0.0241971144 1
0.0241892936 1
0.0241814655 1
0.0241736300 1
0.0241657873 1
0.0241579372 1
0.0241500798 1
0.0241422151 1
0.0241343430 1
0.0241264636 1
0.0241185769 1
0.0241106828 1
0.0241027814 1
0.0240948726 1
0.0240869564 1
0.0240790329 1
0.0240711020 1
0.0240631638 1
0.0240552181 1
0.0240472651 1
0.0240393047 1
0.0240313368 1
0.0240233616 1
0.0240153790 1
0.0240073889 1
0.0239993915 1
0.0239913865 1
0.0239833742 1
0.0239753544 1
0.0239673272 1
0.0239592924 1
0.0239512503 1
0.0239432006 1
0.0239351435 1
0.0239270788 1
0.0239190067 1
0.0239109271 1
0.0239028399 1
0.0238947452 1
0.0238866430 1
0.0238785332 1
0.0238704159 1
0.0238622910 1
0.0238541586 1
0.0238460185 1
0.0238378709 1
0.0238297157 1
0.0238215529 1
0.0238133824 1
0.0238052043 1
0.0237970186 1
0.0237888253 1
0.0237806242 1
0.0237724155 1
0.0237641992 1
0.0237559751 1
0.0237477434 1
0.0237395039 1
0.0237312567 1
0.0237230018 1
0.0237147392 1
0.0237064688 1
0.0236981907 1
0.0236899047 1
0.0236816110 1
0.0236733095 1
0.0236650003 1
0.0236566832 1
0.0236483582 1
0.0236400255 1
0.0236316849 1
0.0236233364 1
0.0236149801 1
0.0236066159 1
0.1246679820 0
0.0235982438 1
0.0235898639 1
0.0235814760 1
0.0235730802 1
0.0235646765 1
0.0235562648 1
0.0235478452 1
0.0235394176 1
0.0235309821 1
0.0235225386 1
0.0235140871 1
0.0235056276 1
0.0234971601 1
0.0234886846 1
0.0234802010 1
0.0234717094 1
0.0234632098 1
0.0234547020 1
0.0234461863 1
0.0234376624 1
0.0234291305 1
0.0234205904 1
0.0234120422 1
0.0234034860 1
0.0233949216 1
0.0233863490 1
0.0233777683 1
0.0233691795 1
0.0233605825 1
0.0233519773 1
0.0233433639 1
0.0233347423 1
0.0233261126 1
0.0233174746 1
0.0233088284 1
0.0233001740 1
0.0232915113 1
0.0232828404 1
0.0232741612 1
0.0232654738 1
0.0232567781 1
0.0232480741 1
0.0232393619 1
0.0232306413 1
0.0232219125 1
0.0232131753 1
0.0232044298 1
0.0231956760 1
0.0231869139 1
0.0231781434 1
0.0231693645 1
0.0231605774 1
0.0231517818 1
0.0231429779 1
0.0231341656 1
0.0231253450 1
0.0231165159 1
0.0231076785 1
0.0230988326 1
0.0230899784 1
0.0230811157 1
0.0230722447 1
0.0230633652 1
0.0230544773 1
0.0230455809 1
0.0230366761 1
0.0230277629 1
0.0230188412 1
0.0230099111 1
0.0230009725 1
0.0229920254 1
0.0229830699 1
0.0229741059 1
0.0229651335 1
0.0229561525 1
0.0229471631 1
0.0229381652 1
0.0229291588 1
0.0229201439 1
0.0229111205 1
0.0229020886 1
0.0228930482 1
0.0228839994 1
0.0228749420 1
0.0228658761 1
0.0228568016 1
0.0228477187 1
0.0228386273 1
0.0228295273 1
0.0228204188 1
0.0228113018 1
0.0228021763 1
0.0227930422 1
0.0227838996 1
0.0227747485 1
0.0227655889 1
0.0227564208 1
0.0227472441 1
0.0227380589 1
0.1211694849 0
0.0227288651 1
0.0227196629 1
0.0227104521 1
0.0227012327 1
0.0226920049 1
0.0226827685 1
0.0226735236 1
0.0226642702 1
0.0226550082 1
0.0226457378 1
0.0226364588 1
0.0226271712 1
0.0226178752 1
0.0226085707 1
0.0225992576 1
0.0225899360 1
0.0225806059 1
0.0225712673 1
0.0225619202 1
0.0225525646 1
0.0225432006 1
0.0225338280 1
0.0225244469 1
0.0225150573 1
0.0225056592 1
0.0224962527 1
0.0224868377 1
0.0224774142 1
0.0224679822 1
0.0224585418 1
0.0224490929 1
0.0224396355 1
0.0224301697 1
0.0224206955 1
0.0224112128 1
0.0224017217 1
0.0223922221 1
0.0223827142 1
0.0223731978 1
0.0223636730 1
0.0223541397 1
0.0223445981 1
0.0223350481 1
0.0223254897 1
0.0223159229 1
0.0223063477 1
0.0222967642 1
0.0222871723 1
0.0222775721 1
0.0222679635 1
0.0222583465 1
0.0222487213 1
0.0222390877 1
0.0222294458 1
0.0222197956 1
0.0222101371 1
0.0222004702 1
0.0221907952 1
0.0221811118 1
0.0221714202 1
0.0221617203 1
0.0221520122 1
0.0221422958 1
0.0221325712 1
0.0221228384 1
0.0221130973 1
0.0221033481 1
0.0220935907 1
0.0220838251 1
0.0220740513 1
0.0220642694 1
0.0220544793 1
0.0220446811 1
0.0220348747 1
0.0220250603 1
0.0220152377 1
0.0220054070 1
0.0219955683 1
0.0219857215 1
0.0219758666 1
0.0219660037 1
0.0219561327 1
0.0219462537 1
0.0219363667 1
0.0219264717 1
0.0219165687 1
0.0219066577 1
0.0218967388 1
0.0218868119 1
0.0218768771 1
0.0218669343 1
0.0218569836 1
0.0218470251 1
0.0218370586 1
0.0218270843 1
0.0218171021 1
0.0218071121 1
0.0217971142 1
0.0217871085 1
0.1178309140 0
0.0217770950 1
0.0217670738 1
0.0217570447 1
0.0217470079 1
0.0217369633 1
0.0217269110 1
0.0217168510 1
0.0217067833 1
0.0216967079 1
0.0216866248 1
0.0216765341 1
0.0216664357 1
0.0216563297 1
0.0216462161 1
0.0216360949 1
0.0216259661 1
0.0216158298 1
0.0216056859 1
0.0215955344 1
0.0215853755 1
0.0215752090 1
0.0215650351 1
0.0215548537 1
0.0215446648 1
0.0215344685 1
0.0215242648 1
0.0215140537 1
0.0215038352 1
0.0214936093 1
0.0214833761 1
0.0214731356 1
0.0214628877 1
0.0214526325 1
0.0214423701 1
0.0214321004 1
0.0214218234 1
0.0214115393 1
0.0214012479 1
0.0213909493 1
0.0213806435 1
0.0213703306 1
0.0213600106 1
0.0213496834 1
0.0213393491 1
0.0213290078 1
0.0213186594 1
0.0213083039 1
0.0212979414 1
0.0212875720 1
0.0212771955 1
0.0212668120 1
0.0212564216 1
0.0212460243 1
0.0212356201 1
0.0212252089 1
0.0212147909 1
0.0212043661 1
0.0211939344 1
0.0211834958 1
0.0211730505 1
0.0211625985 1
0.0211521396 1
0.0211416741 1
0.0211312018 1
0.0211207228 1
0.0211102371 1
0.0210997448 1
0.0210892459 1
0.0210787403 1
0.0210682282 1
0.0210577095 1
0.0210471842 1
0.0210366524 1
0.0210261140 1
0.0210155692 1
0.0210050180 1
0.0209944602 1
0.0209838961 1
0.0209733255 1
0.0209627486 1
0.0209521653 1
0.0209415756 1
0.0209309796 1
0.0209203774 1
0.0209097688 1
0.0208991540 1
0.0208885329 1
0.0208779057 1
0.0208672722 1
0.0208566326 1
0.0208459868 1
0.0208353349 1
0.0208246769 1
0.0208140128 1
0.0208033426 1
0.0207926665 1
0.0207819842 1
0.0207712960 1
0.0207606018 1
0.1146618297 0
0.0207499017 1
0.0207391957 1
0.0207284837 1
0.0207177658 1
0.0207070421 1
0.0206963126 1
0.0206855772 1
0.0206748360 1
0.0206640891 1
0.0206533364 1
0.0206425780 1
0.0206318139 1
0.0206210441 1
0.0206102686 1
0.0205994875 1
0.0205887008 1
0.0205779085 1
0.0205671106 1
0.0205563072 1
0.0205454983 1
0.0205346839 1
0.0205238640 1
0.0205130386 1
0.0205022079 1
0.0204913717 1
0.0204805301 1
0.0204696832 1
0.0204588309 1
0.0204479733 1
0.0204371105 1
0.0204262424 1
0.0204153690 1
0.0204044904 1
0.0203936066 1
0.0203827177 1
0.0203718236 1
0.0203609243 1
0.0203500200 1
0.0203391106 1
0.0203281962 1
0.0203172767 1
0.0203063522 1
0.0202954227 1
0.0202844883 1
0.0202735489 1
0.0202626046 1
0.0202516554 1
0.0202407014 1
0.0202297425 1
0.0202187788 1
0.0202078104 1
0.0201968371 1
0.0201858591 1
0.0201748764 1
0.0201638890 1
0.0201528969 1
0.0201419002 1
0.0201308988 1
0.0201198929 1
0.0201088823 1
0.0200978672 1
0.0200868476 1
0.0200758235 1
0.0200647949 1
0.0200537618 1
0.0200427244 1
0.0200316825 1
0.0200206362 1
0.0200095855 1
0.0199985305 1
0.0199874713 1
0.0199764077 1
0.0199653398 1
0.0199542678 1
0.0199431915 1
0.0199321110 1
0.0199210263 1
0.0199099375 1
0.0198988446 1
0.0198877476 1
0.0198766465 1
0.0198655414 1
0.0198544322 1
0.0198433191 1
0.0198322020 1
0.0198210809 1
0.0198099559 1
0.0197988270 1
0.0197876942 1
0.0197765576 1
0.0197654171 1
0.0197542729 1
0.0197431248 1
0.0197319730 1
0.0197208175 1
0.0197096582 1
0.0196984953 1
0.0196873287 1
0.0196761585 1
0.1116578262 0
0.0196649847 1
0.0196538073 1
0.0196426263 1
0.0196314418 1
0.0196202537 1
0.0196090622 1
0.0195978672 1
0.0195866688 1
0.0195754669 1
0.0195642617 1
0.0195530531 1
0.0195418411 1
0.0195306258 1
0.0195194072 1
0.0195081854 1
0.0194969602 1
0.0194857319 1
0.0194745004 1
0.0194632656 1
0.0194520278 1
0.0194407868 1
0.0194295427 1
0.0194182955 1
0.0194070452 1
0.0193957919 1
0.0193845356 1
0.0193732763 1
0.0193620141 1
0.0193507489 1
0.0193394808 1
0.0193282097 1
0.0193169359 1
0.0193056592 1
0.0192943796 1
0.0192830973 1
0.0192718122 1
0.0192605243 1
0.0192492337 1
0.0192379404 1
0.0192266444 1
0.0192153458 1
0.0192040446 1
0.0191927407 1
0.0191814342 1
0.0191701252 1
0.0191588137 1
0.0191474996 1
0.0191361830 1
0.0191248640 1
0.0191135425 1
0.0191022186 1
0.0190908923 1
0.0190795636 1
0.0190682326 1
0.0190568992 1
0.0190455636 1
0.0190342256 1
0.0190228854 1
0.0190115430 1
0.0190001983 1
0.0189888515 1
0.0189775025 1
0.0189661513 1
0.0189547980 1
0.0189434426 1
0.0189320852 1
0.0189207257 1
0.0189093641 1
0.0188980006 1
0.0188866351 1
0.0188752676 1
0.0188638982 1
0.0188525268 1
0.0188411536 1
0.0188297785 1
0.0188184015 1
0.0188070227 1
0.0187956421 1
0.0187842598 1
0.0187728757 1
0.0187614898 1
0.0187501022 1
0.0187387130 1
0.0187273220 1
0.0187159295 1
0.0187045353 1
0.0186931395 1
0.0186817421 1
0.0186703431 1
0.0186589427 1
0.0186475407 1
0.0186361372 1
0.0186247323 1
0.0186133259 1
0.0186019181 1
0.0185905088 1
0.0185790982 1
0.0185676863 1
0.0185562730 1
0.1088042229 0
0.0185448584 1
0.0185334425 1
0.0185220253 1
0.0185106069 1
0.0184991872 1
0.0184877664 1
0.0184763443 1
0.0184649211 1
0.0184534967 1
0.0184420713 1
0.0184306447 1
0.0184192170 1
0.0184077883 1
0.0183963586 1
0.0183849278 1
0.0183734961 1
0.0183620634 1
0.0183506297 1
0.0183391951 1
0.0183277596 1
0.0183163232 1
0.0183048859 1
0.0182934478 1
0.0182820089 1
0.0182705692 1
0.0182591286 1
0.0182476874 1
0.0182362453 1
0.0182248026 1
0.0182133592 1
0.0182019151 1
0.0181904703 1
0.0181790249 1
0.0181675788 1
0.0181561322 1
0.0181446850 1
0.0181332373 1
0.0181217890 1
0.0181103402 1
0.0180988909 1
0.0180874411 1
0.0180759909 1
0.0180645402 1
0.0180530891 1
0.0180416377 1
0.0180301858 1
0.0180187336 1
0.0180072811 1
0.0179958283 1
0.0179843751 1
0.0179729217 1
0.0179614681 1
0.0179500142 1
0.0179385601 1
0.0179271058 1
0.0179156513 1
0.0179041967 1
0.0178927419 1
0.0178812870 1
0.0178698320 1
0.0178583770 1
0.0178469219 1
0.0178354667 1
0.0178240115 1
0.0178125564 1
0.0178011012 1
0.0177896461 1
0.0177781910 1
0.0177667361 1
0.0177552812 1
0.0177438264 1
0.0177323718 1
0.0177209173 1
0.0177094630 1
0.0176980089 1
0.0176865550 1
0.0176751013 1
0.0176636479 1
0.0176521948 1
0.0176407419 1
0.0176292893 1
0.0176178371 1
0.0176063852 1
0.0175949336 1
0.0175834825 1
0.0175720317 1
0.0175605813 1
0.0175491314 1
0.0175376819 1
0.0175262330 1
0.0175147844 1
0.0175033364 1
0.0174918890 1
0.0174804420 1
0.0174689957 1
0.0174575499 1
0.0174461047 1
0.0174346601 1
0.0174232161 1
0.1060810464 0
0.0174117728 1
0.0174003302 1
0.0173888883 1
0.0173774470 1
0.0173660065 1
0.0173545667 1
0.0173431277 1
0.0173316895 1
0.0173202520 1
0.0173088154 1
0.0172973796 1
0.0172859446 1
0.0172745105 1
0.0172630773 1
0.0172516450 1
0.0172402136 1
0.0172287831 1
0.0172173536 1
0.0172059250 1
0.0171944974 1
0.0171830709 1
0.0171716453 1
0.0171602208 1
0.0171487973 1
0.0171373749 1
0.0171259536 1
0.0171145334 1
0.0171031143 1
0.0170916964 1
0.0170802796 1
0.0170688640 1
0.0170574495 1
0.0170460363 1
0.0170346243 1
0.0170232135 1
0.0170118040 1
0.0170003957 1
0.0169889888 1
0.0169775831 1
0.0169661788 1
0.0169547758 1
0.0169433741 1
0.0169319738 1
0.0169205750 1
0.0169091775 1
0.0168977814 1
0.0168863867 1
0.0168749936 1
0.0168636018 1
0.0168522116 1
0.0168408228 1
0.0168294356 1
0.0168180499 1
0.0168066658 1
0.0167952832 1
0.0167839022 1
0.0167725228 1
0.0167611450 1
0.0167497688 1
0.0167383943 1
0.0167270214 1
0.0167156502 1
0.0167042807 1
0.0166929128 1
0.0166815468 1
0.0166701824 1
0.0166588198 1
0.0166474590 1
0.0166360999 1
0.0166247427 1
0.0166133872 1
0.0166020336 1
0.0165906818 1
0.0165793319 1
0.0165679839 1
0.0165566378 1
0.0165452935 1
0.0165339512 1
0.0165226108 1
0.0165112724 1
0.0164999359 1
0.0164886014 1
0.0164772689 1
0.0164659385 1
0.0164546100 1
0.0164432836 1
0.0164319593 1
0.0164206370 1
0.0164093168 1
0.0163979987 1
0.0163866827 1
0.0163753688 1
0.0163640571 1
0.0163527476 1
0.0163414402 1
0.0163301350 1
0.0163188321 1
0.0163075313 1
0.0162962328 1
0.1034675607 0
0.0162849365 1
0.0162736425 1
0.0162623507 1
0.0162510613 1
0.0162397741 1
0.0162284893 1
0.0162172068 1
0.0162059267 1
0.0161946489 1
0.0161833735 1
0.0161721005 1
0.0161608299 1
0.0161495617 1
0.0161382960 1
0.0161270327 1
0.0161157719 1
0.0161045135 1
0.0160932577 1
0.0160820043 1
0.0160707535 1
0.0160595052 1
0.0160482594 1
0.0160370162 1
0.0160257756 1
0.0160145376 1
0.0160033022 1
0.0159920694 1
0.0159808392 1
0.0159696117 1
0.0159583868 1
0.0159471646 1
0.0159359451 1
0.0159247283 1
0.0159135142 1
0.0159023029 1
0.0158910942 1
0.0158798884 1
0.0158686853 1
0.0158574850 1
0.0158462875 1
0.0158350928 1
0.0158239009 1
0.0158127119 1
0.0158015257 1
0.0157903424 1
0.0157791619 1
0.0157679844 1
0.0157568098 1
0.0157456380 1
0.0157344692 1
0.0157233034 1
0.0157121405 1
0.0157009806 1
0.0156898237 1
0.0156786698 1
0.0156675189 1
0.0156563710 1
0.0156452261 1
0.0156340844 1
0.0156229456 1
0.0156118100 1
0.0156006774 1
0.0155895480 1
0.0155784217 1
0.0155672985 1
0.0155561784 1
0.0155450616 1
0.0155339478 1
0.0155228373 1
0.0155117300 1
0.0155006259 1
0.0154895250 1
0.0154784273 1
0.0154673329 1
0.0154562418 1
0.0154451539 1
0.0154340693 1
0.0154229880 1
0.0154119101 1
0.0154008355 1
0.0153897642 1
0.0153786962 1
0.0153676317 1
0.0153565705 1
0.0153455127 1
0.0153344583 1
0.0153234074 1
0.0153123598 1
0.0153013157 1
0.0152902751 1
0.0152792379 1
0.0152682043 1
0.0152571741 1
0.0152461474 1
0.0152351243 1
0.0152241046 1
0.0152130886 1
0.0152020761 1
0.0151910671 1
0.1009460175 0
0.0151800618 1
0.0151690600 1
0.0151580619 1
0.0151470673 1
0.0151360765 1
0.0151250892 1
0.0151141056 1
0.0151031257 1
0.0150921495 1
0.0150811770 1
0.0150702082 1
0.0150592431 1
0.0150482818 1
0.0150373242 1
0.0150263703 1
0.0150154203 1
0.0150044740 1
0.0149935315 1
0.0149825928 1
0.0149716580 1
0.0149607270 1
0.0149497998 1
0.0149388765 1
0.0149279571 1
0.0149170416 1
0.0149061299 1
0.0148952222 1
0.0148843184 1
0.0148734185 1
0.0148625226 1
0.0148516307 1
0.0148407427 1
0.0148298587 1
0.0148189787 1
0.0148081027 1
0.0147972307 1
0.0147863628 1
0.0147754989 1
0.0147646391 1
0.0147537833 1
0.0147429316 1
0.0147320841 1
0.0147212406 1
0.0147104012 1
0.0146995660 1
0.0146887350 1
0.0146779080 1
0.0146670853 1
0.0146562667 1
0.0146454524 1
0.0146346422 1
0.0146238363 1
0.0146130346 1
0.0146022371 1
0.0145914439 1
0.0145806549 1
0.0145698703 1
0.0145590899 1
0.0145483138 1
0.0145375421 1
0.0145267746 1
0.0145160116 1
0.0145052528 1
0.0144944984 1
0.0144837484 1
0.0144730028 1
0.0144622616 1
0.0144515248 1
0.0144407925 1
0.0144300645 1
0.0144193411 1
0.0144086220 1
0.0143979075 1
0.0143871974 1
0.0143764919 1
0.0143657908 1
0.0143550943 1
0.0143444023 1
0.0143337148 1
0.0143230319 1
0.0143123536 1
0.0143016798 1
0.0142910107 1
0.0142803461 1
0.0142696862 1
0.0142590309 1
0.0142483802 1
0.0142377342 1
0.0142270929 1
0.0142164562 1
0.0142058242 1
0.0141951969 1
0.0141845744 1
0.0141739565 1
0.0141633434 1
0.0141527351 1
0.0141421315 1
0.0141315327 1
0.0141209386 1
0.0985044622 0
0.0141103494 1
0.0140997649 1
0.0140891853 1
0.0140786105 1
0.0140680406 1
0.0140574755 1
0.0140469153 1
0.0140363600 1
0.0140258095 1
0.0140152640 1
0.0140047234 1
0.0139941877 1
0.0139836569 1
0.0139731311 1
0.0139626102 1
0.0139520944 1
0.0139415835 1
0.0139310776 1
0.0139205767 1
0.0139100808 1
0.0138995900 1
0.0138891042 1
0.0138786235 1
0.0138681478 1
0.0138576773 1
0.0138472118 1
0.0138367514 1
0.0138262961 1
0.0138158460 1
0.0138054010 1
0.0137949611 1
0.0137845264 1
0.0137740969 1
0.0137636726 1
0.0137532535 1
0.0137428395 1
0.0137324308 1
0.0137220274 1
0.0137116291 1
0.0137012362 1
0.0136908485 1
0.0136804660 1
0.0136700889 1
0.0136597171 1
0.0136493506 1
0.0136389894 1
0.0136286335 1
0.0136182830 1
0.0136079379 1
0.0135975981 1
0.0135872637 1
0.0135769347 1
0.0135666111 1
0.0135562929 1
0.0135459802 1
0.0135356729 1
0.0135253711 1
0.0135150747 1
0.0135047838 1
0.0134944983 1
0.0134842184 1
0.0134739440 1
0.0134636751 1
0.0134534118 1
0.0134431540 1
0.0134329017 1
0.0134226550 1
0.0134124139 1
0.0134021784 1
0.0133919485 1
0.0133817242 1
0.0133715056 1
0.0133612925 1
0.0133510851 1
0.0133408834 1
0.0133306874 1
0.0133204970 1
0.0133103123 1
0.0133001333 1
0.0132899601 1
0.0132797926 1
0.0132696308 1
0.0132594747 1
0.0132493245 1
0.0132391800 1
0.0132290413 1
0.0132189083 1
0.0132087812 1
0.0131986599 1
0.0131885445 1
0.0131784348 1
0.0131683311 1
0.0131582332 1
0.0131481411 1
0.0131380550 1
0.0131279748 1
0.0131179004 1
0.0131078320 1
0.0130977695 1
0.0961381808 0
0.0130877130 1
0.0130776624 1
0.0130676178 1
0.0130575791 1
0.0130475464 1
0.0130375198 1
0.0130274991 1
0.0130174845 1
0.0130074759 1
0.0129974733 1
0.0129874768 1
0.0129774864 1
0.0129675020 1
0.0129575237 1
0.0129475515 1
0.0129375855 1
0.0129276255 1
0.0129176717 1
0.0129077240 1
0.0128977825 1
0.0128878471 1
0.0128779180 1
0.0128679949 1
0.0128580781 1
0.0128481675 1
0.0128382632 1
0.0128283650 1
0.0128184731 1
0.0128085875 1
0.0127987081 1
0.0127888349 1
0.0127789681 1
0.0127691076 1
0.0127592533 1
0.0127494054 1
0.0127395638 1
0.0127297285 1
0.0127198996 1
0.0127100771 1
0.0127002609 1
0.0126904511 1
0.0126806477 1
0.0126708507 1
0.0126610601 1
0.0126512759 1
0.0126414982 1
0.0126317269 1
0.0126219620 1
0.0126122037 1
0.0126024518 1
0.0125927064 1
0.0125829675 1
0.0125732350 1
0.0125635092 1
0.0125537898 1
0.0125440770 1
0.0125343707 1
0.0125246710 1
0.0125149779 1
0.0125052913 1
0.0124956113 1
0.0124859380 1
0.0124762712 1
0.0124666111 1
0.0124569576 1
0.0124473107 1
0.0124376705 1
0.0124280370 1
0.0124184101 1
0.0124087900 1
0.0123991765 1
0.0123895697 1
0.0123799696 1
0.0123703763 1
0.0123607897 1
0.0123512098 1
0.0123416367 1
0.0123320703 1
0.0123225108 1
0.0123129580 1
0.0123034120 1
0.0122938728 1
0.0122843405 1
0.0122748149 1
0.0122652962 1
0.0122557843 1
0.0122462793 1
0.0122367812 1
0.0122272899 1
0.0122178055 1
0.0122083280 1
0.0121988575 1
0.0121893938 1
0.0121799370 1
0.0121704872 1
0.0121610443 1
0.0121516084 1
0.0121421795 1
0.0121327575 1
0.0938493448 0
0.0121233425 1
0.0121139345 1
0.0121045334 1
0.0120951394 1
0.0120857524 1
0.0120763725 1
0.0120669996 1
0.0120576337 1
0.0120482749 1
0.0120389232 1
0.0120295785 1
0.0120202409 1
0.0120109104 1
0.0120015870 1
0.0119922708 1
0.0119829616 1
0.0119736596 1
0.0119643647 1
0.0119550770 1
0.0119457964 1
0.0119365231 1
0.0119272568 1
0.0119179978 1
0.0119087460 1
0.0118995014 1
0.0118902639 1
0.0118810337 1
0.0118718108 1
0.0118625951 1
0.0118533866 1
0.0118441854 1
0.0118349915 1
0.0118258048 1
0.0118166254 1
0.0118074533 1
0.0117982886 1
0.0117891311 1
0.0117799809 1
0.0117708381 1
0.0117617026 1
0.0117525745 1
0.0117434537 1
0.0117343403 1
0.0117252343 1
0.0117161356 1
0.0117070443 1
0.0116979604 1
0.0116888840 1
0.0116798149 1
0.0116707533 1
0.0116616991 1
0.0116526523 1
0.0116436130 1
0.0116345811 1
0.0116255567 1
0.0116165398 1
0.0116075303 1
0.0115985284 1
0.0115895339 1
0.0115805470 1
0.0115715675 1
0.0115625956 1
0.0115536312 1
0.0115446743 1
0.0115357250 1
0.0115267832 1
0.0115178490 1
0.0115089224 1
0.0115000033 1
0.0114910919 1
0.0114821880 1
0.0114732917 1
0.0114644030 1
0.0114555219 1
0.0114466485 1
0.0114377827 1
0.0114289245 1
0.0114200740 1
0.0114112311 1
0.0114023959 1
0.0113935683 1
0.0113847484 1
0.0113759362 1
0.0113671317 1
0.0113583349 1
0.0113495458 1
0.0113407644 1
0.0113319907 1
0.0113232248 1
0.0113144665 1
0.0113057160 1
0.0112969733 1
0.0112882383 1
0.0112795111 1
0.0112707916 1
0.0112620799 1
0.0112533760 1
0.0112446799 1
0.0112359916 1
0.0916448939 0
0.0112273110 1
0.0112186383 1
0.0112099734 1
0.0112013163 1
0.0111926671 1
0.0111840257 1
0.0111753921 1
0.0111667664 1
0.0111581485 1
0.0111495385 1
0.0111409363 1
0.0111323420 1
0.0111237556 1
0.0111151771 1
0.0111066065 1
0.0110980438 1
0.0110894890 1
0.0110809421 1
0.0110724031 1
0.0110638720 1
0.0110553489 1
0.0110468337 1
0.0110383264 1
0.0110298271 1
0.0110213358 1
0.0110128524 1
0.0110043769 1
0.0109959095 1
0.0109874500 1
0.0109789985 1
0.0109705549 1
0.0109621194 1
0.0109536919 1
0.0109452724 1
0.0109368608 1
0.0109284573 1
0.0109200619 1
0.0109116744 1
0.0109032950 1
0.0108949236 1
0.0108865603 1
0.0108782050 1
0.0108698578 1
0.0108615186 1
0.0108531875 1
0.0108448644 1
0.0108365494 1
0.0108282425 1
0.0108199437 1
0.0108116530 1
0.0108033704 1
0.0107950958 1
0.0107868294 1
0.0107785711 1
0.0107703209 1
0.0107620788 1
0.0107538448 1
0.0107456190 1
0.0107374013 1
0.0107291917 1
0.0107209903 1
0.0107127970 1
0.0107046118 1
0.0106964349 1
0.0106882660 1
0.0106801054 1
0.0106719529 1
0.0106638086 1
0.0106556724 1
0.0106475444 1
0.0106394247 1
0.0106313131 1
0.0106232097 1
0.0106151144 1
0.0106070274 1
0.0105989486 1
0.0105908780 1
0.0105828156 1
0.0105747615 1
0.0105667155 1
0.0105586778 1
0.0105506483 1
0.0105426270 1
0.0105346140 1
0.0105266092 1
0.0105186126 1
0.0105106243 1
0.0105026443 1
0.0104946725 1
0.0104867089 1
0.0104787536 1
0.0104708066 1
0.0104628678 1
0.0104549373 1
0.0104470151 1
0.0104391011 1
0.0104311954 1
0.0104232980 1
0.0104154089 1
0.0895334136 0
0.0104075281 1
0.0103996555 1
0.0103917913 1
0.0103839353 1
0.0103760877 1
0.0103682483 1
0.0103604173 1
0.0103525945 1
0.0103447801 1
0.0103369740 1
0.0103291762 1
0.0103213867 1
0.0103136055 1
0.0103058327 1
0.0102980681 1
0.0102903119 1
0.0102825641 1
0.0102748245 1
0.0102670933 1
0.0102593705 1
0.0102516559 1
0.0102439497 1
0.0102362519 1
0.0102285624 1
0.0102208812 1
0.0102132084 1
0.0102055439 1
0.0101978878 1
0.0101902401 1
0.0101826007 1
0.0101749696 1
0.0101673469 1
0.0101597326 1
0.0101521266 1
0.0101445290 1
0.0101369398 1
0.0101293589 1
0.0101217864 1
0.0101142223 1
0.0101066666 1
0.0100991192 1
0.0100915802 1
0.0100840495 1
0.0100765273 1
0.0100690134 1
0.0100615079 1
0.0100540107 1
0.0100465220 1
0.0100390416 1
0.0100315697 1
0.0100241061 1
0.0100166508 1
0.0100092040 1
0.0100017656 1
0.0099943355 1
0.0099869139 1
0.0099795006 1
0.0099720957 1
0.0099646992 1
0.0099573111 1
0.0099499314 1
0.0099425601 1
0.0099351971 1
0.0099278426 1
0.0099204964 1
0.0099131587 1
0.0099058293 1
0.0098985084 1
0.0098911958 1
0.0098838916 1
0.0098765958 1
0.0098693084 1
0.0098620294 1
0.0098547588 1
0.0098474966 1
0.0098402428 1
0.0098329974 1
0.0098257604 1
0.0098185317 1
0.0098113115 1
0.0098040996 1
0.0097968962 1
0.0097897011 1
0.0097825145 1
0.0097753362 1
0.0097681663 1
0.0097610048 1
0.0097538517 1
0.0097467070 1
0.0097395707 1
0.0097324428 1
0.0097253232 1
0.0097182121 1
0.0097111093 1
0.0097040149 1
0.0096969289 1
0.0096898513 1
0.0096827821 1
0.0096757212 1
0.0875221600 0
0.0096686688 1
0.0096616247 1
0.0096545890 1
0.0096475616 1
0.0096405427 1
0.0096335321 1
0.0096265299 1
0.0096195361 1
0.0096125506 1
0.0096055735 1
0.0095986048 1
0.0095916445 1
0.0095846925 1
0.0095777489 1
0.0095708136 1
0.0095638867 1
0.0095569682 1
0.0095500580 1
0.0095431562 1
0.0095362628 1
0.0095293776 1
0.0095225009 1
0.0095156325 1
0.0095087724 1
0.0095019207 1
0.0094950774 1
0.0094882423 1
0.0094814157 1
0.0094745973 1
0.0094677873 1
0.0094609856 1
0.0094541923 1
0.0094474073 1
0.0094406306 1
0.0094338623 1
0.0094271022 1
0.0094203505 1
0.0094136071 1
0.0094068720 1
0.0094001453 1
0.0093934268 1
0.0093867167 1
0.0093800148 1
0.0093733213 1
0.0093666361 1
0.0093599591 1
0.0093532905 1
0.0093466302 1
0.0093399781 1
0.0093333343 1
0.0093266989 1
0.0093200717 1
0.0093134527 1
0.0093068421 1
0.0093002397 1
0.0092936456 1
0.0092870598 1
0.0092804822 1
0.0092739129 1
0.0092673519 1
0.0092607991 1
0.0092542545 1
0.0092477183 1
0.0092411902 1
0.0092346704 1
0.0092281588 1
0.0092216555 1
0.0092151604 1
0.0092086735 1
0.0092021949 1
0.0091957245 1
0.0091892623 1
0.0091828083 1
0.0091763625 1
0.0091699249 1
0.0091634955 1
0.0091570744 1
0.0091506614 1
0.0091442566 1
0.0091378600 1
0.0091314716 1
0.0091250914 1
0.0091187194 1
0.0091123555 1
0.0091059998 1
0.0090996523 1
0.0090933129 1
0.0090869817 1
0.0090806586 1
0.0090743437 1
0.0090680369 1
0.0090617383 1
0.0090554478 1
0.0090491655 1
0.0090428913 1
0.0090366252 1
0.0090303672 1
0.0090241173 1
0.0090178756 1
0.0856151544 0
0.0090116419 1
0.0090054164 1
0.0089991989 1
0.0089929896 1
0.0089867883 1
0.0089805952 1
0.0089744101 1
0.0089682331 1
0.0089620641 1
0.0089559032 1
0.0089497504 1
0.0089436057 1
0.0089374690 1
0.0089313403 1
0.0089252197 1
0.0089191071 1
0.0089130026 1
0.0089069061 1
0.0089008176 1
0.0088947371 1
0.0088886646 1
0.0088826002 1
0.0088765438 1
0.0088704953 1
0.0088644549 1
0.0088584224 1
0.0088523979 1
0.0088463814 1
0.0088403729 1
0.0088343724 1
0.0088283798 1
0.0088223951 1
0.0088164185 1
0.0088104497 1
0.0088044889 1
0.0087985361 1
0.0087925912 1
0.0087866542 1
0.0087807251 1
0.0087748039 1
0.0087688907 1
0.0087629854 1
0.0087570879 1
0.0087511984 1
0.0087453167 1
0.0087394429 1
0.0087335770 1
0.0087277190 1
0.0087218688 1
0.0087160265 1
0.0087101920 1
0.0087043654 1
0.0086985467 1
0.0086927358 1
0.0086869327 1
0.0086811374 1
0.0086753499 1
0.0086695703 1
0.0086637985 1
0.0086580345 1
0.0086522782 1
0.0086465298 1
0.0086407891 1
0.0086350563 1
0.0086293311 1
0.0086236138 1
0.0086179042 1
0.0086122024 1
0.0086065083 1
0.0086008220 1
0.0085951434 1
0.0085894725 1
0.0085838094 1
0.0085781539 1
0.0085725062 1
0.0085668662 1
0.0085612339 1
0.0085556092 1
0.0085499923 1
0.0085443830 1
0.0085387814 1
0.0085331875 1
0.0085276013 1
0.0085220226 1
0.0085164517 1
0.0085108884 1
0.0085053327 1
0.0084997846 1
0.0084942442 1
0.0084887114 1
0.0084831861 1
0.0084776685 1
0.0084721585 1
0.0084666561 1
0.0084611612 1
0.0084556739 1
0.0084501942 1
0.0084447221 1
0.0084392575 1
0.0838126336 0
0.0084338005 1
0.0084283510 1
0.0084229090 1
0.0084174746 1
0.0084120477 1
0.0084066283 1
0.0084012164 1
0.0083958120 1
0.0083904151 1
0.0083850257 1
0.0083796437 1
0.0083742693 1
0.0083689023 1
0.0083635428 1
0.0083581907 1
0.0083528460 1
0.0083475088 1
0.0083421791 1
0.0083368567 1
0.0083315418 1
0.0083262343 1
0.0083209342 1
0.0083156415 1
0.0083103562 1
0.0083050782 1
0.0082998077 1
0.0082945445 1
0.0082892886 1
0.0082840402 1
0.0082787990 1
0.0082735652 1
0.0082683387 1
0.0082631196 1
0.0082579078 1
0.0082527033 1
0.0082475061 1
0.0082423161 1
0.0082371335 1
0.0082319582 1
0.0082267901 1
0.0082216293 1
0.0082164757 1
0.0082113294 1
0.0082061904 1
0.0082010586 1
0.0081959340 1
0.0081908166 1
0.0081857064 1
0.0081806035 1
0.0081755078 1
0.0081704192 1
0.0081653378 1
0.0081602636 1
0.0081551966 1
0.0081501367 1
0.0081450840 1
0.0081400385 1
0.0081350001 1
0.0081299688 1
0.0081249446 1
0.0081199275 1
0.0081149176 1
0.0081099148 1
0.0081049190 1
0.0080999304 1
0.0080949488 1
0.0080899743 1
0.0080850068 1
0.0080800464 1
0.0080750931 1
0.0080701468 1
0.0080652075 1
0.0080602752 1
0.0080553500 1
0.0080504318 1
0.0080455206 1
0.0080406163 1
0.0080357191 1
0.0080308288 1
0.0080259455 1
0.0080210692 1
0.0080161998 1
0.0080113374 1
0.0080064819 1
0.0080016333 1
0.0079967917 1
0.0079919569 1
0.0079871291 1
0.0079823082 1
0.0079774942 1
0.0079726870 1
0.0079678867 1
0.0079630933 1
0.0079583068 1
0.0079535271 1
0.0079487543 1
0.0079439882 1
0.0079392291 1
0.0079344767 1
0.0821115634 0
0.0079297311 1
0.0079249924 1
0.0079202604 1
0.0079155353 1
0.0079108169 1
0.0079061053 1
0.0079014004 1
0.0078967024 1
0.0078920110 1
0.0078873264 1
0.0078826485 1
0.0078779774 1
0.0078733130 1
0.0078686552 1
0.0078640042 1
0.0078593599 1
0.0078547222 1
0.0078500913 1
0.0078454670 1
0.0078408493 1
0.0078362383 1
0.0078316340 1
0.0078270363 1
0.0078224452 1
0.0078178607 1
0.0078132828 1
0.0078087116 1
0.0078041469 1
0.0077995889 1
0.0077950374 1
0.0077904924 1
0.0077859541 1
0.0077814223 1
0.0077768970 1
0.0077723783 1
0.0077678661 1
0.0077633604 1
0.0077588612 1
0.0077543686 1
0.0077498824 1
0.0077454027 1
0.0077409295 1
0.0077364628 1
0.0077320025 1
0.0077275487 1
0.0077231014 1
0.0077186604 1
0.0077142259 1
0.0077097979 1
0.0077053762 1
0.0077009610 1
0.0076965521 1
0.0076921497 1
0.0076877536 1
0.0076833639 1
0.0076789805 1
0.0076746036 1
0.0076702329 1
0.0076658686 1
0.0076615107 1
0.0076571590 1
0.0076528137 1
0.0076484747 1
0.0076441420 1
0.0076398155 1
0.0076354954 1
0.0076311815 1
0.0076268739 1
0.0076225726 1
0.0076182775 1
0.0076139886 1
0.0076097060 1
0.0076054296 1
0.0076011594 1
0.0075968954 1
0.0075926376 1
0.0075883860 1
0.0075841406 1
0.0075799014 1
0.0075756683 1
0.0075714414 1
0.0075672207 1
0.0075630060 1
0.0075587976 1
0.0075545952 1
0.0075503990 1
0.0075462088 1
0.0075420248 1
0.0075378468 1
0.0075336750 1
0.0075295092 1
0.0075253495 1
0.0075211958 1
0.0075170482 1
0.0075129066 1
0.0075087711 1
0.0075046416 1
0.0075005181 1
0.0074964006 1
0.0805066758 0
0.0074922891 1
0.0074881837 1
0.0074840841 1
0.0074799906 1
0.0074759031 1
0.0074718214 1
0.0074677458 1
0.0074636761 1
0.0074596123 1
0.0074555545 1
0.0074515025 1
0.0074474565 1
0.0074434164 1
0.0074393821 1
0.0074353538 1
0.0074313313 1
0.0074273147 1
0.0074233040 1
0.0074192991 1
0.0074153000 1
0.0074113068 1
0.0074073194 1
0.0074033378 1
0.0073993621 1
0.0073953921 1
0.0073914279 1
0.0073874696 1
0.0073835170 1
0.0073795701 1
0.0073756290 1
0.0073716937 1
0.0073677641 1
0.0073638403 1
0.0073599222 1
0.0073560098 1
0.0073521031 1
0.0073482021 1
0.0073443068 1
0.0073404172 1
0.0073365333 1
0.0073326550 1
0.0073287824 1
0.0073249155 1
0.0073210542 1
0.0073171985 1
0.0073133485 1
0.0073095041 1
0.0073056653 1
0.0073018321 1
0.0072980045 1
0.0072941825 1
0.0072903661 1
0.0072865552 1
0.0072827499 1
0.0072789501 1
0.0072751560 1
0.0072713673 1
0.0072675842 1
0.0072638066 1
0.0072600345 1
0.0072562679 1
0.0072525068 1
0.0072487512 1
0.0072450011 1
0.0072412564 1
0.0072375173 1
0.0072337835 1
0.0072300553 1
0.0072263324 1
0.0072226150 1
0.0072189031 1
0.0072151965 1
0.0072114953 1
0.0072077996 1
0.0072041092 1
0.0072004243 1
0.0071967447 1
0.0071930704 1
0.0071894016 1
0.0071857380 1
0.0071820799 1
0.0071784270 1
0.0071747795 1
0.0071711373 1
0.0071675004 1
0.0071638689 1
0.0071602426 1
0.0071566216 1
0.0071530059 1
0.0071493954 1
0.0071457902 1
0.0071421903 1
0.0071385956 1
0.0071350062 1
0.0071314220 1
0.0071278430 1
0.0071242692 1
0.0071207007 1
0.0071171373 1
0.0789915585 0
0.0071135791 1
0.0071100261 1
0.0071064783 1
0.0071029357 1
0.0070993982 1
0.0070958659 1
0.0070923387 1
0.0070888166 1
0.0070852997 1
0.0070817879 1
0.0070782812 1
0.0070747796 1
0.0070712831 1
0.0070677917 1
0.0070643054 1
0.0070608241 1
0.0070573479 1
0.0070538768 1
0.0070504107 1
0.0070469497 1
0.0070434937 1
0.0070400427 1
0.0070365967 1
0.0070331557 1
0.0070297198 1
0.0070262888 1
0.0070228628 1
0.0070194419 1
0.0070160258 1
0.0070126148 1
0.0070092087 1
0.0070058075 1
0.0070024113 1
0.0069990200 1
0.0069956336 1
0.0069922522 1
0.0069888756 1
0.0069855040 1
0.0069821372 1
0.0069787754 1
0.0069754184 1
0.0069720663 1
0.0069687190 1
0.0069653766 1
0.0069620391 1
0.0069587064 1
0.0069553785 1
0.0069520554 1
0.0069487372 1
0.0069454238 1
0.0069421151 1
0.0069388113 1
0.0069355122 1
0.0069322180 1
0.0069289285 1
0.0069256437 1
0.0069223637 1
0.0069190885 1
0.0069158180 1
0.0069125522 1
0.0069092912 1
0.0069060349 1
0.0069027833 1
0.0068995364 1
0.0068962941 1
0.0068930566 1
0.0068898238 1
0.0068865956 1
0.0068833721 1
0.0068801532 1
0.0068769390 1
0.0068737294 1
0.0068705245 1
0.0068673242 1
0.0068641285 1
0.0068609375 1
0.0068577510 1
0.0068545691 1
0.0068513919 1
0.0068482192 1
0.0068450510 1
0.0068418875 1
0.0068387285 1
0.0068355741 1
0.0068324242 1
0.0068292788 1
0.0068261380 1
0.0068230017 1
0.0068198699 1
0.0068167426 1
0.0068136199 1
0.0068105016 1
0.0068073878 1
0.0068042785 1
0.0068011736 1
0.0067980733 1
0.0067949773 1
0.0067918859 1
0.0067887988 1
0.0775595310 0
0.0067857162 1
0.0067826381 1
0.0067795643 1
0.0067764950 1
0.0067734301 1
0.0067703696 1
0.0067673135 1
0.0067642617 1
0.0067612144 1
0.0067581714 1
0.0067551327 1
0.0067520985 1
0.0067490685 1
0.0067460430 1
0.0067430217 1
0.0067400048 1
0.0067369922 1
0.0067339839 1
0.0067309800 1
0.0067279803 1
0.0067249849 1
0.0067219938 1
0.0067190070 1
0.0067160244 1
0.0067130462 1
0.0067100721 1
0.0067071024 1
0.0067041368 1
0.0067011755 1
0.0066982185 1
0.0066952656 1
0.0066923170 1
0.0066893726 1
0.0066864323 1
0.0066834963 1
0.0066805645 1
0.0066776368 1
0.0066747133 1
0.0066717940 1
0.0066688789 1
0.0066659678 1
0.0066630610 1
0.0066601583 1
0.0066572597 1
0.0066543652 1
0.0066514749 1
0.0066485886 1
0.0066457065 1
0.0066428285 1
0.0066399545 1
0.0066370847 1
0.0066342189 1
0.0066313572 1
0.0066284995 1
0.0066256459 1
0.0066227964 1
0.0066199509 1
0.0066171095 1
0.0066142720 1
0.0066114386 1
0.0066086092 1
0.0066057839 1
0.0066029625 1
0.0066001451 1
0.0065973317 1
0.0065945223 1
0.0065917169 1
0.0065889154 1
0.0065861179 1
0.0065833244 1
0.0065805348 1
0.0065777491 1
0.0065749674 1
0.0065721896 1
0.0065694158 1
0.0065666458 1
0.0065638798 1
0.0065611176 1
0.0065583594 1
0.0065556051 1
0.0065528546 1
0.0065501080 1
0.0065473653 1
0.0065446265 1
0.0065418915 1
0.0065391603 1
0.0065364330 1
0.0065337096 1
0.0065309899 1
0.0065282741 1
0.0065255622 1
0.0065228540 1
0.0065201496 1
0.0065174491 1
0.0065147523 1
0.0065120593 1
0.0065093701 1
0.0065066847 1
0.0065040030 1
0.0762042248 0
0.0065013251 1
0.0064986510 1
0.0064959806 1
0.0064933139 1
0.0064906510 1
0.0064879918 1
0.0064853363 1
0.0064826846 1
0.0064800366 1
0.0064773922 1
0.0064747516 1
0.0064721146 1
0.0064694814 1
0.0064668518 1
0.0064642259 1
0.0064616037 1
0.0064589851 1
0.0064563701 1
0.0064537589 1
0.0064511512 1
0.0064485472 1
0.0064459469 1
0.0064433501 1
0.0064407570 1
0.0064381675 1
0.0064355816 1
0.0064329992 1
0.0064304205 1
0.0064278454 1
0.0064252738 1
0.0064227058 1
0.0064201414 1
0.0064175806 1
0.0064150233 1
0.0064124695 1
0.0064099193 1
0.0064073727 1
0.0064048296 1
0.0064022900 1
0.0063997539 1
0.0063972213 1
0.0063946922 1
0.0063921667 1
0.0063896446 1
0.0063871261 1
0.0063846110 1
0.0063820994 1
0.0063795912 1
0.0063770865 1
0.0063745853 1
0.0063720876 1
0.0063695933 1
0.0063671024 1
0.0063646150 1
0.0063621310 1
0.0063596504 1
0.0063571733 1
0.0063546995 1
0.0063522292 1
0.0063497623 1
0.0063472987 1
0.0063448386 1
0.0063423819 1
0.0063399285 1
0.0063374785 1
0.0063350318 1
0.0063325886 1
0.0063301486 1
0.0063277121 1
0.0063252788 1
0.0063228490 1
0.0063204224 1
0.0063179992 1
0.0063155793 1
0.0063131627 1
0.0063107494 1
0.0063083394 1
0.0063059328 1
0.0063035294 1
0.0063011293 1
0.0062987325 1
0.0062963389 1
0.0062939487 1
0.0062915617 1
0.0062891779 1
0.0062867974 1
0.0062844202 1
0.0062820462 1
0.0062796755 1
0.0062773079 1
0.0062749436 1
0.0062725826 1
0.0062702247 1
0.0062678700 1
0.0062655186 1
0.0062631703 1
0.0062608253 1
0.0062584834 1
0.0062561447 1
0.0749199020 0
0.0062538092 1
0.0062514769 1
0.0062491477 1
0.0062468217 1
0.0062444988 1
0.0062421791 1
0.0062398626 1
0.0062375491 1
0.0062352388 1
0.0062329317 1
0.0062306276 1
0.0062283267 1
0.0062260289 1
0.0062237342 1
0.0062214426 1
0.0062191541 1
0.0062168687 1
0.0062145864 1
0.0062123071 1
0.0062100309 1
0.0062077578 1
0.0062054878 1
0.0062032208 1
0.0062009569 1
0.0061986960 1
0.0061964382 1
0.0061941834 1
0.0061919316 1
0.0061896829 1
0.0061874372 1
0.0061851945 1
0.0061829548 1
0.0061807182 1
0.0061784845 1
0.0061762538 1
0.0061740261 1
0.0061718014 1
0.0061695797 1
0.0061673610 1
0.0061651452 1
0.0061629324 1
0.0061607226 1
0.0061585157 1
0.0061563118 1
0.0061541108 1
0.0061519128 1
0.0061497177 1
0.0061475255 1
0.0061453363 1
0.0061431499 1
0.0061409665 1
0.0061387860 1
0.0061366084 1
0.0061344337 1
0.0061322619 1
0.0061300930 1
0.0061279270 1
0.0061257639 1
0.0061236036 1
0.0061214462 1
0.0061192917 1
0.0061171400 1
0.0061149912 1
0.0061128453 1
0.0061107022 1
0.0061085619 1
0.0061064245 1
0.0061042899 1
0.0061021581 1
0.0061000292 1
0.0060979030 1
0.0060957797 1
0.0060936592 1
0.0060915415 1
0.0060894266 1
0.0060873145 1
0.0060852052 1
0.0060830986 1
0.0060809949 1
0.0060788939 1
0.0060767957 1
0.0060747002 1
0.0060726076 1
0.0060705176 1
0.0060684304 1
0.0060663460 1
0.0060642643 1
0.0060621854 1
0.0060601091 1
0.0060580357 1
0.0060559649 1
0.0060538968 1
0.0060518315 1
0.0060497689 1
0.0060477089 1
0.0060456517 1
0.0060435972 1
0.0060415453 1
0.0060394962 1
0.0737015817 0
0.0060374497 1
0.0060354059 1
0.0060333648 1
0.0060313263 1
0.0060292906 1
0.0060272574 1
0.0060252269 1
0.0060231991 1
0.0060211739 1
0.0060191514 1
0.0060171315 1
0.0060151142 1
0.0060130996 1
0.0060110875 1
0.0060090781 1
0.0060070713 1
0.0060050671 1
0.0060030656 1
0.0060010666 1
0.0059990702 1
0.0059970764 1
0.0059950852 1
0.0059930966 1
0.0059911106 1
0.0059891271 1
0.0059871462 1
0.0059851679 1
0.0059831921 1
0.0059812189 1
0.0059792482 1
0.0059772801 1
0.0059753145 1
0.0059733515 1
0.0059713910 1
0.0059694330 1
0.0059674776 1
0.0059655246 1
0.0059635742 1
0.0059616264 1
0.0059596810 1
0.0059577381 1
0.0059557977 1
0.0059538599 1
0.0059519245 1
0.0059499916 1
0.0059480612 1
0.0059461332 1
0.0059442078 1
0.0059422848 1
0.0059403643 1
0.0059384462 1
0.0059365306 1
0.0059346174 1
0.0059327068 1
0.0059307985 1
0.0059288927 1
0.0059269893 1
0.0059250884 1
0.0059231899 1
0.0059212938 1
0.0059194001 1
0.0059175089 1
0.0059156201 1
0.0059137336 1
0.0059118496 1
0.0059099680 1
0.0059080888 1
0.0059062120 1
0.0059043375 1
0.0059024655 1
0.0059005958 1
0.0058987285 1
0.0058968636 1
0.0058950010 1
0.0058931409 1
0.0058912830 1
0.0058894276 1
0.0058875744 1
0.0058857237 1
0.0058838752 1
0.0058820292 1
0.0058801854 1
0.0058783440 1
0.0058765049 1
0.0058746681 1
0.0058728337 1
0.0058710016 1
0.0058691718 1
0.0058673443 1
0.0058655191 1
0.0058636962 1
0.0058618756 1
0.0058600573 1
0.0058582413 1
0.0058564276 1
0.0058546161 1
0.0058528069 1
0.0058510001 1
0.0058491954 1
0.0725450451 0
0.0058473931 1
0.0058455930 1
0.0058437952 1
0.0058419996 1
0.0058402063 1
0.0058384152 1
0.0058366264 1
0.0058348398 1
0.0058330554 1
0.0058312733 1
0.0058294934 1
0.0058277157 1
0.0058259403 1
0.0058241671 1
0.0058223960 1
0.0058206272 1
0.0058188606 1
0.0058170963 1
0.0058153341 1
0.0058135741 1
0.0058118163 1
0.0058100606 1
0.0058083072 1
0.0058065560 1
0.0058048069 1
0.0058030600 1
0.0058013153 1
0.0057995727 1
0.0057978323 1
0.0057960940 1
0.0057943580 1
0.0057926240 1
0.0057908922 1
0.0057891626 1
0.0057874351 1
0.0057857097 1
0.0057839865 1
0.0057822654 1
0.0057805464 1
0.0057788296 1
0.0057771149 1
0.0057754023 1
0.0057736918 1
0.0057719834 1
0.0057702771 1
0.0057685729 1
0.0057668708 1
0.0057651708 1
0.0057634729 1
0.0057617771 1
0.0057600834 1
0.0057583918 1
0.0057567022 1
0.0057550147 1
0.0057533293 1
0.0057516460 1
0.0057499647 1
0.0057482854 1
0.0057466083 1
0.0057449332 1
0.0057432601 1
0.0057415891 1
0.0057399201 1
0.0057382532 1
0.0057365883 1
0.0057349254 1
0.0057332646 1
0.0057316058 1
0.0057299490 1
0.0057282942 1
0.0057266415 1
0.0057249907 1
0.0057233420 1
0.0057216953 1
0.0057200506 1
0.0057184079 1
0.0057167671 1
0.0057151284 1
0.0057134917 1
0.0057118569 1
0.0057102242 1
0.0057085934 1
0.0057069646 1
0.0057053377 1
0.0057037129 1
0.0057020900 1
0.0057004691 1
0.0056988501 1
0.0056972331 1
0.0056956180 1
0.0056940049 1
0.0056923937 1
0.0056907845 1
0.0056891772 1
0.0056875719 1
0.0056859685 1
0.0056843670 1
0.0056827675 1
0.0056811698 1
0.0714467744 0
0.0056795741 1
0.0056779804 1
0.0056763885 1
0.0056747985 1
0.0056732105 1
0.0056716244 1
0.0056700401 1
0.0056684578 1
0.0056668774 1
0.0056652988 1
0.0056637222 1
0.0056621474 1
0.0056605745 1
0.0056590035 1
0.0056574344 1
0.0056558672 1
0.0056543018 1
0.0056527383 1
0.0056511766 1
0.0056496169 1
0.0056480590 1
0.0056465029 1
0.0056449487 1
0.0056433963 1
0.0056418458 1
0.0056402972 1
0.0056387503 1
0.0056372054 1
0.0056356622 1
0.0056341209 1
0.0056325814 1
0.0056310437 1
0.0056295079 1
0.0056279739 1
0.0056264417 1
0.0056249113 1
0.0056233827 1
0.0056218560 1
0.0056203310 1
0.0056188079 1
0.0056172865 1
0.0056157669 1
0.0056142492 1
0.0056127332 1
0.0056112190 1
0.0056097066 1
0.0056081960 1
0.0056066871 1
0.0056051801 1
0.0056036748 1
0.0056021713 1
0.0056006695 1
0.0055991695 1
0.0055976713 1
0.0055961748 1
0.0055946801 1
0.0055931872 1
0.0055916960 1
0.0055902065 1
0.0055887188 1
0.0055872328 1
0.0055857486 1
0.0055842661 1
0.0055827853 1
0.0055813063 1
0.0055798290 1
0.0055783534 1
0.0055768795 1
0.0055754074 1
0.0055739369 1
0.0055724682 1
0.0055710012 1
0.0055695359 1
0.0055680723 1
0.0055666105 1
0.0055651503 1
0.0055636918 1
0.0055622350 1
0.0055607799 1
0.0055593265 1
0.0055578747 1
0.0055564247 1
0.0055549763 1
0.0055535296 1
0.0055520846 1
0.0055506413 1
0.0055491996 1
0.0055477596 1
0.0055463213 1
0.0055448846 1
0.0055434496 1
0.0055420162 1
0.0055405845 1
0.0055391545 1
0.0055377260 1
0.0055362993 1
0.0055348742 1
0.0055334507 1
0.0055320288 1
0.0704038600 0
0.0055306086 1
0.0055291900 1
0.0055277731 1
0.0055263578 1
0.0055249441 1
0.0055235320 1
0.0055221215 1
0.0055207127 1
0.0055193055 1
0.0055178999 1
0.0055164958 1
0.0055150934 1
0.0055136926 1
0.0055122934 1
0.0055108958 1
0.0055094998 1
0.0055081054 1
0.0055067126 1
0.0055053214 1
0.0055039317 1
0.0055025437 1
0.0055011572 1
0.0054997723 1
0.0054983889 1
0.0054970072 1
0.0054956270 1
0.0054942484 1
0.0054928713 1
0.0054914958 1
0.0054901219 1
0.0054887495 1
0.0054873787 1
0.0054860094 1
0.0054846417 1
0.0054832755 1
0.0054819109 1
0.0054805478 1
0.0054791863 1
0.0054778262 1
0.0054764678 1
0.0054751108 1
0.0054737554 1
0.0054724015 1
0.0054710492 1
0.0054696983 1
0.0054683490 1
0.0054670012 1
0.0054656549 1
0.0054643102 1
0.0054629669 1
0.0054616251 1
0.0054602849 1
0.0054589462 1
0.0054576089 1
0.0054562732 1
0.0054549389 1
0.0054536062 1
0.0054522749 1
0.0054509451 1
0.0054496168 1
0.0054482900 1
0.0054469647 1
0.0054456409 1
0.0054443185 1
0.0054429976 1
0.0054416782 1
0.0054403602 1
0.0054390437 1
0.0054377287 1
0.0054364152 1
0.0054351031 1
0.0054337924 1
0.0054324832 1
0.0054311755 1
0.0054298692 1
0.0054285644 1
0.0054272610 1
0.0054259591 1
0.0054246586 1
0.0054233595 1
0.0054220619 1
0.0054207657 1
0.0054194709 1
0.0054181776 1
0.0054168857 1
0.0054155952 1
0.0054143062 1
0.0054130186 1
0.0054117324 1
0.0054104476 1
0.0054091642 1
0.0054078822 1
0.0054066016 1
0.0054053225 1
0.0054040448 1
0.0054027684 1
0.0054014935 1
0.0054002199 1
0.0053989478 1
0.0694138970 0
0.0053976770 1
0.0053964077 1
0.0053951397 1
0.0053938731 1
0.0053926079 1
0.0053913441 1
0.0053900816 1
0.0053888206 1
0.0053875609 1
0.0053863026 1
0.0053850456 1
0.0053837901 1
0.0053825359 1
0.0053812830 1
0.0053800315 1
0.0053787814 1
0.0053775327 1
0.0053762853 1
0.0053750392 1
0.0053737945 1
0.0053725512 1
0.0053713092 1
0.0053700686 1
0.0053688292 1
0.0053675913 1
0.0053663547 1
0.0053651194 1
0.0053638854 1
0.0053626528 1
0.0053614215 1
0.0053601915 1
0.0053589629 1
0.0053577356 1
0.0053565096 1
0.0053552849 1
0.0053540616 1
0.0053528395 1
0.0053516188 1
0.0053503994 1
0.0053491813 1
0.0053479645 1
0.0053467490 1
0.0053455348 1
0.0053443219 1
0.0053431103 1
0.0053419000 1
0.0053406911 1
0.0053394833 1
0.0053382769 1
0.0053370718 1
0.0053358680 1
0.0053346654 1
0.0053334641 1
0.0053322642 1
0.0053310654 1
0.0053298680 1
0.0053286718 1
0.0053274770 1
0.0053262833 1
0.0053250910 1
0.0053238999 1
0.0053227101 1
0.0053215215 1
0.0053203342 1
0.0053191482 1
0.0053179634 1
0.0053167798 1
0.0053155976 1
0.0053144165 1
0.0053132367 1
0.0053120582 1
0.0053108809 1
0.0053097049 1
0.0053085300 1
0.0053073565 1
0.0053061841 1
0.0053050130 1
0.0053038432 1
0.0053026745 1
0.0053015071 1
0.0053003409 1
0.0052991759 1
0.0052980122 1
0.0052968497 1
0.0052956884 1
0.0052945283 1
0.0052933694 1
0.0052922117 1
0.0052910553 1
0.0052899000 1
0.0052887460 1
0.0052875932 1
0.0052864415 1
0.0052852911 1
0.0052841419 1
0.0052829939 1
0.0052818470 1
0.0052807014 1
0.0052795569 1
0.0684748831 0
0.0052784136 1
0.0052772716 1
0.0052761307 1
0.0052749910 1
0.0052738524 1
0.0052727151 1
0.0052715789 1
0.0052704439 1
0.0052693101 1
0.0052681774 1
0.0052670460 1
0.0052659156 1
0.0052647865 1
0.0052636585 1
0.0052625317 1
0.0052614060 1
0.0052602815 1
0.0052591582 1
0.0052580360 1
0.0052569150 1
0.0052557951 1
0.0052546763 1
0.0052535588 1
0.0052524423 1
0.0052513270 1
0.0052502129 1
0.0052490999 1
0.0052479880 1
0.0052468772 1
0.0052457676 1
0.0052446592 1
0.0052435518 1
0.0052424456 1
0.0052413405 1
0.0052402366 1
0.0052391337 1
0.0052380320 1
0.0052369314 1
0.0052358319 1
0.0052347336 1
0.0052336363 1
0.0052325402 1
0.0052314452 1
0.0052303513 1
0.0052292585 1
0.0052281668 1
0.0052270762 1
0.0052259867 1
0.0052248983 1
0.0052238110 1
0.0052227248 1
0.0052216397 1
0.0052205557 1
0.0052194728 1
0.0052183909 1
0.0052173102 1
0.0052162305 1
0.0052151520 1
0.0052140745 1
0.0052129981 1
0.0052119227 1
0.0052108485 1
0.0052097753 1
0.0052087032 1
0.0052076322 1
0.0052065622 1
0.0052054933 1
0.0052044255 1
0.0052033587 1
0.0052022930 1
0.0052012284 1
0.0052001648 1
0.0051991023 1
0.0051980408 1
0.0051969804 1
0.0051959211 1
0.0051948628 1
0.0051938055 1
0.0051927493 1
0.0051916942 1
0.0051906400 1
0.0051895870 1
0.0051885349 1
0.0051874839 1
0.0051864340 1
0.0051853851 1
0.0051843372 1
0.0051832903 1
0.0051822445 1
0.0051811997 1
0.0051801559 1
0.0051791132 1
0.0051780715 1
0.0051770308 1
0.0051759911 1
0.0051749524 1
0.0051739148 1
0.0051728782 1
0.0051718425 1
0.0675851201 0
0.0051708079 1
0.0051697744 1
0.0051687418 1
0.0051677102 1
0.0051666796 1
0.0051656501 1
0.0051646215 1
0.0051635939 1
0.0051625674 1
0.0051615418 1
0.0051605172 1
0.0051594937 1
0.0051584711 1
0.0051574495 1
0.0051564289 1
0.0051554093 1
0.0051543906 1
0.0051533730 1
0.0051523563 1
0.0051513406 1
0.0051503259 1
0.0051493122 1
0.0051482994 1
0.0051472876 1
0.0051462768 1
0.0051452670 1
0.0051442581 1
0.0051432502 1
0.0051422433 1
0.0051412373 1
0.0051402323 1
0.0051392283 1
0.0051382252 1
0.0051372230 1
0.0051362219 1
0.0051352217 1
0.0051342224 1
0.0051332241 1
0.0051322267 1
0.0051312303 1
0.0051302348 1
0.0051292403 1
0.0051282467 1
0.0051272541 1
0.0051262624 1
0.0051252716 1
0.0051242818 1
0.0051232929 1
0.0051223050 1
0.0051213179 1
0.0051203319 1
0.0051193467 1
0.0051183625 1
0.0051173792 1
0.0051163968 1
0.0051154153 1
0.0051144348 1
0.0051134552 1
0.0051124765 1
0.0051114987 1
0.0051105218 1
0.0051095459 1
0.0051085708 1
0.0051075967 1
0.0051066235 1
0.0051056512 1
0.0051046798 1
0.0051037093 1
0.0051027397 1
0.0051017710 1
0.0051008032 1
0.0050998363 1
0.0050988703 1
0.0050979052 1
0.0050969409 1
0.0050959776 1
0.0050950152 1
0.0050940537 1
0.0050930930 1
0.0050921332 1
0.0050911743 1
0.0050902163 1
0.0050892592 1
0.0050883030 1
0.0050873476 1
0.0050863931 1
0.0050854395 1
0.0050844868 1
0.0050835349 1
0.0050825839 1
0.0050816338 1
0.0050806846 1
0.0050797362 1
0.0050787886 1
0.0050778420 1
0.0050768962 1
0.0050759512 1
0.0050750072 1
0.0050740639 1
0.0667431223 0
