-0.9285766429 
-0.4776096530 
-0.4542873840 
-0.4532705342 
-0.4533653932 
-0.4535159056 
-0.4536696010 
-0.4538238728 
-0.4539785906 
-0.4541337470 
-0.4542893407 
-0.4544453708 
-0.4546018363 
-0.4547587361 
-0.4549160695 
-0.4550738353 
-0.4552320327 
-0.4553906607 
-0.4555497185 
-0.4557092049 
-0.4558691192 
-0.4560294604 
-0.4561902275 
-0.4563514196 
-0.4565130359 
-0.4566750753 
-0.4568375371 
-0.4570004202 
-0.4571637238 
-0.4573274469 
-0.4574915888 
-0.4576561483 
-0.4578211248 
-0.4579865172 
-0.4581523247 
-0.4583185465 
-0.4584851815 
-0.4586522290 
-0.4588196881 
-0.4589875579 
-0.4591558375 
-0.4593245260 
-0.4594936227 
-0.4596631265 
-0.4598330368 
-0.4600033525 
-0.4601740729 
-0.4603451971 
-0.4605167243 
-0.4606886535 
-0.4608609841 
-0.4610337150 
-0.4612068455 
-0.4613803748 
-0.4615543020 
-0.4617286263 
-0.4619033468 
-0.4620784627 
-0.4622539732 
-0.4624298775 
-0.4626061748 
-0.4627828642 
-0.4629599449 
-0.4631374161 
-0.4633152769 
-0.4634935267 
-0.4636721646 
-0.4638511897 
-0.4640306012 
-0.4642103985 
-0.4643905806 
-0.4645711468 
-0.4647520962 
-0.4649334281 
-0.4651151417 
-0.4652972362 
-0.4654797108 
-0.4656625647 
-0.4658457972 
-0.4660294074 
-0.4662133946 
-0.4663977580 
-0.4665824968 
-0.4667676102 
-0.4669530975 
-0.4671389580 
-0.4673251907 
-0.4675117950 
-0.4676987701 
-0.4678861152 
-0.4680738296 
-0.4682619125 
-0.4684503631 
-0.4686391807 
-0.4688283646 
-0.4690179139 
-0.4692078279 
-0.4693981059 
-0.4695887471 
-0.4697797507 
-0.4699711161 
-0.4701628424 
-0.4703549289 
-0.4705473750 
-0.4707401797 
-0.4709333424 
-0.4711268624 
-0.4713207389 
-0.4715149712 
-0.4717095585 
-0.4719045000 
-0.4720997952 
-0.4722954432 
-0.4724914433 
-0.4726877947 
-0.4728844968 
-0.4730815488 
-0.4732789500 
-0.4734766996 
-0.4736747970 
-0.4738732414 
-0.4740720321 
-0.4742711683 
-0.4744706494 
-0.4746704746 
-0.4748706432 
-0.4750711545 
-0.4752720077 
-0.4754732022 
-0.4756747373 
-0.4758766122 
-0.4760788262 
-0.4762813786 
-0.4764842687 
-0.4766874958 
-0.4768910591 
-0.4770949580 
-0.4772991918 
-0.4775037597 
-0.4777086611 
-0.4779138952 
-0.4781194613 
-0.4783253588 
-0.4785315869 
-0.4787381449 
-0.4789450322 
-0.4791522480 
-0.4793597916 
-0.4795676623 
-0.4797758595 
-0.4799843824 
-0.4801932304 
-0.4804024027 
-0.4806118986 
-0.4808217175 
-0.4810318587 
-0.4812423214 
-0.4814531050 
-0.4816642088 
-0.4818756320 
-0.4820873741 
-0.4822994343 
-0.4825118119 
-0.4827245063 
-0.4829375166 
-0.4831508424 
-0.4833644828 
-0.4835784372 
-0.4837927049 
-0.4840072852 
-0.4842221775 
-0.4844373809 
-0.4846528950 
-0.4848687189 
-0.4850848520 
-0.4853012936 
-0.4855180431 
-0.4857350997 
-0.4859524628 
-0.4861701316 
-0.4863881056 
-0.4866063840 
-0.4868249661 
-0.4870438513 
-0.4872630389 
-0.4874825282 
-0.4877023186 
-0.4879224093 
-0.4881427997 
-0.4883634890 
-0.4885844768 
-0.4888057621 
-0.4890273445 
-0.4892492231 
-0.4894713974 
-0.4896938666 
-0.4899166301 
-0.4901396873 
-0.4903630373 
-0.4905866796 
-0.4905866796 
-0.4908106135 
-0.4910348383 
-0.4912593533 
-0.4914841580 
-0.4917092515 
-0.4919346332 
-0.4921603025 
-0.4923862587 
-0.4926125011 
-0.4928390290 
-0.4930658419 
-0.4932929389 
-0.4935203194 
-0.4937479828 
-0.4939759285 
-0.4942041556 
-0.4944326636 
-0.4946614518 
-0.4948905195 
-0.4951198661 
-0.4953494908 
-0.4955793931 
-0.4958095722 
-0.4960400275 
-0.4962707583 
-0.4965017640 
-0.4967330438 
-0.4969645972 
-0.4971964234 
-0.4974285218 
-0.4976608917 
-0.4978935325 
-0.4981264434 
-0.4983596239 
-0.4985930732 
-0.4988267907 
-0.4990607758 
-0.4992950276 
-0.4995295457 
-0.4997643293 
-0.4999993778 
-0.5002346904 
-0.5004702666 
-0.5007061057 
-0.5009422070 
-0.5011785698 
-0.5014151934 
-0.5016520773 
-0.5018892207 
-0.5021266231 
-0.5023642836 
-0.5026022017 
-0.5028403766 
-0.5030788078 
-0.5033174946 
-0.5035564363 
-0.5037956322 
-0.5040350816 
-0.5042747840 
-0.5045147386 
-0.5047549448 
-0.5049954020 
-0.5052361093 
-0.5054770663 
-0.5057182722 
-0.5059597264 
-0.5062014281 
-0.5064433768 
-0.5066855718 
-0.5069280124 
-0.5071706980 
-0.5074136278 
-0.5076568013 
-0.5079002177 
-0.5081438764 
-0.5083877768 
-0.5086319182 
-0.5088762998 
-0.5091209211 
-0.5093657814 
-0.5096108800 
-0.5098562163 
-0.5101017896 
-0.5103475992 
-0.5105936445 
-0.5108399247 
-0.5110864394 
-0.5113331877 
-0.5115801691 
-0.5118273828 
-0.5120748282 
-0.5123225046 
-0.5125704115 
-0.5128185480 
-0.5130669136 
-0.5133155075 
-0.5135643292 
-0.5138133780 
-0.5140626531 
-0.5143121540 
-0.5145618800 
-0.5148118303 
-0.5150620045 
-0.5153124017 
-0.5155630213 
-0.5158138627 
-0.5160649252 
-0.5163162081 
-0.5165677108 
-0.5168194326 
-0.5170713728 
-0.5173235309 
-0.5175759060 
-0.5178284977 
-0.5180813051 
-0.5183343277 
-0.5185875647 
-0.5188410155 
-0.5190946795 
-0.5193485560 
-0.5196026443 
-0.5198569437 
-0.5201114537 
-0.5203661735 
-0.5206211024 
-0.5208762399 
-0.5211315852 
-0.5213871377 
-0.5216428967 
-0.5218988616 
-0.5221550317 
-0.5224114063 
-0.5226679848 
-0.5229247665 
-0.5231817507 
-0.5234389368 
-0.5236963242 
-0.5239539121 
-0.5242116999 
-0.5244696869 
-0.5247278725 
-0.5249862560 
-0.5252448367 
-0.5255036140 
-0.5257625873 
-0.5260217558 
-0.5262811189 
-0.5265406759 
-0.5268004262 
-0.5270603691 
-0.5273205040 
-0.5275808301 
-0.5278413468 
-0.5281020535 
-0.5283629495 
-0.5286240342 
-0.5288853068 
-0.5291467667 
-0.5294084132 
-0.5296702457 
-0.5299322636 
-0.5301944661 
-0.5304568526 
-0.5307194224 
-0.5309821749 
-0.5312451094 
-0.5315082253 
-0.5317715218 
-0.5320349984 
-0.5322986543 
-0.5325624889 
-0.5328265016 
-0.5330906916 
-0.5333550583 
-0.5336196011 
-0.5338843193 
-0.5341492122 
-0.5344142791 
-0.5346795195 
-0.5349449326 
-0.5352105178 
-0.5354762744 
-0.5357422017 
-0.5360082992 
-0.5362745661 
-0.5365410017 
-0.5368076055 
-0.5370743767 
-0.5373413147 
-0.5376084188 
-0.5378756884 
-0.5381431228 
-0.5384107213 
-0.5386784833 
-0.5389464082 
-0.5392144952 
-0.5394827437 
-0.5397511531 
-0.5400197226 
-0.5400197226 
-0.5402884516 
-0.5405573396 
-0.5408263857 
-0.5410955893 
-0.5413649498 
-0.5416344666 
-0.5419041389 
-0.5421739661 
-0.5424439476 
-0.5427140826 
-0.5429843706 
-0.5432548108 
-0.5435254026 
-0.5437961454 
-0.5440670385 
-0.5443380812 
-0.5446092728 
-0.5448806128 
-0.5451521004 
-0.5454237351 
-0.5456955160 
-0.5459674427 
-0.5462395143 
-0.5465117303 
-0.5467840901 
-0.5470565929 
-0.5473292380 
-0.5476020249 
-0.5478749529 
-0.5481480213 
-0.5484212295 
-0.5486945767 
-0.5489680625 
-0.5492416860 
-0.5495154466 
-0.5497893438 
-0.5500633767 
-0.5503375449 
-0.5506118475 
-0.5508862841 
-0.5511608538 
-0.5514355561 
-0.5517103902 
-0.5519853557 
-0.5522604517 
-0.5525356776 
-0.5528110328 
-0.5530865167 
-0.5533621285 
-0.5536378676 
-0.5539137335 
-0.5541897253 
-0.5544658425 
-0.5547420844 
-0.5550184503 
-0.5552949397 
-0.5555715518 
-0.5558482860 
-0.5561251417 
-0.5564021182 
-0.5566792148 
-0.5569564309 
-0.5572337659 
-0.5575112190 
-0.5577887898 
-0.5580664774 
-0.5583442812 
-0.5586222007 
-0.5589002351 
-0.5591783838 
-0.5594566462 
-0.5597350216 
-0.5600135093 
-0.5602921087 
-0.5605708192 
-0.5608496402 
-0.5611285709 
-0.5614076107 
-0.5616867590 
-0.5619660151 
-0.5622453784 
-0.5625248482 
-0.5628044240 
-0.5630841050 
-0.5633638906 
-0.5636437801 
-0.5639237730 
-0.5642038686 
-0.5644840661 
-0.5647643651 
-0.5650447648 
-0.5653252646 
-0.5656058639 
-0.5658865620 
-0.5661673583 
-0.5664482521 
-0.5667292428 
-0.5670103297 
-0.5672915123 
-0.5675727899 
-0.5678541617 
-0.5681356273 
-0.5684171860 
-0.5686988370 
-0.5689805798 
-0.5692624138 
-0.5695443383 
-0.5698263527 
-0.5701084563 
-0.5703906485 
-0.5706729286 
-0.5709552961 
-0.5712377503 
-0.5715202905 
-0.5718029161 
-0.5720856266 
-0.5723684212 
-0.5726512993 
-0.5729342603 
-0.5732173035 
-0.5735004284 
-0.5737836343 
-0.5740669205 
-0.5743502865 
-0.5746337315 
-0.5749172550 
-0.5752008564 
-0.5754845350 
-0.5757682902 
-0.5760521213 
-0.5763360277 
-0.5766200089 
-0.5769040641 
-0.5771881927 
-0.5774723942 
-0.5777566679 
-0.5780410131 
-0.5783254293 
-0.5786099158 
-0.5788944720 
-0.5791790973 
-0.5794637910 
-0.5797485526 
-0.5800333813 
-0.5803182766 
-0.5806032379 
-0.5808882646 
-0.5811733559 
-0.5814585114 
-0.5817437303 
-0.5820290121 
-0.5823143561 
-0.5825997618 
-0.5828852285 
-0.5831707555 
-0.5834563424 
-0.5837419884 
-0.5840276929 
-0.5843134554 
-0.5845992752 
-0.5848851517 
-0.5851710843 
-0.5854570724 
-0.5857431153 
-0.5860292124 
-0.5863153633 
-0.5866015671 
-0.5868878234 
-0.5871741314 
-0.5874604907 
-0.5877469006 
-0.5880333604 
-0.5883198696 
-0.5886064276 
-0.5888930338 
-0.5891796875 
-0.5894663882 
-0.5897531352 
-0.5900399279 
-0.5903267658 
-0.5906136483 
-0.5909005746 
-0.5911875443 
-0.5914745568 
-0.5917616113 
-0.5920487074 
-0.5923358444 
-0.5926230218 
-0.5929102388 
-0.5931974951 
-0.5934847898 
-0.5937721225 
-0.5940594925 
-0.5943468993 
-0.5946343422 
-0.5949218207 
-0.5952093342 
-0.5954968820 
-0.5957844637 
-0.5957844637 
-0.5960720785 
-0.5963597259 
-0.5966474053 
-0.5969351161 
-0.5972228577 
-0.5975106296 
-0.5977984312 
-0.5980862618 
-0.5983741208 
-0.5986620078 
-0.5989499221 
-0.5992378630 
-0.5995258302 
-0.5998138228 
-0.6001018405 
-0.6003898825 
-0.6006779483 
-0.6009660374 
-0.6012541491 
-0.6015422828 
-0.6018304381 
-0.6021186142 
-0.6024068107 
-0.6026950269 
-0.6029832623 
-0.6032715163 
-0.6035597883 
-0.6038480778 
-0.6041363842 
-0.6044247068 
-0.6047130452 
-0.6050013987 
-0.6052897668 
-0.6055781490 
-0.6058665446 
-0.6061549530 
-0.6064433738 
-0.6067318063 
-0.6070202500 
-0.6073087043 
-0.6075971687 
-0.6078856425 
-0.6081741253 
-0.6084626164 
-0.6087511152 
-0.6090396214 
-0.6093281342 
-0.6096166531 
-0.6099051775 
-0.6101937070 
-0.6104822408 
-0.6107707786 
-0.6110593196 
-0.6113478635 
-0.6116364095 
-0.6119249572 
-0.6122135060 
-0.6125020553 
-0.6127906047 
-0.6130791534 
-0.6133677011 
-0.6136562471 
-0.6139447909 
-0.6142333320 
-0.6145218697 
-0.6148104036 
-0.6150989331 
-0.6153874577 
-0.6156759768 
-0.6159644898 
-0.6162529963 
-0.6165414957 
-0.6168299874 
-0.6171184709 
-0.6174069457 
-0.6176954112 
-0.6179838669 
-0.6182723123 
-0.6185607468 
-0.6188491698 
-0.6191375809 
-0.6194259795 
-0.6197143651 
-0.6200027371 
-0.6202910951 
-0.6205794384 
-0.6208677666 
-0.6211560791 
-0.6214443754 
-0.6217326549 
-0.6220209172 
-0.6223091617 
-0.6225973879 
-0.6228855953 
-0.6231737833 
-0.6234619514 
-0.6237500991 
-0.6240382259 
-0.6243263312 
-0.6246144146 
-0.6249024755 
-0.6251905134 
-0.6254785278 
-0.6257665181 
-0.6260544839 
-0.6263424247 
-0.6266303398 
-0.6269182289 
-0.6272060913 
-0.6274939267 
-0.6277817344 
-0.6280695140 
-0.6283572650 
-0.6286449868 
-0.6289326789 
-0.6292203409 
-0.6295079723 
-0.6297955724 
-0.6300831409 
-0.6303706773 
-0.6306581809 
-0.6309456514 
-0.6312330882 
-0.6315204908 
-0.6318078588 
-0.6320951915 
-0.6323824887 
-0.6326697496 
-0.6329569739 
-0.6332441611 
-0.6335313106 
-0.6338184220 
-0.6341054948 
-0.6343925284 
-0.6346795225 
-0.6349664765 
-0.6352533899 
-0.6355402622 
-0.6358270930 
-0.6361138817 
-0.6364006280 
-0.6366873312 
-0.6369739910 
-0.6372606068 
-0.6375471781 
-0.6378337046 
-0.6381201856 
-0.6384066208 
-0.6386930096 
-0.6389793516 
-0.6392656463 
-0.6395518932 
-0.6398380919 
-0.6401242419 
-0.6404103426 
-0.6406963938 
-0.6409823948 
-0.6412683452 
-0.6415542445 
-0.6418400923 
-0.6421258881 
-0.6424116315 
-0.6426973219 
-0.6429829590 
-0.6432685422 
-0.6435540712 
-0.6438395453 
-0.6441249643 
-0.6444103275 
-0.6446956347 
-0.6449808852 
-0.6452660787 
-0.6455512147 
-0.6458362928 
-0.6461213124 
-0.6464062732 
-0.6466911747 
-0.6469760164 
-0.6472607980 
-0.6475455189 
-0.6478301787 
-0.6481147769 
-0.6483993132 
-0.6486837871 
-0.6489681981 
-0.6492525458 
-0.6495368297 
-0.6498210495 
-0.6501052046 
-0.6503892947 
-0.6506733192 
-0.6509572779 
-0.6512411701 
-0.6515249956 
-0.6518087538 
-0.6520924444 
-0.6523760669 
-0.6526596208 
-0.6529431058 
-0.6529431058 
-0.6532265214 
-0.6535098672 
-0.6537931428 
-0.6540763477 
-0.6543594815 
-0.6546425439 
-0.6549255343 
-0.6552084523 
-0.6554912976 
-0.6557740697 
-0.6560567683 
-0.6563393928 
-0.6566219428 
-0.6569044180 
-0.6571868180 
-0.6574691423 
-0.6577513905 
-0.6580335622 
-0.6583156570 
-0.6585976744 
-0.6588796142 
-0.6591614758 
-0.6594432590 
-0.6597249631 
-0.6600065879 
-0.6602881330 
-0.6605695980 
-0.6608509823 
-0.6611322858 
-0.6614135079 
-0.6616946483 
-0.6619757065 
-0.6622566822 
-0.6625375749 
-0.6628183844 
-0.6630991101 
-0.6633797517 
-0.6636603089 
-0.6639407811 
-0.6642211681 
-0.6645014694 
-0.6647816847 
-0.6650618135 
-0.6653418555 
-0.6656218104 
-0.6659016776 
-0.6661814569 
-0.6664611478 
-0.6667407501 
-0.6670202632 
-0.6672996868 
-0.6675790206 
-0.6678582642 
-0.6681374172 
-0.6684164791 
-0.6686954498 
-0.6689743287 
-0.6692531156 
-0.6695318100 
-0.6698104115 
-0.6700889199 
-0.6703673347 
-0.6706456556 
-0.6709238822 
-0.6712020142 
-0.6714800511 
-0.6717579927 
-0.6720358386 
-0.6723135884 
-0.6725912417 
-0.6728687982 
-0.6731462576 
-0.6734236195 
-0.6737008835 
-0.6739780492 
-0.6742551165 
-0.6745320848 
-0.6748089538 
-0.6750857232 
-0.6753623927 
-0.6756389618 
-0.6759154303 
-0.6761917978 
-0.6764680639 
-0.6767442284 
-0.6770202909 
-0.6772962509 
-0.6775721083 
-0.6778478627 
-0.6781235136 
-0.6783990609 
-0.6786745041 
-0.6789498430 
-0.6792250771 
-0.6795002062 
-0.6797752299 
-0.6800501479 
-0.6803249598 
-0.6805996655 
-0.6808742644 
-0.6811487563 
-0.6814231409 
-0.6816974178 
-0.6819715868 
-0.6822456474 
-0.6825195994 
-0.6827934425 
-0.6830671763 
-0.6833408006 
-0.6836143150 
-0.6838877191 
-0.6841610128 
-0.6844341956 
-0.6847072672 
-0.6849802275 
-0.6852530759 
-0.6855258123 
-0.6857984363 
-0.6860709476 
-0.6863433459 
-0.6866156310 
-0.6868878024 
-0.6871598599 
-0.6874318033 
-0.6877036321 
-0.6879753462 
-0.6882469451 
-0.6885184286 
-0.6887897965 
-0.6890610483 
-0.6893321839 
-0.6896032029 
-0.6898741051 
-0.6901448901 
-0.6904155576 
-0.6906861075 
-0.6909565393 
-0.6912268528 
-0.6914970477 
-0.6917671237 
-0.6920370805 
-0.6923069180 
-0.6925766357 
-0.6928462333 
-0.6931157108 
-0.6933850676 
-0.6936543036 
-0.6939234185 
-0.6941924120 
-0.6944612839 
-0.6947300338 
-0.6949986615 
-0.6952671667 
-0.6955355492 
-0.6958038086 
-0.6960719448 
-0.6963399574 
-0.6966078462 
-0.6968756110 
-0.6971432513 
-0.6974107671 
-0.6976781580 
-0.6979454238 
-0.6982125642 
-0.6984795789 
-0.6987464677 
-0.6990132304 
-0.6992798666 
-0.6995463762 
-0.6998127589 
-0.7000790144 
-0.7003451424 
-0.7006111428 
-0.7008770153 
-0.7011427596 
-0.7014083754 
-0.7016738626 
-0.7019392209 
-0.7022044501 
-0.7024695498 
-0.7027345199 
-0.7029993601 
-0.7032640702 
-0.7035286499 
-0.7037930991 
-0.7040574174 
-0.7043216046 
-0.7045856606 
-0.7048495850 
-0.7051133776 
-0.7053770383 
-0.7056405667 
-0.7059039626 
-0.7061672259 
-0.7064303562 
-0.7066933534 
-0.7069562173 
-0.7072189475 
-0.7074815439 
-0.7074815439 
-0.7077440063 
-0.7080063345 
-0.7082685281 
-0.7085305871 
-0.7087925111 
-0.7090543000 
-0.7093159536 
-0.7095774716 
-0.7098388538 
-0.7101001001 
-0.7103612101 
-0.7106221837 
-0.7108830207 
-0.7111437209 
-0.7114042840 
-0.7116647098 
-0.7119249983 
-0.7121851490 
-0.7124451619 
-0.7127050368 
-0.7129647733 
-0.7132243714 
-0.7134838309 
-0.7137431514 
-0.7140023329 
-0.7142613752 
-0.7145202780 
-0.7147790411 
-0.7150376644 
-0.7152961476 
-0.7155544906 
-0.7158126932 
-0.7160707552 
-0.7163286764 
-0.7165864566 
-0.7168440956 
-0.7171015933 
-0.7173589494 
-0.7176161638 
-0.7178732363 
-0.7181301666 
-0.7183869548 
-0.7186436004 
-0.7189001034 
-0.7191564636 
-0.7194126809 
-0.7196687549 
-0.7199246856 
-0.7201804728 
-0.7204361164 
-0.7206916160 
-0.7209469717 
-0.7212021831 
-0.7214572502 
-0.7217121727 
-0.7219669505 
-0.7222215835 
-0.7224760714 
-0.7227304141 
-0.7229846115 
-0.7232386633 
-0.7234925695 
-0.7237463298 
-0.7239999441 
-0.7242534123 
-0.7245067341 
-0.7247599095 
-0.7250129382 
-0.7252658201 
-0.7255185551 
-0.7257711430 
-0.7260235837 
-0.7262758769 
-0.7265280227 
-0.7267800207 
-0.7270318709 
-0.7272835731 
-0.7275351272 
-0.7277865330 
-0.7280377903 
-0.7282888992 
-0.7285398593 
-0.7287906705 
-0.7290413328 
-0.7292918460 
-0.7295422098 
-0.7297924243 
-0.7300424893 
-0.7302924045 
-0.7305421700 
-0.7307917855 
-0.7310412510 
-0.7312905662 
-0.7315397312 
-0.7317887456 
-0.7320376095 
-0.7322863226 
-0.7325348849 
-0.7327832962 
-0.7330315564 
-0.7332796654 
-0.7335276231 
-0.7337754293 
-0.7340230839 
-0.7342705867 
-0.7345179378 
-0.7347651369 
-0.7350121840 
-0.7352590788 
-0.7355058214 
-0.7357524115 
-0.7359988492 
-0.7362451341 
-0.7364912664 
-0.7367372458 
-0.7369830722 
-0.7372287455 
-0.7374742656 
-0.7377196324 
-0.7379648459 
-0.7382099058 
-0.7384548121 
-0.7386995647 
-0.7389441634 
-0.7391886083 
-0.7394328991 
-0.7396770358 
-0.7399210182 
-0.7401648464 
-0.7404085201 
-0.7406520393 
-0.7408954039 
-0.7411386138 
-0.7413816688 
-0.7416245690 
-0.7418673142 
-0.7421099043 
-0.7423523393 
-0.7425946190 
-0.7428367433 
-0.7430787122 
-0.7433205256 
-0.7435621834 
-0.7438036854 
-0.7440450317 
-0.7442862222 
-0.7445272567 
-0.7447681351 
-0.7450088575 
-0.7452494237 
-0.7454898336 
-0.7457300871 
-0.7459701843 
-0.7462101249 
-0.7464499090 
-0.7466895364 
-0.7469290071 
-0.7471683210 
-0.7474074780 
-0.7476464781 
-0.7478853212 
-0.7481240072 
-0.7483625360 
-0.7486009076 
-0.7488391220 
-0.7490771790 
-0.7493150785 
-0.7495528206 
-0.7497904052 
-0.7500278321 
-0.7502651014 
-0.7505022129 
-0.7507391666 
-0.7509759625 
-0.7512126005 
-0.7514490805 
-0.7516854025 
-0.7519215664 
-0.7521575721 
-0.7523934197 
-0.7526291090 
-0.7528646400 
-0.7531000127 
-0.7533352269 
-0.7535702827 
-0.7538051800 
-0.7540399188 
-0.7542744989 
-0.7545089204 
-0.7547431832 
-0.7549772872 
-0.7552112325 
-0.7554450189 
-0.7556786465 
-0.7559121151 
-0.7561454248 
-0.7563785755 
-0.7566115671 
-0.7568443996 
-0.7568443996 
-0.7570770731 
-0.7573095873 
-0.7575419424 
-0.7577741383 
-0.7580061748 
-0.7582380521 
-0.7584697701 
-0.7587013286 
-0.7589327278 
-0.7591639675 
-0.7593950478 
-0.7596259686 
-0.7598567298 
-0.7600873315 
-0.7603177737 
-0.7605480562 
-0.7607781791 
-0.7610081423 
-0.7612379458 
-0.7614675896 
-0.7616970737 
-0.7619263981 
-0.7621555626 
-0.7623845674 
-0.7626134124 
-0.7628420975 
-0.7630706227 
-0.7632989881 
-0.7635271936 
-0.7637552392 
-0.7639831248 
-0.7642108506 
-0.7644384163 
-0.7646658221 
-0.7648930679 
-0.7651201538 
-0.7653470796 
-0.7655738454 
-0.7658004512 
-0.7660268969 
-0.7662531826 
-0.7664793083 
-0.7667052739 
-0.7669310794 
-0.7671567249 
-0.7673822103 
-0.7676075356 
-0.7678327008 
-0.7680577059 
-0.7682825510 
-0.7685072359 
-0.7687317608 
-0.7689561256 
-0.7691803303 
-0.7694043749 
-0.7696282594 
-0.7698519838 
-0.7700755482 
-0.7702989524 
-0.7705221966 
-0.7707452808 
-0.7709682048 
-0.7711909688 
-0.7714135728 
-0.7716360167 
-0.7718583006 
-0.7720804245 
-0.7723023884 
-0.7725241923 
-0.7727458361 
-0.7729673200 
-0.7731886440 
-0.7734098080 
-0.7736308120 
-0.7738516562 
-0.7740723404 
-0.7742928648 
-0.7745132292 
-0.7747334339 
-0.7749534786 
-0.7751733636 
-0.7753930888 
-0.7756126542 
-0.7758320598 
-0.7760513057 
-0.7762703919 
-0.7764893183 
-0.7767080852 
-0.7769266923 
-0.7771451399 
-0.7773634278 
-0.7775815562 
-0.7777995251 
-0.7780173344 
-0.7782349842 
-0.7784524746 
-0.7786698055 
-0.7788869771 
-0.7791039893 
-0.7793208421 
-0.7795375356 
-0.7797540698 
-0.7799704448 
-0.7801866606 
-0.7804027172 
-0.7806186147 
-0.7808343530 
-0.7810499323 
-0.7812653525 
-0.7814806137 
-0.7816957160 
-0.7819106593 
-0.7821254438 
-0.7823400694 
-0.7825545362 
-0.7827688442 
-0.7829829935 
-0.7831969841 
-0.7834108161 
-0.7836244895 
-0.7838380043 
-0.7840513606 
-0.7842645584 
-0.7844775978 
-0.7846904788 
-0.7849032015 
-0.7851157659 
-0.7853281720 
-0.7855404200 
-0.7857525098 
-0.7859644415 
-0.7861762152 
-0.7863878308 
-0.7865992886 
-0.7868105884 
-0.7870217304 
-0.7872327146 
-0.7874435410 
-0.7876542098 
-0.7878647209 
-0.7880750745 
-0.7882852705 
-0.7884953091 
-0.7887051903 
-0.7889149141 
-0.7891244806 
-0.7893338898 
-0.7895431419 
-0.7897522369 
-0.7899611747 
-0.7901699556 
-0.7903785796 
-0.7905870466 
-0.7907953568 
-0.7910035103 
-0.7912115071 
-0.7914193472 
-0.7916270307 
-0.7918345578 
-0.7920419284 
-0.7922491426 
-0.7924562005 
-0.7926631021 
-0.7928698476 
-0.7930764369 
-0.7932828702 
-0.7934891475 
-0.7936952689 
-0.7939012344 
-0.7941070442 
-0.7943126982 
-0.7945181966 
-0.7947235395 
-0.7949287268 
-0.7951337587 
-0.7953386353 
-0.7955433566 
-0.7957479227 
-0.7959523336 
-0.7961565895 
-0.7963606904 
-0.7965646364 
-0.7967684275 
-0.7969720639 
-0.7971755456 
-0.7973788727 
-0.7975820452 
-0.7977850633 
-0.7979879271 
-0.7981906365 
-0.7983931917 
-0.7985955928 
-0.7987978398 
-0.7989999328 
-0.7992018720 
-0.7994036573 
-0.7996052889 
-0.7998067668 
-0.8000080912 
-0.8000080912 
-0.8002092620 
-0.8004102795 
-0.8006111436 
-0.8008118545 
-0.8010124123 
-0.8012128169 
-0.8014130686 
-0.8016131674 
-0.8018131134 
-0.8020129067 
-0.8022125473 
-0.8024120353 
-0.8026113709 
-0.8028105542 
-0.8030095851 
-0.8032084639 
-0.8034071905 
-0.8036057651 
-0.8038041878 
-0.8040024587 
-0.8042005778 
-0.8043985453 
-0.8045963612 
-0.8047940256 
-0.8049915386 
-0.8051889004 
-0.8053861110 
-0.8055831704 
-0.8057800789 
-0.8059768365 
-0.8061734432 
-0.8063698993 
-0.8065662047 
-0.8067623596 
-0.8069583640 
-0.8071542181 
-0.8073499220 
-0.8075454757 
-0.8077408794 
-0.8079361332 
-0.8081312371 
-0.8083261913 
-0.8085209958 
-0.8087156507 
-0.8089101563 
-0.8091045124 
-0.8092987194 
-0.8094927772 
-0.8096866859 
-0.8098804457 
-0.8100740567 
-0.8102675189 
-0.8104608325 
-0.8106539975 
-0.8108470142 
-0.8110398825 
-0.8112326026 
-0.8114251745 
-0.8116175985 
-0.8118098745 
-0.8120020028 
-0.8121939834 
-0.8123858163 
-0.8125775018 
-0.8127690399 
-0.8129604308 
-0.8131516745 
-0.8133427711 
-0.8135337208 
-0.8137245236 
-0.8139151797 
-0.8141056892 
-0.8142960522 
-0.8144862688 
-0.8146763391 
-0.8148662632 
-0.8150560412 
-0.8152456733 
-0.8154351596 
-0.8156245001 
-0.8158136949 
-0.8160027443 
-0.8161916482 
-0.8163804069 
-0.8165690204 
-0.8167574888 
-0.8169458123 
-0.8171339909 
-0.8173220248 
-0.8175099141 
-0.8176976589 
-0.8178852593 
-0.8180727155 
-0.8182600275 
-0.8184471955 
-0.8186342195 
-0.8188210998 
-0.8190078363 
-0.8191944293 
-0.8193808789 
-0.8195671851 
-0.8197533481 
-0.8199393680 
-0.8201252449 
-0.8203109789 
-0.8204965702 
-0.8206820189 
-0.8208673250 
-0.8210524888 
-0.8212375103 
-0.8214223896 
-0.8216071269 
-0.8217917223 
-0.8219761759 
-0.8221604879 
-0.8223446583 
-0.8225286872 
-0.8227125749 
-0.8228963213 
-0.8230799268 
-0.8232633912 
-0.8234467149 
-0.8236298978 
-0.8238129402 
-0.8239958421 
-0.8241786037 
-0.8243612251 
-0.8245437064 
-0.8247260477 
-0.8249082492 
-0.8250903110 
-0.8252722332 
-0.8254540160 
-0.8256356594 
-0.8258171636 
-0.8259985287 
-0.8261797549 
-0.8263608422 
-0.8265417908 
-0.8267226008 
-0.8269032724 
-0.8270838056 
-0.8272642007 
-0.8274444576 
-0.8276245766 
-0.8278045578 
-0.8279844013 
-0.8281641072 
-0.8283436757 
-0.8285231069 
-0.8287024008 
-0.8288815578 
-0.8290605778 
-0.8292394610 
-0.8294182075 
-0.8295968175 
-0.8297752911 
-0.8299536283 
-0.8301318295 
-0.8303098946 
-0.8304878238 
-0.8306656173 
-0.8308432751 
-0.8310207974 
-0.8311981844 
-0.8313754361 
-0.8315525527 
-0.8317295343 
-0.8319063811 
-0.8320830931 
-0.8322596706 
-0.8324361136 
-0.8326124223 
-0.8327885968 
-0.8329646372 
-0.8331405437 
-0.8333163165 
-0.8334919555 
-0.8336674610 
-0.8338428332 
-0.8340180721 
-0.8341931778 
-0.8343681506 
-0.8345429904 
-0.8347176976 
-0.8348922722 
-0.8350667143 
-0.8352410240 
-0.8354152016 
-0.8355892471 
-0.8357631607 
-0.8359369425 
-0.8361105927 
-0.8362841113 
-0.8364574985 
-0.8366307545 
-0.8368038794 
-0.8369768733 
-0.8371497363 
-0.8371497363 
-0.8373224686 
-0.8374950704 
-0.8376675417 
-0.8378398827 
-0.8380120936 
-0.8381841744 
-0.8383561253 
-0.8385279464 
-0.8386996380 
-0.8388712000 
-0.8390426327 
-0.8392139362 
-0.8393851106 
-0.8395561561 
-0.8397270727 
-0.8398978607 
-0.8400685202 
-0.8402390513 
-0.8404094541 
-0.8405797288 
-0.8407498755 
-0.8409198944 
-0.8410897856 
-0.8412595492 
-0.8414291854 
-0.8415986942 
-0.8417680760 
-0.8419373307 
-0.8421064585 
-0.8422754597 
-0.8424443342 
-0.8426130822 
-0.8427817039 
-0.8429501995 
-0.8431185690 
-0.8432868125 
-0.8434549304 
-0.8436229225 
-0.8437907892 
-0.8439585306 
-0.8441261467 
-0.8442936378 
-0.8444610039 
-0.8446282452 
-0.8447953619 
-0.8449623541 
-0.8451292218 
-0.8452959654 
-0.8454625848 
-0.8456290803 
-0.8457954520 
-0.8459617000 
-0.8461278244 
-0.8462938255 
-0.8464597033 
-0.8466254580 
-0.8467910897 
-0.8469565985 
-0.8471219847 
-0.8472872483 
-0.8474523894 
-0.8476174084 
-0.8477823051 
-0.8479470799 
-0.8481117328 
-0.8482762640 
-0.8484406736 
-0.8486049618 
-0.8487691287 
-0.8489331744 
-0.8490970991 
-0.8492609030 
-0.8494245861 
-0.8495881486 
-0.8497515907 
-0.8499149124 
-0.8500781140 
-0.8502411955 
-0.8504041572 
-0.8505669991 
-0.8507297214 
-0.8508923243 
-0.8510548078 
-0.8512171722 
-0.8513794175 
-0.8515415438 
-0.8517035515 
-0.8518654405 
-0.8520272110 
-0.8521888632 
-0.8523503972 
-0.8525118132 
-0.8526731112 
-0.8528342914 
-0.8529953541 
-0.8531562992 
-0.8533171270 
-0.8534778376 
-0.8536384311 
-0.8537989076 
-0.8539592674 
-0.8541195106 
-0.8542796372 
-0.8544396475 
-0.8545995416 
-0.8547593196 
-0.8549189816 
-0.8550785278 
-0.8552379584 
-0.8553972735 
-0.8555564732 
-0.8557155577 
-0.8558745271 
-0.8560333815 
-0.8561921211 
-0.8563507461 
-0.8565092565 
-0.8566676525 
-0.8568259343 
-0.8569841020 
-0.8571421557 
-0.8573000956 
-0.8574579219 
-0.8576156345 
-0.8577732338 
-0.8579307199 
-0.8580880928 
-0.8582453527 
-0.8584024998 
-0.8585595342 
-0.8587164561 
-0.8588732655 
-0.8590299627 
-0.8591865477 
-0.8593430208 
-0.8594993820 
-0.8596556315 
-0.8598117694 
-0.8599677959 
-0.8601237111 
-0.8602795152 
-0.8604352082 
-0.8605907904 
-0.8607462619 
-0.8609016228 
-0.8610568733 
-0.8612120134 
-0.8613670434 
-0.8615219634 
-0.8616767734 
-0.8618314738 
-0.8619860645 
-0.8621405458 
-0.8622949178 
-0.8624491805 
-0.8626033343 
-0.8627573791 
-0.8629113152 
-0.8630651426 
-0.8632188616 
-0.8633724722 
-0.8635259747 
-0.8636793690 
-0.8638326555 
-0.8639858342 
-0.8641389052 
-0.8642918687 
-0.8644447249 
-0.8645974738 
-0.8647501157 
-0.8649026506 
-0.8650550787 
-0.8652074001 
-0.8653596150 
-0.8655117235 
-0.8656637258 
-0.8658156219 
-0.8659674121 
-0.8661190965 
-0.8662706751 
-0.8664221482 
-0.8665735159 
-0.8667247783 
-0.8668759356 
-0.8670269879 
-0.8671779353 
-0.8673287780 
-0.8674795161 
-0.8676301497 
-0.8677806791 
-0.8679311043 
-0.8680814254 
-0.8682316426 
-0.8683817561 
-0.8685317660 
-0.8686816724 
-0.8688314754 
-0.8689811753 
-0.8691307721 
-0.8691307721 
-0.8692802659 
-0.8694296570 
-0.8695789453 
-0.8697281312 
-0.8698772147 
-0.8700261960 
-0.8701750751 
-0.8703238523 
-0.8704725276 
-0.8706211012 
-0.8707695733 
-0.8709179440 
-0.8710662134 
-0.8712143816 
-0.8713624488 
-0.8715104151 
-0.8716582807 
-0.8718060457 
-0.8719537102 
-0.8721012744 
-0.8722487384 
-0.8723961023 
-0.8725433663 
-0.8726905305 
-0.8728375950 
-0.8729845601 
-0.8731314257 
-0.8732781921 
-0.8734248594 
-0.8735714277 
-0.8737178972 
-0.8738642679 
-0.8740105401 
-0.8741567138 
-0.8743027893 
-0.8744487666 
-0.8745946458 
-0.8747404271 
-0.8748861107 
-0.8750316966 
-0.8751771851 
-0.8753225762 
-0.8754678700 
-0.8756130668 
-0.8757581665 
-0.8759031695 
-0.8760480758 
-0.8761928855 
-0.8763375987 
-0.8764822157 
-0.8766267365 
-0.8767711613 
-0.8769154902 
-0.8770597233 
-0.8772038608 
-0.8773479028 
-0.8774918495 
-0.8776357009 
-0.8777794571 
-0.8779231185 
-0.8780666850 
-0.8782101567 
-0.8783535340 
-0.8784968167 
-0.8786400052 
-0.8787830995 
-0.8789260997 
-0.8790690060 
-0.8792118186 
-0.8793545374 
-0.8794971628 
-0.8796396948 
-0.8797821335 
-0.8799244790 
-0.8800667316 
-0.8802088913 
-0.8803509583 
-0.8804929327 
-0.8806348145 
-0.8807766041 
-0.8809183014 
-0.8810599066 
-0.8812014199 
-0.8813428413 
-0.8814841711 
-0.8816254092 
-0.8817665560 
-0.8819076114 
-0.8820485756 
-0.8821894488 
-0.8823302310 
-0.8824709225 
-0.8826115233 
-0.8827520335 
-0.8828924533 
-0.8830327829 
-0.8831730223 
-0.8833131716 
-0.8834532311 
-0.8835932008 
-0.8837330808 
-0.8838728713 
-0.8840125725 
-0.8841521843 
-0.8842917071 
-0.8844311408 
-0.8845704856 
-0.8847097417 
-0.8848489092 
-0.8849879881 
-0.8851269787 
-0.8852658810 
-0.8854046952 
-0.8855434214 
-0.8856820597 
-0.8858206103 
-0.8859590732 
-0.8860974487 
-0.8862357368 
-0.8863739376 
-0.8865120513 
-0.8866500780 
-0.8867880179 
-0.8869258710 
-0.8870636374 
-0.8872013174 
-0.8873389110 
-0.8874764184 
-0.8876138396 
-0.8877511748 
-0.8878884241 
-0.8880255877 
-0.8881626657 
-0.8882996581 
-0.8884365652 
-0.8885733870 
-0.8887101237 
-0.8888467753 
-0.8889833421 
-0.8891198240 
-0.8892562214 
-0.8893925342 
-0.8895287626 
-0.8896649067 
-0.8898009666 
-0.8899369426 
-0.8900728346 
-0.8902086428 
-0.8903443673 
-0.8904800083 
-0.8906155658 
-0.8907510400 
-0.8908864311 
-0.8910217390 
-0.8911569640 
-0.8912921062 
-0.8914271657 
-0.8915621426 
-0.8916970370 
-0.8918318491 
-0.8919665789 
-0.8921012267 
-0.8922357924 
-0.8923702763 
-0.8925046784 
-0.8926389989 
-0.8927732378 
-0.8929073954 
-0.8930414717 
-0.8931754668 
-0.8933093809 
-0.8934432141 
-0.8935769664 
-0.8937106381 
-0.8938442292 
-0.8939777398 
-0.8941111702 
-0.8942445203 
-0.8943777903 
-0.8945109803 
-0.8946440904 
-0.8947771208 
-0.8949100716 
-0.8950429428 
-0.8951757347 
-0.8953084472 
-0.8954410806 
-0.8955736350 
-0.8957061104 
-0.8958385069 
-0.8959708248 
-0.8961030641 
-0.8962352249 
-0.8963673074 
-0.8964993116 
-0.8966312376 
-0.8967630857 
-0.8968948558 
-0.8970265482 
-0.8970265482 
-0.8971581629 
-0.8972897000 
-0.8974211597 
-0.8975525420 
-0.8976838471 
-0.8978150752 
-0.8979462262 
-0.8980773003 
-0.8982082977 
-0.8983392184 
-0.8984700626 
-0.8986008304 
-0.8987315218 
-0.8988621370 
-0.8989926762 
-0.8991231393 
-0.8992535266 
-0.8993838382 
-0.8995140740 
-0.8996442344 
-0.8997743193 
-0.8999043289 
-0.9000342633 
-0.9001641227 
-0.9002939070 
-0.9004236165 
-0.9005532512 
-0.9006828112 
-0.9008122968 
-0.9009417078 
-0.9010710446 
-0.9012003072 
-0.9013294956 
-0.9014586101 
-0.9015876507 
-0.9017166175 
-0.9018455106 
-0.9019743302 
-0.9021030763 
-0.9022317491 
-0.9023603487 
-0.9024888751 
-0.9026173285 
-0.9027457090 
-0.9028740167 
-0.9030022517 
-0.9031304141 
-0.9032585041 
-0.9033865217 
-0.9035144670 
-0.9036423401 
-0.9037701412 
-0.9038978703 
-0.9040255276 
-0.9041531132 
-0.9042806272 
-0.9044080696 
-0.9045354406 
-0.9046627403 
-0.9047899687 
-0.9049171261 
-0.9050442125 
-0.9051712280 
-0.9052981727 
-0.9054250467 
-0.9055518502 
-0.9056785831 
-0.9058052457 
-0.9059318381 
-0.9060583602 
-0.9061848124 
-0.9063111945 
-0.9064375068 
-0.9065637494 
-0.9066899223 
-0.9068160256 
-0.9069420596 
-0.9070680242 
-0.9071939195 
-0.9073197457 
-0.9074455029 
-0.9075711912 
-0.9076968106 
-0.9078223613 
-0.9079478434 
-0.9080732569 
-0.9081986021 
-0.9083238789 
-0.9084490875 
-0.9085742279 
-0.9086993004 
-0.9088243049 
-0.9089492416 
-0.9090741106 
-0.9091989120 
-0.9093236459 
-0.9094483123 
-0.9095729114 
-0.9096974433 
-0.9098219081 
-0.9099463059 
-0.9100706367 
-0.9101949007 
-0.9103190980 
-0.9104432287 
-0.9105672928 
-0.9106912905 
-0.9108152218 
-0.9109390870 
-0.9110628859 
-0.9111866189 
-0.9113102859 
-0.9114338871 
-0.9115574225 
-0.9116808922 
-0.9118042964 
-0.9119276352 
-0.9120509086 
-0.9121741167 
-0.9122972596 
-0.9124203375 
-0.9125433504 
-0.9126662984 
-0.9127891816 
-0.9129120002 
-0.9130347541 
-0.9131574435 
-0.9132800686 
-0.9134026293 
-0.9135251258 
-0.9136475581 
-0.9137699265 
-0.9138922309 
-0.9140144715 
-0.9141366483 
-0.9142587615 
-0.9143808111 
-0.9145027972 
-0.9146247200 
-0.9147465795 
-0.9148683758 
-0.9149901090 
-0.9151117792 
-0.9152333866 
-0.9153549310 
-0.9154764128 
-0.9155978319 
-0.9157191885 
-0.9158404827 
-0.9159617144 
-0.9160828840 
-0.9162039913 
-0.9163250366 
-0.9164460198 
-0.9165669412 
-0.9166878008 
-0.9168085986 
-0.9169293348 
-0.9170500095 
-0.9171706227 
-0.9172911745 
-0.9174116651 
-0.9175320945 
-0.9176524628 
-0.9177727701 
-0.9178930165 
-0.9180132021 
-0.9181333269 
-0.9182533911 
-0.9183733947 
-0.9184933379 
-0.9186132207 
-0.9187330432 
-0.9188528054 
-0.9189725076 
-0.9190921497 
-0.9192117319 
-0.9193312543 
-0.9194507168 
-0.9195701197 
-0.9196894630 
-0.9198087468 
-0.9199279711 
-0.9200471362 
-0.9201662420 
-0.9202852886 
-0.9204042761 
-0.9205232047 
-0.9206420743 
-0.9207608851 
-0.9208796372 
-0.9209983307 
-0.9211169656 
-0.9212355420 
-0.9213540600 
-0.9214725197 
-0.9215909212 
-0.9217092645 
-0.9218275498 
-0.9218275498 
-0.9219457771 
-0.9220639466 
-0.9221820582 
-0.9223001121 
-0.9224181084 
-0.9225360471 
-0.9226539283 
-0.9227717522 
-0.9228895187 
-0.9230072281 
-0.9231248803 
-0.9232424754 
-0.9233600136 
-0.9234774948 
-0.9235949193 
-0.9237122870 
-0.9238295981 
-0.9239468526 
-0.9240640507 
-0.9241811923 
-0.9242982776 
-0.9244153067 
-0.9245322796 
-0.9246491965 
-0.9247660573 
-0.9248828622 
-0.9249996113 
-0.9251163046 
-0.9252329423 
-0.9253495243 
-0.9254660509 
-0.9255825220 
-0.9256989377 
-0.9258152982 
-0.9259316035 
-0.9260478536 
-0.9261640487 
-0.9262801888 
-0.9263962741 
-0.9265123045 
-0.9266282802 
-0.9267442013 
-0.9268600678 
-0.9269758798 
-0.9270916374 
-0.9272073406 
-0.9273229896 
-0.9274385844 
-0.9275541251 
-0.9276696117 
-0.9277850444 
-0.9279004233 
-0.9280157483 
-0.9281310196 
-0.9282462372 
-0.9283614013 
-0.9284765119 
-0.9285915691 
-0.9287065729 
-0.9288215234 
-0.9289364208 
-0.9290512650 
-0.9291660562 
-0.9292807945 
-0.9293954798 
-0.9295101123 
-0.9296246921 
-0.9297392192 
-0.9298536937 
-0.9299681157 
-0.9300824853 
-0.9301968024 
-0.9303110673 
-0.9304252799 
-0.9305394404 
-0.9306535488 
-0.9307676053 
-0.9308816097 
-0.9309955623 
-0.9311094632 
-0.9312233123 
-0.9313371098 
-0.9314508557 
-0.9315645501 
-0.9316781930 
-0.9317917847 
-0.9319053250 
-0.9320188141 
-0.9321322521 
-0.9322456391 
-0.9323589750 
-0.9324722600 
-0.9325854942 
-0.9326986775 
-0.9328118102 
-0.9329248922 
-0.9330379237 
-0.9331509046 
-0.9332638351 
-0.9333767153 
-0.9334895451 
-0.9336023248 
-0.9337150543 
-0.9338277337 
-0.9339403631 
-0.9340529425 
-0.9341654721 
-0.9342779519 
-0.9343903819 
-0.9345027623 
-0.9346150931 
-0.9347273743 
-0.9348396061 
-0.9349517885 
-0.9350639215 
-0.9351760053 
-0.9352880400 
-0.9354000254 
-0.9355119619 
-0.9356238493 
-0.9357356878 
-0.9358474775 
-0.9359592184 
-0.9360709105 
-0.9361825540 
-0.9362941490 
-0.9364056954 
-0.9365171933 
-0.9366286429 
-0.9367400441 
-0.9368513971 
-0.9369627019 
-0.9370739585 
-0.9371851671 
-0.9372963277 
-0.9374074404 
-0.9375185053 
-0.9376295223 
-0.9377404916 
-0.9378514132 
-0.9379622872 
-0.9380731137 
-0.9381838927 
-0.9382946243 
-0.9384053085 
-0.9385159455 
-0.9386265352 
-0.9387370778 
-0.9388475733 
-0.9389580217 
-0.9390684232 
-0.9391787778 
-0.9392890856 
-0.9393993466 
-0.9395095609 
-0.9396197285 
-0.9397298495 
-0.9398399240 
-0.9399499521 
-0.9400599337 
-0.9401698690 
-0.9402797580 
-0.9403896009 
-0.9404993975 
-0.9406091481 
-0.9407188526 
-0.9408285112 
-0.9409381239 
-0.9410476907 
-0.9411572117 
-0.9412666870 
-0.9413761167 
-0.9414855007 
-0.9415948392 
-0.9417041322 
-0.9418133798 
-0.9419225820 
-0.9420317389 
-0.9421408506 
-0.9422499171 
-0.9423589385 
-0.9424679148 
-0.9425768461 
-0.9426857325 
-0.9427945739 
-0.9429033706 
-0.9430121225 
-0.9431208296 
-0.9432294921 
-0.9433381101 
-0.9434466835 
-0.9435552124 
-0.9436636969 
-0.9437721370 
-0.9438805328 
-0.9439888844 
-0.9440971918 
-0.9442054551 
-0.9443136743 
-0.9443136743 
-0.9444218495 
-0.9445299807 
-0.9446380680 
-0.9447461115 
-0.9448541112 
-0.9449620672 
-0.9450699795 
-0.9451778482 
-0.9452856733 
-0.9453934549 
-0.9455011931 
-0.9456088879 
-0.9457165393 
-0.9458241475 
-0.9459317124 
-0.9460392342 
-0.9461467128 
-0.9462541484 
-0.9463615410 
-0.9464688906 
-0.9465761974 
-0.9466834613 
-0.9467906824 
-0.9468978608 
-0.9470049965 
-0.9471120896 
-0.9472191402 
-0.9473261482 
-0.9474331137 
-0.9475400369 
-0.9476469177 
-0.9477537562 
-0.9478605525 
-0.9479673066 
-0.9480740185 
-0.9481806884 
-0.9482873162 
-0.9483939021 
-0.9485004460 
-0.9486069481 
-0.9487134083 
-0.9488198268 
-0.9489262035 
-0.9490325386 
-0.9491388321 
-0.9492450841 
-0.9493512945 
-0.9494574635 
-0.9495635910 
-0.9496696773 
-0.9497757222 
-0.9498817259 
-0.9499876884 
-0.9500936097 
-0.9501994900 
-0.9503053292 
-0.9504111274 
-0.9505168846 
-0.9506226010 
-0.9507282766 
-0.9508339113 
-0.9509395053 
-0.9510450587 
-0.9511505714 
-0.9512560435 
-0.9513614750 
-0.9514668661 
-0.9515722168 
-0.9516775270 
-0.9517827969 
-0.9518880265 
-0.9519932159 
-0.9520983651 
-0.9522034742 
-0.9523085431 
-0.9524135720 
-0.9525185609 
-0.9526235099 
-0.9527284189 
-0.9528332882 
-0.9529381176 
-0.9530429072 
-0.9531476572 
-0.9532523675 
-0.9533570382 
-0.9534616693 
-0.9535662609 
-0.9536708130 
-0.9537753257 
-0.9538797991 
-0.9539842331 
-0.9540886279 
-0.9541929834 
-0.9542972997 
-0.9544015769 
-0.9545058150 
-0.9546100141 
-0.9547141741 
-0.9548182952 
-0.9549223774 
-0.9550264208 
-0.9551304253 
-0.9552343911 
-0.9553383181 
-0.9554422065 
-0.9555460563 
-0.9556498674 
-0.9557536401 
-0.9558573742 
-0.9559610699 
-0.9560647272 
-0.9561683461 
-0.9562719267 
-0.9563754691 
-0.9564789732 
-0.9565824392 
-0.9566858670 
-0.9567892568 
-0.9568926085 
-0.9569959222 
-0.9570991979 
-0.9572024357 
-0.9573056357 
-0.9574087978 
-0.9575119222 
-0.9576150088 
-0.9577180578 
-0.9578210691 
-0.9579240428 
-0.9580269789 
-0.9581298775 
-0.9582327386 
-0.9583355623 
-0.9584383487 
-0.9585410976 
-0.9586438093 
-0.9587464837 
-0.9588491209 
-0.9589517209 
-0.9590542838 
-0.9591568096 
-0.9592592983 
-0.9593617501 
-0.9594641648 
-0.9595665427 
-0.9596688837 
-0.9597711878 
-0.9598734551 
-0.9599756857 
-0.9600778796 
-0.9601800368 
-0.9602821574 
-0.9603842413 
-0.9604862888 
-0.9605882997 
-0.9606902741 
-0.9607922122 
-0.9608941138 
-0.9609959791 
-0.9610978081 
-0.9611996008 
-0.9613013573 
-0.9614030776 
-0.9615047618 
-0.9616064099 
-0.9617080219 
-0.9618095979 
-0.9619111379 
-0.9620126419 
-0.9621141101 
-0.9622155424 
-0.9623169388 
-0.9624182995 
-0.9625196244 
-0.9626209137 
-0.9627221672 
-0.9628233852 
-0.9629245675 
-0.9630257143 
-0.9631268255 
-0.9632279013 
-0.9633289417 
-0.9634299467 
-0.9635309163 
-0.9636318506 
-0.9637327496 
-0.9638336133 
-0.9639344419 
-0.9640352352 
-0.9641359935 
-0.9642367166 
-0.9643374047 
-0.9644380578 
-0.9645386759 
-0.9646392591 
-0.9647398073 
-0.9648403207 
-0.9649407993 
-0.9650412431 
-0.9650412431 
-0.9651416521 
-0.9652420263 
-0.9653423659 
-0.9654426709 
-0.9655429412 
-0.9656431770 
-0.9657433782 
-0.9658435450 
-0.9659436772 
-0.9660437751 
-0.9661438385 
-0.9662438676 
-0.9663438624 
-0.9664438229 
-0.9665437491 
-0.9666436412 
-0.9667434990 
-0.9668433227 
-0.9669431123 
-0.9670428678 
-0.9671425893 
-0.9672422768 
-0.9673419304 
-0.9674415500 
-0.9675411357 
-0.9676406875 
-0.9677402056 
-0.9678396898 
-0.9679391403 
-0.9680385570 
-0.9681379401 
-0.9682372895 
-0.9683366053 
-0.9684358875 
-0.9685351362 
-0.9686343513 
-0.9687335330 
-0.9688326812 
-0.9689317960 
-0.9690308775 
-0.9691299255 
-0.9692289403 
-0.9693279218 
-0.9694268701 
-0.9695257851 
-0.9696246669 
-0.9697235156 
-0.9698223312 
-0.9699211138 
-0.9700198632 
-0.9701185797 
-0.9702172632 
-0.9703159137 
-0.9704145313 
-0.9705131160 
-0.9706116679 
-0.9707101870 
-0.9708086733 
-0.9709071268 
-0.9710055476 
-0.9711039357 
-0.9712022912 
-0.9713006140 
-0.9713989042 
-0.9714971619 
-0.9715953871 
-0.9716935797 
-0.9717917399 
-0.9718898677 
-0.9719879630 
-0.9720860260 
-0.9721840566 
-0.9722820550 
-0.9723800210 
-0.9724779548 
-0.9725758564 
-0.9726737258 
-0.9727715631 
-0.9728693682 
-0.9729671412 
-0.9730648822 
-0.9731625912 
-0.9732602681 
-0.9733579131 
-0.9734555261 
-0.9735531073 
-0.9736506565 
-0.9737481739 
-0.9738456595 
-0.9739431133 
-0.9740405353 
-0.9741379256 
-0.9742352842 
-0.9743326112 
-0.9744299065 
-0.9745271702 
-0.9746244023 
-0.9747216028 
-0.9748187719 
-0.9749159094 
-0.9750130155 
-0.9751100901 
-0.9752071334 
-0.9753041453 
-0.9754011258 
-0.9754980750 
-0.9755949929 
-0.9756918795 
-0.9757887349 
-0.9758855592 
-0.9759823522 
-0.9760791141 
-0.9761758449 
-0.9762725446 
-0.9763692132 
-0.9764658508 
-0.9765624574 
-0.9766590330 
-0.9767555776 
-0.9768520914 
-0.9769485742 
-0.9770450262 
-0.9771414474 
-0.9772378377 
-0.9773341973 
-0.9774305261 
-0.9775268241 
-0.9776230915 
-0.9777193282 
-0.9778155343 
-0.9779117097 
-0.9780078545 
-0.9781039688 
-0.9782000526 
-0.9782961058 
-0.9783921286 
-0.9784881209 
-0.9785840827 
-0.9786800142 
-0.9787759153 
-0.9788717860 
-0.9789676264 
-0.9790634366 
-0.9791592164 
-0.9792549660 
-0.9793506854 
-0.9794463746 
-0.9795420336 
-0.9796376625 
-0.9797332613 
-0.9798288300 
-0.9799243686 
-0.9800198772 
-0.9801153558 
-0.9802108044 
-0.9803062231 
-0.9804016118 
-0.9804969706 
-0.9805922995 
-0.9806875985 
-0.9807828678 
-0.9808781072 
-0.9809733168 
-0.9810684967 
-0.9811636469 
-0.9812587673 
-0.9813538581 
-0.9814489192 
-0.9815439507 
-0.9816389526 
-0.9817339248 
-0.9818288676 
-0.9819237808 
-0.9820186645 
-0.9821135187 
-0.9822083434 
-0.9823031387 
-0.9823979046 
-0.9824926412 
-0.9825873483 
-0.9826820261 
-0.9827766746 
-0.9828712938 
-0.9829658838 
-0.9830604445 
-0.9831549760 
-0.9832494783 
-0.9833439514 
-0.9834383953 
-0.9835328102 
-0.9836271959 
-0.9837215526 
-0.9838158802 
-0.9839101788 
-0.9840044484 
-0.9840986889 
-0.9841929006 
-0.9842870833 
-0.9843812370 
-0.9843812370 
-0.9844753619 
-0.9845694580 
-0.9846635251 
-0.9847575635 
-0.9848515730 
-0.9849455538 
-0.9850395058 
-0.9851334291 
-0.9852273237 
-0.9853211896 
-0.9854150268 
-0.9855088354 
-0.9856026153 
-0.9856963667 
-0.9857900895 
-0.9858837837 
-0.9859774494 
-0.9860710866 
-0.9861646953 
-0.9862582755 
-0.9863518273 
-0.9864453507 
-0.9865388457 
-0.9866323123 
-0.9867257505 
-0.9868191604 
-0.9869125420 
-0.9870058953 
-0.9870992204 
-0.9871925172 
-0.9872857857 
-0.9873790261 
-0.9874722382 
-0.9875654222 
-0.9876585781 
-0.9877517058 
-0.9878448055 
-0.9879378770 
-0.9880309205 
-0.9881239360 
-0.9882169235 
-0.9883098829 
-0.9884028144 
-0.9884957179 
-0.9885885935 
-0.9886814412 
-0.9887742610 
-0.9888670529 
-0.9889598169 
-0.9890525532 
-0.9891452616 
-0.9892379422 
-0.9893305951 
-0.9894232202 
-0.9895158176 
-0.9896083872 
-0.9897009292 
-0.9897934435 
-0.9898859302 
-0.9899783892 
-0.9900708206 
-0.9901632245 
-0.9902556007 
-0.9903479494 
-0.9904402706 
-0.9905325643 
-0.9906248304 
-0.9907170691 
-0.9908092804 
-0.9909014642 
-0.9909936206 
-0.9910857496 
-0.9911778512 
-0.9912699255 
-0.9913619724 
-0.9914539920 
-0.9915459843 
-0.9916379494 
-0.9917298871 
-0.9918217977 
-0.9919136810 
-0.9920055371 
-0.9920973660 
-0.9921891677 
-0.9922809423 
-0.9923726898 
-0.9924644101 
-0.9925561034 
-0.9926477696 
-0.9927394087 
-0.9928310208 
-0.9929226059 
-0.9930141640 
-0.9931056951 
-0.9931971992 
-0.9932886764 
-0.9933801266 
-0.9934715500 
-0.9935629464 
-0.9936543160 
-0.9937456587 
-0.9938369746 
-0.9939282637 
-0.9940195259 
-0.9941107614 
-0.9942019701 
-0.9942931521 
-0.9943843073 
-0.9944754359 
-0.9945665377 
-0.9946576128 
-0.9947486613 
-0.9948396831 
-0.9949306784 
-0.9950216470 
-0.9951125890 
-0.9952035044 
-0.9952943933 
-0.9953852556 
-0.9954760914 
-0.9955669007 
-0.9956576836 
-0.9957484399 
-0.9958391698 
-0.9959298733 
-0.9960205503 
-0.9961112009 
-0.9962018252 
-0.9962924230 
-0.9963829946 
-0.9964735397 
-0.9965640586 
-0.9966545512 
-0.9967450174 
-0.9968354574 
-0.9969258712 
-0.9970162587 
-0.9971066200 
-0.9971969550 
-0.9972872639 
-0.9973775466 
-0.9974678032 
-0.9975580336 
-0.9976482379 
-0.9977384161 
-0.9978285682 
-0.9979186942 
-0.9980087941 
-0.9980988681 
-0.9981889159 
-0.9982789378 
-0.9983689337 
-0.9984589036 
-0.9985488475 
-0.9986387655 
-0.9987286575 
-0.9988185236 
-0.9989083639 
-0.9989981782 
-0.9990879666 
-0.9991777292 
-0.9992674660 
-0.9993571770 
-0.9994468621 
-0.9995365214 
-0.9996261550 
-0.9997157628 
-0.9998053448 
-0.9998949011 
-0.9999844317 
-1.0000739366 
-1.0001634158 
-1.0002528693 
-1.0003422971 
-1.0004316993 
-1.0005210759 
-1.0006104269 
-1.0006997523 
-1.0007890521 
-1.0008783263 
-1.0009675750 
-1.0010567981 
-1.0011459957 
-1.0012351678 
-1.0013243143 
-1.0014134355 
-1.0015025311 
-1.0015916013 
-1.0016806460 
-1.0017696653 
-1.0018586593 
-1.0019476278 
-1.0020365709 
-1.0021254887 
-1.0022143811 
-1.0023032482 
-1.0023920899 
-1.0024809063 
-1.0025696975 
-1.0025696975 
-1.0026584633 
-1.0027472039 
-1.0028359193 
-1.0029246094 
-1.0030132742 
-1.0031019139 
-1.0031905283 
-1.0032791176 
-1.0033676817 
-1.0034562206 
-1.0035447344 
-1.0036332231 
-1.0037216866 
-1.0038101251 
-1.0038985384 
-1.0039869267 
-1.0040752899 
-1.0041636281 
-1.0042519412 
-1.0043402293 
-1.0044284924 
-1.0045167305 
-1.0046049436 
-1.0046931317 
-1.0047812949 
-1.0048694332 
-1.0049575465 
-1.0050456349 
-1.0051336984 
-1.0052217370 
-1.0053097507 
-1.0053977395 
-1.0054857035 
-1.0055736427 
-1.0056615570 
-1.0057494466 
-1.0058373113 
-1.0059251512 
-1.0060129664 
-1.0061007568 
-1.0061885224 
-1.0062762633 
-1.0063639795 
-1.0064516710 
-1.0065393378 
-1.0066269799 
-1.0067145973 
-1.0068021900 
-1.0068897581 
-1.0069773016 
-1.0070648204 
-1.0071523146 
-1.0072397843 
-1.0073272293 
-1.0074146498 
-1.0075020457 
-1.0075894170 
-1.0076767638 
-1.0077640861 
-1.0078513839 
-1.0079386571 
-1.0080259059 
-1.0081131302 
-1.0082003300 
-1.0082875054 
-1.0083746563 
-1.0084617828 
-1.0085488849 
-1.0086359626 
-1.0087230158 
-1.0088100447 
-1.0088970493 
-1.0089840294 
-1.0090709852 
-1.0091579167 
-1.0092448238 
-1.0093317067 
-1.0094185652 
-1.0095053995 
-1.0095922094 
-1.0096789951 
-1.0097657565 
-1.0098524937 
-1.0099392067 
-1.0100258954 
-1.0101125599 
-1.0101992003 
-1.0102858164 
-1.0103724084 
-1.0104589762 
-1.0105455198 
-1.0106320393 
-1.0107185347 
-1.0108050059 
-1.0108914530 
-1.0109778761 
-1.0110642750 
-1.0111506499 
-1.0112370007 
-1.0113233274 
-1.0114096301 
-1.0114959088 
-1.0115821634 
-1.0116683941 
-1.0117546007 
-1.0118407833 
-1.0119269420 
-1.0120130767 
-1.0120991874 
-1.0121852742 
-1.0122713371 
-1.0123573760 
-1.0124433910 
-1.0125293821 
-1.0126153493 
-1.0127012927 
-1.0127872121 
-1.0128731077 
-1.0129589795 
-1.0130448274 
-1.0131306514 
-1.0132164517 
-1.0133022281 
-1.0133879807 
-1.0134737096 
-1.0135594146 
-1.0136450959 
-1.0137307535 
-1.0138163873 
-1.0139019973 
-1.0139875836 
-1.0140731462 
-1.0141586851 
-1.0142442003 
-1.0143296918 
-1.0144151596 
-1.0145006038 
-1.0145860243 
-1.0146714211 
-1.0147567943 
-1.0148421439 
-1.0149274699 
-1.0150127722 
-1.0150980510 
-1.0151833061 
-1.0152685377 
-1.0153537457 
-1.0154389302 
-1.0155240911 
-1.0156092284 
-1.0156943422 
-1.0157794325 
-1.0158644993 
-1.0159495426 
-1.0160345624 
-1.0161195587 
-1.0162045316 
-1.0162894809 
-1.0163744068 
-1.0164593093 
-1.0165441883 
-1.0166290439 
-1.0167138761 
-1.0167986849 
-1.0168834703 
-1.0169682323 
-1.0170529709 
-1.0171376861 
-1.0172223780 
-1.0173070465 
-1.0173916917 
-1.0174763136 
-1.0175609121 
-1.0176454873 
-1.0177300392 
-1.0178145678 
-1.0178990731 
-1.0179835551 
-1.0180680139 
-1.0181524494 
-1.0182368616 
-1.0183212506 
-1.0184056164 
-1.0184899589 
-1.0185742783 
-1.0186585744 
-1.0187428473 
-1.0188270970 
-1.0189113235 
-1.0189955269 
-1.0190797071 
-1.0191638642 
-1.0192479981 
-1.0193321088 
-1.0194161964 
-1.0195002610 
-1.0195843023 
-1.0196683206 
-1.0197523158 
-1.0197523158 
-1.0198362879 
-1.0199202370 
-1.0200041629 
-1.0200880658 
-1.0201719457 
-1.0202558025 
-1.0203396363 
-1.0204234470 
-1.0205072347 
-1.0205909994 
-1.0206747411 
-1.0207584598 
-1.0208421556 
-1.0209258283 
-1.0210094781 
-1.0210931049 
-1.0211767088 
-1.0212602897 
-1.0213438477 
-1.0214273827 
-1.0215108949 
-1.0215943841 
-1.0216778504 
-1.0217612938 
-1.0218447144 
-1.0219281120 
-1.0220114868 
-1.0220948387 
-1.0221781678 
-1.0222614740 
-1.0223447574 
-1.0224280179 
-1.0225112556 
-1.0225944705 
-1.0226776626 
-1.0227608319 
-1.0228439784 
-1.0229271021 
-1.0230102031 
-1.0230932813 
-1.0231763367 
-1.0232593693 
-1.0233423792 
-1.0234253664 
-1.0235083309 
-1.0235912726 
-1.0236741916 
-1.0237570879 
-1.0238399615 
-1.0239228124 
-1.0240056406 
-1.0240884462 
-1.0241712290 
-1.0242539892 
-1.0243367268 
-1.0244194417 
-1.0245021340 
-1.0245848036 
-1.0246674506 
-1.0247500750 
-1.0248326768 
-1.0249152560 
-1.0249978126 
-1.0250803466 
-1.0251628580 
-1.0252453469 
-1.0253278132 
-1.0254102569 
-1.0254926781 
-1.0255750767 
-1.0256574528 
-1.0257398063 
-1.0258221374 
-1.0259044459 
-1.0259867319 
-1.0260689955 
-1.0261512365 
-1.0262334550 
-1.0263156511 
-1.0263978247 
-1.0264799758 
-1.0265621044 
-1.0266442106 
-1.0267262944 
-1.0268083557 
-1.0268903946 
-1.0269724111 
-1.0270544052 
-1.0271363768 
-1.0272183261 
-1.0273002529 
-1.0273821574 
-1.0274640394 
-1.0275458992 
-1.0276277365 
-1.0277095515 
-1.0277913441 
-1.0278731144 
-1.0279548623 
-1.0280365879 
-1.0281182911 
-1.0281999721 
-1.0282816307 
-1.0283632671 
-1.0284448811 
-1.0285264728 
-1.0286080423 
-1.0286895894 
-1.0287711143 
-1.0288526169 
-1.0289340973 
-1.0290155554 
-1.0290969912 
-1.0291784049 
-1.0292597962 
-1.0293411654 
-1.0294225123 
-1.0295038370 
-1.0295851395 
-1.0296664199 
-1.0297476780 
-1.0298289139 
-1.0299101276 
-1.0299913192 
-1.0300724886 
-1.0301536358 
-1.0302347608 
-1.0303158638 
-1.0303969445 
-1.0304780032 
-1.0305590397 
-1.0306400540 
-1.0307210463 
-1.0308020164 
-1.0308829644 
-1.0309638904 
-1.0310447942 
-1.0311256759 
-1.0312065356 
-1.0312873732 
-1.0313681887 
-1.0314489822 
-1.0315297535 
-1.0316105029 
-1.0316912302 
-1.0317719354 
-1.0318526186 
-1.0319332798 
-1.0320139190 
-1.0320945362 
-1.0321751313 
-1.0322557044 
-1.0323362556 
-1.0324167847 
-1.0324972919 
-1.0325777771 
-1.0326582403 
-1.0327386815 
-1.0328191008 
-1.0328994981 
-1.0329798735 
-1.0330602269 
-1.0331405584 
-1.0332208680 
-1.0333011556 
-1.0333814213 
-1.0334616651 
-1.0335418870 
-1.0336220870 
-1.0337022651 
-1.0337824213 
-1.0338625556 
-1.0339426680 
-1.0340227585 
-1.0341028272 
-1.0341828740 
-1.0342628990 
-1.0343429021 
-1.0344228833 
-1.0345028427 
-1.0345827803 
-1.0346626961 
-1.0347425900 
-1.0348224621 
-1.0349023124 
-1.0349821409 
-1.0350619476 
-1.0351417324 
-1.0352214955 
-1.0353012368 
-1.0353809564 
-1.0354606541 
-1.0355403301 
-1.0356199843 
-1.0356996168 
-1.0357792275 
-1.0358588164 
-1.0359383837 
-1.0360179291 
-1.0360179291 
-1.0360974529 
-1.0361769549 
-1.0362564352 
-1.0363358938 
-1.0364153307 
-1.0364947459 
-1.0365741393 
-1.0366535111 
-1.0367328612 
-1.0368121896 
-1.0368914964 
-1.0369707814 
-1.0370500448 
-1.0371292865 
-1.0372085066 
-1.0372877050 
-1.0373668818 
-1.0374460369 
-1.0375251704 
-1.0376042823 
-1.0376833725 
-1.0377624412 
-1.0378414882 
-1.0379205136 
-1.0379995173 
-1.0380784995 
-1.0381574601 
-1.0382363991 
-1.0383153165 
-1.0383942124 
-1.0384730866 
-1.0385519393 
-1.0386307705 
-1.0387095800 
-1.0387883680 
-1.0388671345 
-1.0389458794 
-1.0390246028 
-1.0391033046 
-1.0391819850 
-1.0392606437 
-1.0393392810 
-1.0394178968 
-1.0394964910 
-1.0395750638 
-1.0396536150 
-1.0397321447 
-1.0398106530 
-1.0398891397 
-1.0399676050 
-1.0400460488 
-1.0401244712 
-1.0402028721 
-1.0402812515 
-1.0403596094 
-1.0404379459 
-1.0405162610 
-1.0405945546 
-1.0406728268 
-1.0407510775 
-1.0408293068 
-1.0409075147 
-1.0409857012 
-1.0410638662 
-1.0411420099 
-1.0412201321 
-1.0412982330 
-1.0413763124 
-1.0414543705 
-1.0415324071 
-1.0416104224 
-1.0416884164 
-1.0417663889 
-1.0418443401 
-1.0419222699 
-1.0420001783 
-1.0420780654 
-1.0421559312 
-1.0422337756 
-1.0423115987 
-1.0423894004 
-1.0424671808 
-1.0425449399 
-1.0426226776 
-1.0427003941 
-1.0427780892 
-1.0428557630 
-1.0429334155 
-1.0430110467 
-1.0430886567 
-1.0431662453 
-1.0432438126 
-1.0433213587 
-1.0433988835 
-1.0434763870 
-1.0435538693 
-1.0436313302 
-1.0437087700 
-1.0437861884 
-1.0438635857 
-1.0439409616 
-1.0440183164 
-1.0440956498 
-1.0441729621 
-1.0442502531 
-1.0443275230 
-1.0444047715 
-1.0444819989 
-1.0445592051 
-1.0446363900 
-1.0447135538 
-1.0447906963 
-1.0448678177 
-1.0449449179 
-1.0450219969 
-1.0450990547 
-1.0451760913 
-1.0452531067 
-1.0453301010 
-1.0454070742 
-1.0454840261 
-1.0455609569 
-1.0456378666 
-1.0457147551 
-1.0457916224 
-1.0458684687 
-1.0459452938 
-1.0460220977 
-1.0460988805 
-1.0461756423 
-1.0462523829 
-1.0463291023 
-1.0464058007 
-1.0464824780 
-1.0465591341 
-1.0466357692 
-1.0467123831 
-1.0467889760 
-1.0468655478 
-1.0469420985 
-1.0470186282 
-1.0470951367 
-1.0471716242 
-1.0472480906 
-1.0473245360 
-1.0474009603 
-1.0474773636 
-1.0475537458 
-1.0476301069 
-1.0477064470 
-1.0477827661 
-1.0478590642 
-1.0479353412 
-1.0480115972 
-1.0480878321 
-1.0481640461 
-1.0482402390 
-1.0483164110 
-1.0483925619 
-1.0484686918 
-1.0485448007 
-1.0486208887 
-1.0486969556 
-1.0487730016 
-1.0488490265 
-1.0489250305 
-1.0490010135 
-1.0490769756 
-1.0491529167 
-1.0492288368 
-1.0493047360 
-1.0493806142 
-1.0494564714 
-1.0495323077 
-1.0496081231 
-1.0496839175 
-1.0497596910 
-1.0498354435 
-1.0499111752 
-1.0499868859 
-1.0500625756 
-1.0501382445 
-1.0502138924 
-1.0502895195 
-1.0503651256 
-1.0504407108 
-1.0505162752 
-1.0505918186 
-1.0506673412 
-1.0507428428 
-1.0508183236 
-1.0508937835 
-1.0509692225 
-1.0510446406 
-1.0511200379 
-1.0511954143 
-1.0512707699 
-1.0513461046 
-1.0514214184 
-1.0514214184 
-1.0514967114 
-1.0515719835 
-1.0516472348 
-1.0517224653 
-1.0517976749 
-1.0518728637 
-1.0519480316 
-1.0520231788 
-1.0520983051 
-1.0521734106 
-1.0522484953 
-1.0523235591 
-1.0523986022 
-1.0524736244 
-1.0525486259 
-1.0526236066 
-1.0526985664 
-1.0527735055 
-1.0528484238 
-1.0529233213 
-1.0529981980 
-1.0530730540 
-1.0531478892 
-1.0532227036 
-1.0532974972 
-1.0533722701 
-1.0534470223 
-1.0535217536 
-1.0535964643 
-1.0536711542 
-1.0537458233 
-1.0538204717 
-1.0538950993 
-1.0539697063 
-1.0540442925 
-1.0541188579 
-1.0541934027 
-1.0542679267 
-1.0543424300 
-1.0544169126 
-1.0544913745 
-1.0545658157 
-1.0546402361 
-1.0547146359 
-1.0547890150 
-1.0548633734 
-1.0549377111 
-1.0550120281 
-1.0550863245 
-1.0551606001 
-1.0552348551 
-1.0553090894 
-1.0553833030 
-1.0554574960 
-1.0555316683 
-1.0556058200 
-1.0556799510 
-1.0557540613 
-1.0558281510 
-1.0559022201 
-1.0559762685 
-1.0560502962 
-1.0561243034 
-1.0561982899 
-1.0562722557 
-1.0563462010 
-1.0564201256 
-1.0564940296 
-1.0565679130 
-1.0566417758 
-1.0567156179 
-1.0567894395 
-1.0568632405 
-1.0569370208 
-1.0570107806 
-1.0570845198 
-1.0571582383 
-1.0572319363 
-1.0573056137 
-1.0573792706 
-1.0574529068 
-1.0575265225 
-1.0576001176 
-1.0576736921 
-1.0577472461 
-1.0578207795 
-1.0578942924 
-1.0579677847 
-1.0580412565 
-1.0581147077 
-1.0581881383 
-1.0582615484 
-1.0583349380 
-1.0584083071 
-1.0584816556 
-1.0585549836 
-1.0586282910 
-1.0587015779 
-1.0587748444 
-1.0588480902 
-1.0589213156 
-1.0589945205 
-1.0590677049 
-1.0591408687 
-1.0592140121 
-1.0592871349 
-1.0593602373 
-1.0594333192 
-1.0595063806 
-1.0595794215 
-1.0596524419 
-1.0597254418 
-1.0597984213 
-1.0598713803 
-1.0599443188 
-1.0600172369 
-1.0600901344 
-1.0601630116 
-1.0602358682 
-1.0603087044 
-1.0603815202 
-1.0604543155 
-1.0605270904 
-1.0605998448 
-1.0606725788 
-1.0607452923 
-1.0608179854 
-1.0608906581 
-1.0609633104 
-1.0610359422 
-1.0611085536 
-1.0611811446 
-1.0612537152 
-1.0613262653 
-1.0613987951 
-1.0614713044 
-1.0615437934 
-1.0616162619 
-1.0616887100 
-1.0617611378 
-1.0618335451 
-1.0619059321 
-1.0619782987 
-1.0620506449 
-1.0621229707 
-1.0621952761 
-1.0622675612 
-1.0623398259 
-1.0624120702 
-1.0624842942 
-1.0625564978 
-1.0626286810 
-1.0627008439 
-1.0627729864 
-1.0628451086 
-1.0629172104 
-1.0629892919 
-1.0630613530 
-1.0631333938 
-1.0632054143 
-1.0632774144 
-1.0633493942 
-1.0634213537 
-1.0634932928 
-1.0635652116 
-1.0636371101 
-1.0637089883 
-1.0637808462 
-1.0638526838 
-1.0639245010 
-1.0639962980 
-1.0640680746 
-1.0641398310 
-1.0642115670 
-1.0642832828 
-1.0643549782 
-1.0644266534 
-1.0644983083 
-1.0645699429 
-1.0646415573 
-1.0647131513 
-1.0647847251 
-1.0648562786 
-1.0649278119 
-1.0649993248 
-1.0650708176 
-1.0651422900 
-1.0652137422 
-1.0652851742 
-1.0653565858 
-1.0654279773 
-1.0654993485 
-1.0655706994 
-1.0656420302 
-1.0657133406 
-1.0657846309 
-1.0658559009 
-1.0659271507 
-1.0659983802 
-1.0659983802 
-1.0660695896 
-1.0661407787 
-1.0662119476 
-1.0662830963 
-1.0663542247 
-1.0664253330 
-1.0664964210 
-1.0665674889 
-1.0666385365 
-1.0667095640 
-1.0667805712 
-1.0668515583 
-1.0669225251 
-1.0669934718 
-1.0670643983 
-1.0671353046 
-1.0672061907 
-1.0672770567 
-1.0673479025 
-1.0674187281 
-1.0674895335 
-1.0675603188 
-1.0676310839 
-1.0677018288 
-1.0677725536 
-1.0678432582 
-1.0679139427 
-1.0679846070 
-1.0680552512 
-1.0681258752 
-1.0681964791 
-1.0682670629 
-1.0683376265 
-1.0684081700 
-1.0684786933 
-1.0685491966 
-1.0686196797 
-1.0686901426 
-1.0687605855 
-1.0688310082 
-1.0689014108 
-1.0689717933 
-1.0690421557 
-1.0691124980 
-1.0691828202 
-1.0692531223 
-1.0693234042 
-1.0693936661 
-1.0694639079 
-1.0695341296 
-1.0696043312 
-1.0696745127 
-1.0697446742 
-1.0698148155 
-1.0698849368 
-1.0699550380 
-1.0700251191 
-1.0700951802 
-1.0701652211 
-1.0702352421 
-1.0703052429 
-1.0703752237 
-1.0704451844 
-1.0705151251 
-1.0705850457 
-1.0706549463 
-1.0707248269 
-1.0707946873 
-1.0708645278 
-1.0709343482 
-1.0710041485 
-1.0710739289 
-1.0711436892 
-1.0712134294 
-1.0712831497 
-1.0713528499 
-1.0714225301 
-1.0714921903 
-1.0715618304 
-1.0716314506 
-1.0717010507 
-1.0717706308 
-1.0718401909 
-1.0719097310 
-1.0719792511 
-1.0720487513 
-1.0721182314 
-1.0721876915 
-1.0722571316 
-1.0723265518 
-1.0723959519 
-1.0724653321 
-1.0725346923 
-1.0726040325 
-1.0726733527 
-1.0727426530 
-1.0728119332 
-1.0728811936 
-1.0729504339 
-1.0730196543 
-1.0730888547 
-1.0731580352 
-1.0732271957 
-1.0732963363 
-1.0733654569 
-1.0734345575 
-1.0735036382 
-1.0735726990 
-1.0736417398 
-1.0737107607 
-1.0737797617 
-1.0738487427 
-1.0739177038 
-1.0739866449 
-1.0740555661 
-1.0741244674 
-1.0741933488 
-1.0742622103 
-1.0743310518 
-1.0743998735 
-1.0744686752 
-1.0745374570 
-1.0746062189 
-1.0746749609 
-1.0747436830 
-1.0748123852 
-1.0748810675 
-1.0749497299 
-1.0750183725 
-1.0750869951 
-1.0751555978 
-1.0752241807 
-1.0752927437 
-1.0753612868 
-1.0754298100 
-1.0754983133 
-1.0755667968 
-1.0756352604 
-1.0757037041 
-1.0757721280 
-1.0758405320 
-1.0759089162 
-1.0759772804 
-1.0760456249 
-1.0761139495 
-1.0761822542 
-1.0762505391 
-1.0763188041 
-1.0763870493 
-1.0764552747 
-1.0765234802 
-1.0765916659 
-1.0766598317 
-1.0767279777 
-1.0767961039 
-1.0768642103 
-1.0769322968 
-1.0770003635 
-1.0770684104 
-1.0771364375 
-1.0772044447 
-1.0772724322 
-1.0773403998 
-1.0774083477 
-1.0774762757 
-1.0775441839 
-1.0776120724 
-1.0776799410 
-1.0777477898 
-1.0778156189 
-1.0778834281 
-1.0779512176 
-1.0780189873 
-1.0780867372 
-1.0781544673 
-1.0782221776 
-1.0782898682 
-1.0783575389 
-1.0784251900 
-1.0784928212 
-1.0785604327 
-1.0786280244 
-1.0786955964 
-1.0787631485 
-1.0788306810 
-1.0788981937 
-1.0789656866 
-1.0790331598 
-1.0791006132 
-1.0791680469 
-1.0792354608 
-1.0793028550 
-1.0793702295 
-1.0794375842 
-1.0795049192 
-1.0795722345 
-1.0796395300 
-1.0797068058 
-1.0797740619 
-1.0797740619 
-1.0798412983 
-1.0799085149 
-1.0799757118 
-1.0800428891 
-1.0801100466 
-1.0801771843 
-1.0802443024 
-1.0803114008 
-1.0803784795 
-1.0804455384 
-1.0805125777 
-1.0805795973 
-1.0806465972 
-1.0807135774 
-1.0807805379 
-1.0808474787 
-1.0809143998 
-1.0809813013 
-1.0810481830 
-1.0811150451 
-1.0811818875 
-1.0812487103 
-1.0813155134 
-1.0813822968 
-1.0814490605 
-1.0815158046 
-1.0815825290 
-1.0816492337 
-1.0817159188 
-1.0817825843 
-1.0818492301 
-1.0819158562 
-1.0819824627 
-1.0820490496 
-1.0821156168 
-1.0821821643 
-1.0822486923 
-1.0823152006 
-1.0823816892 
-1.0824481582 
-1.0825146076 
-1.0825810374 
-1.0826474476 
-1.0827138381 
-1.0827802090 
-1.0828465603 
-1.0829128920 
-1.0829792040 
-1.0830454965 
-1.0831117693 
-1.0831780225 
-1.0832442562 
-1.0833104702 
-1.0833766646 
-1.0834428395 
-1.0835089947 
-1.0835751303 
-1.0836412464 
-1.0837073429 
-1.0837734197 
-1.0838394770 
-1.0839055148 
-1.0839715329 
-1.0840375315 
-1.0841035105 
-1.0841694699 
-1.0842354097 
-1.0843013300 
-1.0843672307 
-1.0844331119 
-1.0844989735 
-1.0845648155 
-1.0846306380 
-1.0846964409 
-1.0847622243 
-1.0848279881 
-1.0848937324 
-1.0849594571 
-1.0850251623 
-1.0850908479 
-1.0851565140 
-1.0852221606 
-1.0852877876 
-1.0853533952 
-1.0854189831 
-1.0854845516 
-1.0855501005 
-1.0856156299 
-1.0856811398 
-1.0857466302 
-1.0858121010 
-1.0858775524 
-1.0859429842 
-1.0860083965 
-1.0860737894 
-1.0861391627 
-1.0862045165 
-1.0862698508 
-1.0863351656 
-1.0864004609 
-1.0864657368 
-1.0865309931 
-1.0865962299 
-1.0866614473 
-1.0867266452 
-1.0867918236 
-1.0868569825 
-1.0869221219 
-1.0869872419 
-1.0870523424 
-1.0871174234 
-1.0871824850 
-1.0872475270 
-1.0873125497 
-1.0873775528 
-1.0874425365 
-1.0875075008 
-1.0875724456 
-1.0876373709 
-1.0877022768 
-1.0877671632 
-1.0878320302 
-1.0878968778 
-1.0879617059 
-1.0880265145 
-1.0880913038 
-1.0881560736 
-1.0882208239 
-1.0882855549 
-1.0883502664 
-1.0884149585 
-1.0884796311 
-1.0885442844 
-1.0886089182 
-1.0886735326 
-1.0887381276 
-1.0888027031 
-1.0888672593 
-1.0889317961 
-1.0889963134 
-1.0890608113 
-1.0891252899 
-1.0891897490 
-1.0892541888 
-1.0893186091 
-1.0893830101 
-1.0894473917 
-1.0895117538 
-1.0895760966 
-1.0896404201 
-1.0897047241 
-1.0897690087 
-1.0898332740 
-1.0898975199 
-1.0899617464 
-1.0900259536 
-1.0900901414 
-1.0901543098 
-1.0902184589 
-1.0902825886 
-1.0903466989 
-1.0904107899 
-1.0904748615 
-1.0905389138 
-1.0906029467 
-1.0906669603 
-1.0907309545 
-1.0907949294 
-1.0908588849 
-1.0909228211 
-1.0909867380 
-1.0910506355 
-1.0911145137 
-1.0911783726 
-1.0912422121 
-1.0913060323 
-1.0913698332 
-1.0914336148 
-1.0914973770 
-1.0915611200 
-1.0916248436 
-1.0916885479 
-1.0917522329 
-1.0918158986 
-1.0918795449 
-1.0919431720 
-1.0920067798 
-1.0920703682 
-1.0921339374 
-1.0921974873 
-1.0922610179 
-1.0923245292 
-1.0923880212 
-1.0924514939 
-1.0925149473 
-1.0925783814 
-1.0926417963 
-1.0927051919 
-1.0927685682 
-1.0927685682 
-1.0928319253 
-1.0928952630 
-1.0929585815 
-1.0930218808 
-1.0930851607 
-1.0931484214 
-1.0932116629 
-1.0932748851 
-1.0933380880 
-1.0934012717 
-1.0934644361 
-1.0935275813 
-1.0935907072 
-1.0936538139 
-1.0937169013 
-1.0937799695 
-1.0938430185 
-1.0939060482 
-1.0939690587 
-1.0940320500 
-1.0940950220 
-1.0941579748 
-1.0942209084 
-1.0942838227 
-1.0943467179 
-1.0944095938 
-1.0944724505 
-1.0945352880 
-1.0945981062 
-1.0946609053 
-1.0947236851 
-1.0947864458 
-1.0948491872 
-1.0949119095 
-1.0949746125 
-1.0950372963 
-1.0950999610 
-1.0951626064 
-1.0952252327 
-1.0952878398 
-1.0953504277 
-1.0954129964 
-1.0954755459 
-1.0955380763 
-1.0956005874 
-1.0956630794 
-1.0957255522 
-1.0957880059 
-1.0958504404 
-1.0959128557 
-1.0959752518 
-1.0960376288 
-1.0960999867 
-1.0961623253 
-1.0962246448 
-1.0962869452 
-1.0963492264 
-1.0964114885 
-1.0964737314 
-1.0965359552 
-1.0965981598 
-1.0966603453 
-1.0967225116 
-1.0967846588 
-1.0968467869 
-1.0969088959 
-1.0969709857 
-1.0970330564 
-1.0970951079 
-1.0971571404 
-1.0972191537 
-1.0972811479 
-1.0973431230 
-1.0974050790 
-1.0974670158 
-1.0975289336 
-1.0975908322 
-1.0976527117 
-1.0977145722 
-1.0977764135 
-1.0978382357 
-1.0979000389 
-1.0979618229 
-1.0980235879 
-1.0980853337 
-1.0981470605 
-1.0982087682 
-1.0982704568 
-1.0983321263 
-1.0983937767 
-1.0984554081 
-1.0985170204 
-1.0985786136 
-1.0986401877 
-1.0987017428 
-1.0987632788 
-1.0988247958 
-1.0988862936 
-1.0989477725 
-1.0990092322 
-1.0990706729 
-1.0991320946 
-1.0991934972 
-1.0992548807 
-1.0993162452 
-1.0993775907 
-1.0994389171 
-1.0995002245 
-1.0995615129 
-1.0996227822 
-1.0996840324 
-1.0997452637 
-1.0998064759 
-1.0998676691 
-1.0999288432 
-1.0999899984 
-1.1000511345 
-1.1001122516 
-1.1001733496 
-1.1002344287 
-1.1002954888 
-1.1003565298 
-1.1004175518 
-1.1004785549 
-1.1005395389 
-1.1006005039 
-1.1006614499 
-1.1007223770 
-1.1007832850 
-1.1008441740 
-1.1009050441 
-1.1009658951 
-1.1010267272 
-1.1010875403 
-1.1011483344 
-1.1012091095 
-1.1012698657 
-1.1013306029 
-1.1013913211 
-1.1014520203 
-1.1015127006 
-1.1015733619 
-1.1016340042 
-1.1016946276 
-1.1017552320 
-1.1018158175 
-1.1018763839 
-1.1019369315 
-1.1019974601 
-1.1020579697 
-1.1021184604 
-1.1021789322 
-1.1022393850 
-1.1022998189 
-1.1023602338 
-1.1024206298 
-1.1024810068 
-1.1025413650 
-1.1026017042 
-1.1026620244 
-1.1027223258 
-1.1027826082 
-1.1028428717 
-1.1029031163 
-1.1029633420 
-1.1030235487 
-1.1030837366 
-1.1031439055 
-1.1032040555 
-1.1032641866 
-1.1033242988 
-1.1033843922 
-1.1034444666 
-1.1035045221 
-1.1035645587 
-1.1036245764 
-1.1036845753 
-1.1037445552 
-1.1038045163 
-1.1038644585 
-1.1039243818 
-1.1039842862 
-1.1040441717 
-1.1041040384 
-1.1041638862 
-1.1042237151 
-1.1042835251 
-1.1043433163 
-1.1044030886 
-1.1044628421 
-1.1045225767 
-1.1045822924 
-1.1046419893 
-1.1047016674 
-1.1047613265 
-1.1048209669 
-1.1048805884 
-1.1049401910 
-1.1049997748 
-1.1049997748 
-1.1050593397 
-1.1051188859 
-1.1051784131 
-1.1052379216 
-1.1052974112 
-1.1053568820 
-1.1054163340 
-1.1054757671 
-1.1055351814 
-1.1055945769 
-1.1056539536 
-1.1057133114 
-1.1057726505 
-1.1058319707 
-1.1058912721 
-1.1059505547 
-1.1060098185 
-1.1060690635 
-1.1061282897 
-1.1061874971 
-1.1062466857 
-1.1063058555 
-1.1063650065 
-1.1064241388 
-1.1064832522 
-1.1065423469 
-1.1066014227 
-1.1066604798 
-1.1067195181 
-1.1067785376 
-1.1068375384 
-1.1068965204 
-1.1069554836 
-1.1070144280 
-1.1070733537 
-1.1071322606 
-1.1071911488 
-1.1072500182 
-1.1073088688 
-1.1073677007 
-1.1074265138 
-1.1074853082 
-1.1075440838 
-1.1076028407 
-1.1076615788 
-1.1077202982 
-1.1077789988 
-1.1078376807 
-1.1078963439 
-1.1079549884 
-1.1080136141 
-1.1080722211 
-1.1081308093 
-1.1081893788 
-1.1082479296 
-1.1083064617 
-1.1083649751 
-1.1084234698 
-1.1084819457 
-1.1085404029 
-1.1085988414 
-1.1086572612 
-1.1087156623 
-1.1087740447 
-1.1088324084 
-1.1088907534 
-1.1089490798 
-1.1090073874 
-1.1090656763 
-1.1091239465 
-1.1091821981 
-1.1092404309 
-1.1092986451 
-1.1093568406 
-1.1094150174 
-1.1094731755 
-1.1095313150 
-1.1095894358 
-1.1096475379 
-1.1097056213 
-1.1097636861 
-1.1098217322 
-1.1098797597 
-1.1099377685 
-1.1099957587 
-1.1100537301 
-1.1101116830 
-1.1101696172 
-1.1102275327 
-1.1102854296 
-1.1103433078 
-1.1104011674 
-1.1104590084 
-1.1105168307 
-1.1105746344 
-1.1106324195 
-1.1106901859 
-1.1107479337 
-1.1108056629 
-1.1108633735 
-1.1109210654 
-1.1109787387 
-1.1110363934 
-1.1110940295 
-1.1111516469 
-1.1112092458 
-1.1112668260 
-1.1113243877 
-1.1113819307 
-1.1114394551 
-1.1114969610 
-1.1115544482 
-1.1116119169 
-1.1116693669 
-1.1117267984 
-1.1117842112 
-1.1118416055 
-1.1118989812 
-1.1119563383 
-1.1120136768 
-1.1120709968 
-1.1121282982 
-1.1121855810 
-1.1122428452 
-1.1123000909 
-1.1123573180 
-1.1124145265 
-1.1124717165 
-1.1125288879 
-1.1125860408 
-1.1126431751 
-1.1127002908 
-1.1127573880 
-1.1128144666 
-1.1128715267 
-1.1129285683 
-1.1129855913 
-1.1130425958 
-1.1130995817 
-1.1131565491 
-1.1132134980 
-1.1132704283 
-1.1133273401 
-1.1133842334 
-1.1134411081 
-1.1134979643 
-1.1135548020 
-1.1136116212 
-1.1136684219 
-1.1137252041 
-1.1137819677 
-1.1138387128 
-1.1138954395 
-1.1139521476 
-1.1140088372 
-1.1140655083 
-1.1141221610 
-1.1141787951 
-1.1142354107 
-1.1142920079 
-1.1143485865 
-1.1144051467 
-1.1144616884 
-1.1145182116 
-1.1145747163 
-1.1146312025 
-1.1146876703 
-1.1147441196 
-1.1148005504 
-1.1148569627 
-1.1149133566 
-1.1149697320 
-1.1150260890 
-1.1150824275 
-1.1151387475 
-1.1151950491 
-1.1152513322 
-1.1153075969 
-1.1153638431 
-1.1154200709 
-1.1154762802 
-1.1155324711 
-1.1155886435 
-1.1156447976 
-1.1157009331 
-1.1157570503 
-1.1158131490 
-1.1158692293 
-1.1159252911 
-1.1159813345 
-1.1160373595 
-1.1160933661 
-1.1161493543 
-1.1162053240 
-1.1162612754 
-1.1163172083 
-1.1163731228 
-1.1164290189 
-1.1164848966 
-1.1164848966 
-1.1165407559 
-1.1165965968 
-1.1166524193 
-1.1167082234 
-1.1167640091 
-1.1168197764 
-1.1168755254 
-1.1169312559 
-1.1169869681 
-1.1170426618 
-1.1170983372 
-1.1171539942 
-1.1172096329 
-1.1172652531 
-1.1173208550 
-1.1173764386 
-1.1174320037 
-1.1174875505 
-1.1175430789 
-1.1175985890 
-1.1176540807 
-1.1177095541 
-1.1177650091 
-1.1178204457 
-1.1178758641 
-1.1179312640 
-1.1179866456 
-1.1180420089 
-1.1180973538 
-1.1181526804 
-1.1182079887 
-1.1182632786 
-1.1183185502 
-1.1183738035 
-1.1184290384 
-1.1184842550 
-1.1185394533 
-1.1185946333 
-1.1186497949 
-1.1187049383 
-1.1187600633 
-1.1188151700 
-1.1188702584 
-1.1189253285 
-1.1189803803 
-1.1190354138 
-1.1190904290 
-1.1191454259 
-1.1192004045 
-1.1192553648 
-1.1193103068 
-1.1193652305 
-1.1194201360 
-1.1194750231 
-1.1195298920 
-1.1195847426 
-1.1196395749 
-1.1196943890 
-1.1197491847 
-1.1198039622 
-1.1198587215 
-1.1199134624 
-1.1199681851 
-1.1200228896 
-1.1200775758 
-1.1201322437 
-1.1201868934 
-1.1202415248 
-1.1202961380 
-1.1203507329 
-1.1204053096 
-1.1204598680 
-1.1205144082 
-1.1205689302 
-1.1206234339 
-1.1206779194 
-1.1207323866 
-1.1207868356 
-1.1208412664 
-1.1208956790 
-1.1209500733 
-1.1210044495 
-1.1210588074 
-1.1211131471 
-1.1211674685 
-1.1212217718 
-1.1212760569 
-1.1213303237 
-1.1213845724 
-1.1214388028 
-1.1214930150 
-1.1215472091 
-1.1216013849 
-1.1216555426 
-1.1217096821 
-1.1217638033 
-1.1218179064 
-1.1218719913 
-1.1219260580 
-1.1219801066 
-1.1220341370 
-1.1220881491 
-1.1221421432 
-1.1221961190 
-1.1222500767 
-1.1223040162 
-1.1223579375 
-1.1224118407 
-1.1224657257 
-1.1225195926 
-1.1225734413 
-1.1226272719 
-1.1226810843 
-1.1227348786 
-1.1227886547 
-1.1228424127 
-1.1228961525 
-1.1229498742 
-1.1230035777 
-1.1230572632 
-1.1231109305 
-1.1231645796 
-1.1232182107 
-1.1232718236 
-1.1233254184 
-1.1233789950 
-1.1234325536 
-1.1234860940 
-1.1235396163 
-1.1235931205 
-1.1236466066 
-1.1237000746 
-1.1237535245 
-1.1238069563 
-1.1238603700 
-1.1239137656 
-1.1239671430 
-1.1240205024 
-1.1240738438 
-1.1241271670 
-1.1241804721 
-1.1242337591 
-1.1242870281 
-1.1243402790 
-1.1243935118 
-1.1244467265 
-1.1244999232 
-1.1245531018 
-1.1246062623 
-1.1246594048 
-1.1247125292 
-1.1247656355 
-1.1248187238 
-1.1248717940 
-1.1249248462 
-1.1249778803 
-1.1250308964 
-1.1250838944 
-1.1251368743 
-1.1251898363 
-1.1252427802 
-1.1252957060 
-1.1253486138 
-1.1254015036 
-1.1254543754 
-1.1255072291 
-1.1255600648 
-1.1256128824 
-1.1256656821 
-1.1257184637 
-1.1257712273 
-1.1258239729 
-1.1258767005 
-1.1259294101 
-1.1259821017 
-1.1260347752 
-1.1260874308 
-1.1261400683 
-1.1261926879 
-1.1262452894 
-1.1262978730 
-1.1263504386 
-1.1264029862 
-1.1264555158 
-1.1265080274 
-1.1265605210 
-1.1266129967 
-1.1266654543 
-1.1267178940 
-1.1267703158 
-1.1268227195 
-1.1268751053 
-1.1269274731 
-1.1269798230 
-1.1270321548 
-1.1270844688 
-1.1271367647 
-1.1271890428 
-1.1272413028 
-1.1272413028 
-1.1272935449 
-1.1273457691 
-1.1273979753 
-1.1274501636 
-1.1275023340 
-1.1275544864 
-1.1276066208 
-1.1276587373 
-1.1277108359 
-1.1277629166 
-1.1278149794 
-1.1278670242 
-1.1279190511 
-1.1279710600 
-1.1280230511 
-1.1280750242 
-1.1281269795 
-1.1281789168 
-1.1282308362 
-1.1282827377 
-1.1283346213 
-1.1283864870 
-1.1284383348 
-1.1284901647 
-1.1285419767 
-1.1285937708 
-1.1286455470 
-1.1286973054 
-1.1287490458 
-1.1288007684 
-1.1288524731 
-1.1289041599 
-1.1289558288 
-1.1290074799 
-1.1290591131 
-1.1291107284 
-1.1291623259 
-1.1292139055 
-1.1292654672 
-1.1293170111 
-1.1293685371 
-1.1294200452 
-1.1294715356 
-1.1295230080 
-1.1295744626 
-1.1296258994 
-1.1296773183 
-1.1297287194 
-1.1297801026 
-1.1298314680 
-1.1298828156 
-1.1299341454 
-1.1299854573 
-1.1300367514 
-1.1300880276 
-1.1301392861 
-1.1301905267 
-1.1302417495 
-1.1302929545 
-1.1303441417 
-1.1303953110 
-1.1304464626 
-1.1304975963 
-1.1305487123 
-1.1305998104 
-1.1306508908 
-1.1307019533 
-1.1307529981 
-1.1308040251 
-1.1308550343 
-1.1309060257 
-1.1309569993 
-1.1310079551 
-1.1310588931 
-1.1311098134 
-1.1311607159 
-1.1312116006 
-1.1312624676 
-1.1313133168 
-1.1313641482 
-1.1314149619 
-1.1314657578 
-1.1315165359 
-1.1315672963 
-1.1316180389 
-1.1316687638 
-1.1317194709 
-1.1317701603 
-1.1318208319 
-1.1318714858 
-1.1319221220 
-1.1319727404 
-1.1320233411 
-1.1320739241 
-1.1321244893 
-1.1321750368 
-1.1322255666 
-1.1322760786 
-1.1323265729 
-1.1323770496 
-1.1324275085 
-1.1324779496 
-1.1325283731 
-1.1325787789 
-1.1326291669 
-1.1326795373 
-1.1327298899 
-1.1327802249 
-1.1328305421 
-1.1328808417 
-1.1329311236 
-1.1329813878 
-1.1330316342 
-1.1330818631 
-1.1331320742 
-1.1331822676 
-1.1332324434 
-1.1332826015 
-1.1333327419 
-1.1333828647 
-1.1334329697 
-1.1334830572 
-1.1335331269 
-1.1335831790 
-1.1336332134 
-1.1336832302 
-1.1337332293 
-1.1337832108 
-1.1338331746 
-1.1338831208 
-1.1339330493 
-1.1339829602 
-1.1340328535 
-1.1340827291 
-1.1341325871 
-1.1341824274 
-1.1342322501 
-1.1342820552 
-1.1343318427 
-1.1343816125 
-1.1344313647 
-1.1344810993 
-1.1345308163 
-1.1345805157 
-1.1346301975 
-1.1346798616 
-1.1347295082 
-1.1347791371 
-1.1348287485 
-1.1348783422 
-1.1349279183 
-1.1349774769 
-1.1350270179 
-1.1350765412 
-1.1351260470 
-1.1351755352 
-1.1352250058 
-1.1352744589 
-1.1353238943 
-1.1353733122 
-1.1354227126 
-1.1354720953 
-1.1355214605 
-1.1355708081 
-1.1356201381 
-1.1356694506 
-1.1357187456 
-1.1357680229 
-1.1358172828 
-1.1358665250 
-1.1359157498 
-1.1359649569 
-1.1360141466 
-1.1360633187 
-1.1361124732 
-1.1361616102 
-1.1362107297 
-1.1362598317 
-1.1363089161 
-1.1363579830 
-1.1364070324 
-1.1364560642 
-1.1365050786 
-1.1365540754 
-1.1366030547 
-1.1366520165 
-1.1367009607 
-1.1367498875 
-1.1367987968 
-1.1368476886 
-1.1368965628 
-1.1369454196 
-1.1369942589 
-1.1370430806 
-1.1370918849 
-1.1371406717 
-1.1371894410 
-1.1372381929 
-1.1372869272 
-1.1372869272 
