0.6938999766 1
0.4867763919 1
0.4872314385 1
0.4872815760 1
0.4872817345 1
0.4872793470 1
0.4872768415 1
0.4872743384 1
0.4872718437 1
0.4872693578 1
0.4872668805 1
0.4872644118 1
0.4872619517 1
0.4872595001 1
0.4872570570 1
0.4872546224 1
0.4872521961 1
0.4872497782 1
0.4872473685 1
0.4872449672 1
0.4872425741 1
0.4872401891 1
0.4872378123 1
0.4872354436 1
0.4872330829 1
0.4872307302 1
0.4872283856 1
0.4872260488 1
0.4872237200 1
0.4872213990 1
0.4872190858 1
0.4872167804 1
0.4872144827 1
0.4872121927 1
0.4872099104 1
0.4872076357 1
0.4872053686 1
0.4872031091 1
0.4872008570 1
0.4871986124 1
0.4871963753 1
0.4871941456 1
0.4871919232 1
0.4871897082 1
0.4871875004 1
0.4871852999 1
0.4871831066 1
0.4871809206 1
0.4871787416 1
0.4871765698 1
0.4871744051 1
0.4871722474 1
0.4871700967 1
0.4871679531 1
0.4871658163 1
0.4871636865 1
0.4871615636 1
0.4871594475 1
0.4871573383 1
0.4871552358 1
0.4871531401 1
0.4871510512 1
0.4871489689 1
0.4871468933 1
0.4871448243 1
0.4871427619 1
0.4871407061 1
0.4871386568 1
0.4871366140 1
0.4871345777 1
0.4871325479 1
0.4871305245 1
0.4871285075 1
0.4871264968 1
0.4871244925 1
0.4871224945 1
0.4871205028 1
0.4871185173 1
0.4871165380 1
0.4871145650 1
0.4871125981 1
0.4871106373 1
0.4871086827 1
0.4871067341 1
0.4871047916 1
0.4871028551 1
0.4871009246 1
0.4870990001 1
0.4870970816 1
0.4870951690 1
0.4870932623 1
0.4870913614 1
0.4870894665 1
0.4870875773 1
0.4870856939 1
0.4870838163 1
0.4870819445 1
0.4870800784 1
0.4870782179 1
0.4870763632 1
0.4870745141 1
0.4870726707 1
0.4870708328 1
0.4870690005 1
0.4870671738 1
0.4870653526 1
0.4870635369 1
0.4870617268 1
0.4870599220 1
0.4870581227 1
0.4870563289 1
0.4870545404 1
0.4870527573 1
0.4870509796 1
0.4870492072 1
0.4870474401 1
0.4870456783 1
0.4870439218 1
0.4870421705 1
0.4870404244 1
0.4870386835 1
0.4870369478 1
0.4870352173 1
0.4870334919 1
0.4870317716 1
0.4870300565 1
0.4870283464 1
0.4870266414 1
0.4870249414 1
0.4870232464 1
0.4870215564 1
0.4870198714 1
0.4870181914 1
0.4870165163 1
0.4870148461 1
0.4870131809 1
0.4870115205 1
0.4870098650 1
0.4870082143 1
0.4870065684 1
0.4870049274 1
0.4870032912 1
0.4870016597 1
0.4870000330 1
0.4869984110 1
0.4869967937 1
0.4869951812 1
0.4869935733 1
0.4869919701 1
0.4869903715 1
0.4869887776 1
0.4869871883 1
0.4869856035 1
0.4869840234 1
0.4869824478 1
0.4869808768 1
0.4869793103 1
0.4869777483 1
0.4869761908 1
0.4869746378 1
0.4869730892 1
0.4869715451 1
0.4869700054 1
0.4869684702 1
0.4869669393 1
0.4869654129 1
0.4869638908 1
0.4869623730 1
0.4869608596 1
0.4869593505 1
0.4869578457 1
0.4869563453 1
0.4869548490 1
0.4869533571 1
0.4869518694 1
0.4869503859 1
0.4869489067 1
0.4869474316 1
0.4869459608 1
0.4869444941 1
0.4869430316 1
0.4869415732 1
0.4869401190 1
0.4869386688 1
0.4869372228 1
0.4869357809 1
0.4869343431 1
0.4869329093 1
0.4869314795 1
0.4869300538 1
0.4869286322 1
0.4869272145 1
0.4869258008 1
0.4869243911 1
0.4869229854 1
0.4869215837 1
0.4869201858 1
0.4869187920 1
0.4869174020 1
0.4625172299 0
0.4869160159 1
0.4869146338 1
0.4869132555 1
0.4869118811 1
0.4869105105 1
0.4869091438 1
0.4869077809 1
0.4869064218 1
0.4869050666 1
0.4869037151 1
0.4869023675 1
0.4869010236 1
0.4868996834 1
0.4868983470 1
0.4868970144 1
0.4868956854 1
0.4868943602 1
0.4868930387 1
0.4868917209 1
0.4868904068 1
0.4868890963 1
0.4868877895 1
0.4868864863 1
0.4868851868 1
0.4868838909 1
0.4868825986 1
0.4868813099 1
0.4868800248 1
0.4868787433 1
0.4868774653 1
0.4868761910 1
0.4868749201 1
0.4868736529 1
0.4868723891 1
0.4868711289 1
0.4868698721 1
0.4868686189 1
0.4868673692 1
0.4868661229 1
0.4868648801 1
0.4868636408 1
0.4868624049 1
0.4868611725 1
0.4868599435 1
0.4868587179 1
0.4868574957 1
0.4868562769 1
0.4868550616 1
0.4868538496 1
0.4868526409 1
0.4868514357 1
0.4868502338 1
0.4868490352 1
0.4868478400 1
0.4868466481 1
0.4868454595 1
0.4868442743 1
0.4868430923 1
0.4868419136 1
0.4868407382 1
0.4868395661 1
0.4868383973 1
0.4868372317 1
0.4868360693 1
0.4868349102 1
0.4868337543 1
0.4868326017 1
0.4868314523 1
0.4868303060 1
0.4868291630 1
0.4868280232 1
0.4868268865 1
0.4868257530 1
0.4868246227 1
0.4868234955 1
0.4868223715 1
0.4868212506 1
0.4868201329 1
0.4868190183 1
0.4868179068 1
0.4868167984 1
0.4868156931 1
0.4868145909 1
0.4868134918 1
0.4868123958 1
0.4868113029 1
0.4868102130 1
0.4868091262 1
0.4868080424 1
0.4868069616 1
0.4868058839 1
0.4868048093 1
0.4868037376 1
0.4868026690 1
0.4868016033 1
0.4868005407 1
0.4867994810 1
0.4867984244 1
0.4867973707 1
0.4867963200 1
0.4867952722 1
0.4867942274 1
0.4867931856 1
0.4867921467 1
0.4867911107 1
0.4867900777 1
0.4867890476 1
0.4867880204 1
0.4867869961 1
0.4867859748 1
0.4867849563 1
0.4867839407 1
0.4867829280 1
0.4867819181 1
0.4867809112 1
0.4867799071 1
0.4867789059 1
0.4867779075 1
0.4867769119 1
0.4867759192 1
0.4867749294 1
0.4867739423 1
0.4867729581 1
0.4867719767 1
0.4867709981 1
0.4867700223 1
0.4867690494 1
0.4867680792 1
0.4867671117 1
0.4867661471 1
0.4867651852 1
0.4867642261 1
0.4867632698 1
0.4867623162 1
0.4867613654 1
0.4867604173 1
0.4867594720 1
0.4867585294 1
0.4867575895 1
0.4867566524 1
0.4867557179 1
0.4867547862 1
0.4867538572 1
0.4867529309 1
0.4867520072 1
0.4867510863 1
0.4867501680 1
0.4867492525 1
0.4867483396 1
0.4867474293 1
0.4867465218 1
0.4867456169 1
0.4867447146 1
0.4867438150 1
0.4867429180 1
0.4867420237 1
0.4867411320 1
0.4867402430 1
0.4867393565 1
0.4867384727 1
0.4867375915 1
0.4867367129 1
0.4867358369 1
0.4867349635 1
0.4867340927 1
0.4867332244 1
0.4867323588 1
0.4867314957 1
0.4867306352 1
0.4867297773 1
0.4867289220 1
0.4867280692 1
0.4867272189 1
0.4867263712 1
0.4867255261 1
0.4867246835 1
0.4867238434 1
0.4867230059 1
0.4867221709 1
0.4867213384 1
0.4867205084 1
0.4867196810 1
0.4867188560 1
0.4867180336 1
0.4867172136 1
0.4867163962 1
0.4867155812 1
0.4867147688 1
0.4867139588 1
0.4867131513 1
0.4867123463 1
0.4867115437 1
0.4867107436 1
0.4867099460 1
0.4867091508 1
0.4867083581 1
0.4867075678 1
0.4867067800 1
0.4867059946 1
0.4583159498 0
0.4867052117 1
0.4867044312 1
0.4867036531 1
0.4867028775 1
0.4867021042 1
0.4867013334 1
0.4867005650 1
0.4866997990 1
0.4866990354 1
0.4866982742 1
0.4866975154 1
0.4866967590 1
0.4866960050 1
0.4866952534 1
0.4866945042 1
0.4866937573 1
0.4866930128 1
0.4866922707 1
0.4866915310 1
0.4866907936 1
0.4866900585 1
0.4866893259 1
0.4866885955 1
0.4866878676 1
0.4866871419 1
0.4866864187 1
0.4866856977 1
0.4866849791 1
0.4866842628 1
0.4866835488 1
0.4866828372 1
0.4866821279 1
0.4866814209 1
0.4866807162 1
0.4866800138 1
0.4866793138 1
0.4866786160 1
0.4866779205 1
0.4866772273 1
0.4866765364 1
0.4866758478 1
0.4866751615 1
0.4866744775 1
0.4866737957 1
0.4866731163 1
0.4866724390 1
0.4866717641 1
0.4866710914 1
0.4866704210 1
0.4866697528 1
0.4866690869 1
0.4866684233 1
0.4866677619 1
0.4866671027 1
0.4866664458 1
0.4866657911 1
0.4866651387 1
0.4866644885 1
0.4866638405 1
0.4866631947 1
0.4866625512 1
0.4866619099 1
0.4866612708 1
0.4866606339 1
0.4866599992 1
0.4866593667 1
0.4866587365 1
0.4866581084 1
0.4866574825 1
0.4866568589 1
0.4866562374 1
0.4866556181 1
0.4866550010 1
0.4866543861 1
0.4866537733 1
0.4866531627 1
0.4866525543 1
0.4866519481 1
0.4866513441 1
0.4866507422 1
0.4866501424 1
0.4866495448 1
0.4866489494 1
0.4866483562 1
0.4866477650 1
0.4866471761 1
0.4866465893 1
0.4866460046 1
0.4866454220 1
0.4866448416 1
0.4866442633 1
0.4866436872 1
0.4866431132 1
0.4866425413 1
0.4866419715 1
0.4866414038 1
0.4866408383 1
0.4866402749 1
0.4866397136 1
0.4866391543 1
0.4866385972 1
0.4866380422 1
0.4866374893 1
0.4866369385 1
0.4866363898 1
0.4866358432 1
0.4866352986 1
0.4866347562 1
0.4866342158 1
0.4866336775 1
0.4866331413 1
0.4866326072 1
0.4866320751 1
0.4866315452 1
0.4866310172 1
0.4866304914 1
0.4866299676 1
0.4866294458 1
0.4866289261 1
0.4866284085 1
0.4866278929 1
0.4866273794 1
0.4866268679 1
0.4866263585 1
0.4866258511 1
0.4866253457 1
0.4866248424 1
0.4866243411 1
0.4866238418 1
0.4866233446 1
0.4866228494 1
0.4866223562 1
0.4866218650 1
0.4866213759 1
0.4866208887 1
0.4866204036 1
0.4866199205 1
0.4866194394 1
0.4866189603 1
0.4866184832 1
0.4866180081 1
0.4866175350 1
0.4866170639 1
0.4866165948 1
0.4866161277 1
0.4866156625 1
0.4866151994 1
0.4866147382 1
0.4866142790 1
0.4866138218 1
0.4866133666 1
0.4866129134 1
0.4866124621 1
0.4866120127 1
0.4866115654 1
0.4866111200 1
0.4866106766 1
0.4866102351 1
0.4866097956 1
0.4866093580 1
0.4866089224 1
0.4866084888 1
0.4866080571 1
0.4866076273 1
0.4866071995 1
0.4866067736 1
0.4866063496 1
0.4866059276 1
0.4866055075 1
0.4866050894 1
0.4866046732 1
0.4866042589 1
0.4866038465 1
0.4866034360 1
0.4866030275 1
0.4866026209 1
0.4866022162 1
0.4866018134 1
0.4866014125 1
0.4866010135 1
0.4866006164 1
0.4866002213 1
0.4865998280 1
0.4865994366 1
0.4865990471 1
0.4865986595 1
0.4865982739 1
0.4865978900 1
0.4865975081 1
0.4865971281 1
0.4865967499 1
0.4865963736 1
0.4865959992 1
0.4865956267 1
0.4865952561 1
0.4865948873 1
0.4865945204 1
0.4865941553 1
0.4865937921 1
0.4544975621 0
0.4865934308 1
0.4865930713 1
0.4865927137 1
0.4865923580 1
0.4865920041 1
0.4865916520 1
0.4865913018 1
0.4865909534 1
0.4865906069 1
0.4865902622 1
0.4865899194 1
0.4865895784 1
0.4865892392 1
0.4865889019 1
0.4865885664 1
0.4865882327 1
0.4865879008 1
0.4865875708 1
0.4865872426 1
0.4865869162 1
0.4865865916 1
0.4865862688 1
0.4865859479 1
0.4865856287 1
0.4865853114 1
0.4865849959 1
0.4865846821 1
0.4865843702 1
0.4865840601 1
0.4865837517 1
0.4865834452 1
0.4865831404 1
0.4865828375 1
0.4865825363 1
0.4865822369 1
0.4865819393 1
0.4865816435 1
0.4865813494 1
0.4865810572 1
0.4865807667 1
0.4865804780 1
0.4865801910 1
0.4865799058 1
0.4865796224 1
0.4865793407 1
0.4865790609 1
0.4865787827 1
0.4865785063 1
0.4865782317 1
0.4865779588 1
0.4865776877 1
0.4865774183 1
0.4865771507 1
0.4865768848 1
0.4865766207 1
0.4865763583 1
0.4865760976 1
0.4865758387 1
0.4865755815 1
0.4865753260 1
0.4865750723 1
0.4865748202 1
0.4865745699 1
0.4865743214 1
0.4865740745 1
0.4865738294 1
0.4865735860 1
0.4865733443 1
0.4865731043 1
0.4865728660 1
0.4865726294 1
0.4865723945 1
0.4865721613 1
0.4865719299 1
0.4865717001 1
0.4865714720 1
0.4865712456 1
0.4865710209 1
0.4865707979 1
0.4865705766 1
0.4865703569 1
0.4865701390 1
0.4865699227 1
0.4865697081 1
0.4865694952 1
0.4865692839 1
0.4865690744 1
0.4865688665 1
0.4865686602 1
0.4865684556 1
0.4865682527 1
0.4865680515 1
0.4865678519 1
0.4865676539 1
0.4865674577 1
0.4865672630 1
0.4865670701 1
0.4865668787 1
0.4865666890 1
0.4865665010 1
0.4865663146 1
0.4865661298 1
0.4865659467 1
0.4865657652 1
0.4865655853 1
0.4865654071 1
0.4865652305 1
0.4865650555 1
0.4865648821 1
0.4865647104 1
0.4865645403 1
0.4865643718 1
0.4865642049 1
0.4865640396 1
0.4865638760 1
0.4865637139 1
0.4865635535 1
0.4865633946 1
0.4865632374 1
0.4865630817 1
0.4865629277 1
0.4865627752 1
0.4865626244 1
0.4865624751 1
0.4865623274 1
0.4865621813 1
0.4865620368 1
0.4865618939 1
0.4865617526 1
0.4865616128 1
0.4865614746 1
0.4865613380 1
0.4865612029 1
0.4865610694 1
0.4865609375 1
0.4865608072 1
0.4865606784 1
0.4865605511 1
0.4865604255 1
0.4865603013 1
0.4865601788 1
0.4865600578 1
0.4865599383 1
0.4865598204 1
0.4865597040 1
0.4865595891 1
0.4865594759 1
0.4865593641 1
0.4865592539 1
0.4865591452 1
0.4865590380 1
0.4865589324 1
0.4865588283 1
0.4865587257 1
0.4865586246 1
0.4865585251 1
0.4865584271 1
0.4865583306 1
0.4865582356 1
0.4865581421 1
0.4865580501 1
0.4865579597 1
0.4865578707 1
0.4865577832 1
0.4865576973 1
0.4865576128 1
0.4865575298 1
0.4865574483 1
0.4865573684 1
0.4865572899 1
0.4865572128 1
0.4865571373 1
0.4865570633 1
0.4865569907 1
0.4865569196 1
0.4865568500 1
0.4865567818 1
0.4865567152 1
0.4865566499 1
0.4865565862 1
0.4865565239 1
0.4865564631 1
0.4865564037 1
0.4865563458 1
0.4865562894 1
0.4865562344 1
0.4865561809 1
0.4865561288 1
0.4865560781 1
0.4865560289 1
0.4865559811 1
0.4865559348 1
0.4865558899 1
0.4865558464 1
0.4865558044 1
0.4865557638 1
0.4865557246 1
0.4865556869 1
0.4865556505 1
0.4510214028 0
0.4865556156 1
0.4865555822 1
0.4865555501 1
0.4865555194 1
0.4865554902 1
0.4865554623 1
0.4865554359 1
0.4865554109 1
0.4865553872 1
0.4865553650 1
0.4865553442 1
0.4865553247 1
0.4865553067 1
0.4865552900 1
0.4865552748 1
0.4865552609 1
0.4865552484 1
0.4865552373 1
0.4865552275 1
0.4865552192 1
0.4865552122 1
0.4865552066 1
0.4865552023 1
0.4865551994 1
0.4865551979 1
0.4865551978 1
0.4865551990 1
0.4865552015 1
0.4865552054 1
0.4865552107 1
0.4865552173 1
0.4865552253 1
0.4865552346 1
0.4865552453 1
0.4865552573 1
0.4865552706 1
0.4865552853 1
0.4865553013 1
0.4865553187 1
0.4865553373 1
0.4865553573 1
0.4865553787 1
0.4865554013 1
0.4865554253 1
0.4865554506 1
0.4865554772 1
0.4865555051 1
0.4865555343 1
0.4865555648 1
0.4865555967 1
0.4865556298 1
0.4865556643 1
0.4865557000 1
0.4865557371 1
0.4865557754 1
0.4865558150 1
0.4865558559 1
0.4865558981 1
0.4865559416 1
0.4865559864 1
0.4865560324 1
0.4865560798 1
0.4865561284 1
0.4865561782 1
0.4865562294 1
0.4865562818 1
0.4865563355 1
0.4865563904 1
0.4865564466 1
0.4865565041 1
0.4865565628 1
0.4865566228 1
0.4865566840 1
0.4865567464 1
0.4865568102 1
0.4865568751 1
0.4865569413 1
0.4865570088 1
0.4865570774 1
0.4865571474 1
0.4865572185 1
0.4865572909 1
0.4865573645 1
0.4865574393 1
0.4865575154 1
0.4865575926 1
0.4865576711 1
0.4865577508 1
0.4865578317 1
0.4865579138 1
0.4865579972 1
0.4865580817 1
0.4865581674 1
0.4865582544 1
0.4865583425 1
0.4865584319 1
0.4865585224 1
0.4865586141 1
0.4865587070 1
0.4865588011 1
0.4865588964 1
0.4865589928 1
0.4865590905 1
0.4865591893 1
0.4865592893 1
0.4865593904 1
0.4865594928 1
0.4865595962 1
0.4865597009 1
0.4865598067 1
0.4865599137 1
0.4865600218 1
0.4865601311 1
0.4865602416 1
0.4865603531 1
0.4865604659 1
0.4865605798 1
0.4865606948 1
0.4865608109 1
0.4865609282 1
0.4865610467 1
0.4865611662 1
0.4865612869 1
0.4865614088 1
0.4865615317 1
0.4865616558 1
0.4865617810 1
0.4865619073 1
0.4865620347 1
0.4865621632 1
0.4865622929 1
0.4865624236 1
0.4865625555 1
0.4865626884 1
0.4865628225 1
0.4865629576 1
0.4865630939 1
0.4865632312 1
0.4865633697 1
0.4865635092 1
0.4865636498 1
0.4865637915 1
0.4865639342 1
0.4865640781 1
0.4865642230 1
0.4865643690 1
0.4865645161 1
0.4865646642 1
0.4865648134 1
0.4865649637 1
0.4865651150 1
0.4865652674 1
0.4865654208 1
0.4865655753 1
0.4865657308 1
0.4865658874 1
0.4865660450 1
0.4865662037 1
0.4865663634 1
0.4865665242 1
0.4865666859 1
0.4865668488 1
0.4865670126 1
0.4865671775 1
0.4865673434 1
0.4865675103 1
0.4865676783 1
0.4865678472 1
0.4865680172 1
0.4865681882 1
0.4865683602 1
0.4865685332 1
0.4865687072 1
0.4865688823 1
0.4865690583 1
0.4865692353 1
0.4865694133 1
0.4865695923 1
0.4865697723 1
0.4865699533 1
0.4865701352 1
0.4865703182 1
0.4865705021 1
0.4865706870 1
0.4865708729 1
0.4865710598 1
0.4865712476 1
0.4865714364 1
0.4865716262 1
0.4865718169 1
0.4865720086 1
0.4865722012 1
0.4865723948 1
0.4865725893 1
0.4865727848 1
0.4865729813 1
0.4865731787 1
0.4865733770 1
0.4865735763 1
0.4479473448 0
0.4865737765 1
0.4865739776 1
0.4865741797 1
0.4865743827 1
0.4865745867 1
0.4865747915 1
0.4865749973 1
0.4865752040 1
0.4865754116 1
0.4865756202 1
0.4865758296 1
0.4865760400 1
0.4865762512 1
0.4865764634 1
0.4865766765 1
0.4865768904 1
0.4865771053 1
0.4865773211 1
0.4865775377 1
0.4865777553 1
0.4865779737 1
0.4865781930 1
0.4865784132 1
0.4865786343 1
0.4865788563 1
0.4865790791 1
0.4865793028 1
0.4865795274 1
0.4865797528 1
0.4865799791 1
0.4865802063 1
0.4865804343 1
0.4865806632 1
0.4865808929 1
0.4865811235 1
0.4865813549 1
0.4865815872 1
0.4865818203 1
0.4865820543 1
0.4865822891 1
0.4865825248 1
0.4865827612 1
0.4865829985 1
0.4865832367 1
0.4865834756 1
0.4865837154 1
0.4865839560 1
0.4865841975 1
0.4865844397 1
0.4865846828 1
0.4865849267 1
0.4865851713 1
0.4865854168 1
0.4865856631 1
0.4865859102 1
0.4865861581 1
0.4865864068 1
0.4865866563 1
0.4865869065 1
0.4865871576 1
0.4865874095 1
0.4865876621 1
0.4865879155 1
0.4865881697 1
0.4865884247 1
0.4865886804 1
0.4865889369 1
0.4865891942 1
0.4865894523 1
0.4865897111 1
0.4865899706 1
0.4865902310 1
0.4865904921 1
0.4865907539 1
0.4865910165 1
0.4865912799 1
0.4865915439 1
0.4865918088 1
0.4865920743 1
0.4865923407 1
0.4865926077 1
0.4865928755 1
0.4865931440 1
0.4865934133 1
0.4865936832 1
0.4865939539 1
0.4865942253 1
0.4865944975 1
0.4865947703 1
0.4865950439 1
0.4865953181 1
0.4865955931 1
0.4865958688 1
0.4865961452 1
0.4865964223 1
0.4865967001 1
0.4865969786 1
0.4865972578 1
0.4865975376 1
0.4865978182 1
0.4865980995 1
0.4865983814 1
0.4865986640 1
0.4865989473 1
0.4865992313 1
0.4865995159 1
0.4865998012 1
0.4866000872 1
0.4866003739 1
0.4866006612 1
0.4866009492 1
0.4866012378 1
0.4866015271 1
0.4866018171 1
0.4866021077 1
0.4866023989 1
0.4866026908 1
0.4866029833 1
0.4866032765 1
0.4866035703 1
0.4866038648 1
0.4866041599 1
0.4866044556 1
0.4866047520 1
0.4866050490 1
0.4866053466 1
0.4866056448 1
0.4866059436 1
0.4866062431 1
0.4866065432 1
0.4866068439 1
0.4866071452 1
0.4866074471 1
0.4866077496 1
0.4866080527 1
0.4866083565 1
0.4866086608 1
0.4866089657 1
0.4866092712 1
0.4866095773 1
0.4866098840 1
0.4866101913 1
0.4866104991 1
0.4866108076 1
0.4866111166 1
0.4866114262 1
0.4866117363 1
0.4866120471 1
0.4866123584 1
0.4866126702 1
0.4866129827 1
0.4866132957 1
0.4866136092 1
0.4866139233 1
0.4866142380 1
0.4866145532 1
0.4866148690 1
0.4866151853 1
0.4866155022 1
0.4866158196 1
0.4866161375 1
0.4866164560 1
0.4866167750 1
0.4866170946 1
0.4866174146 1
0.4866177352 1
0.4866180564 1
0.4866183780 1
0.4866187002 1
0.4866190229 1
0.4866193461 1
0.4866196698 1
0.4866199941 1
0.4866203188 1
0.4866206441 1
0.4866209698 1
0.4866212961 1
0.4866216229 1
0.4866219501 1
0.4866222779 1
0.4866226061 1
0.4866229348 1
0.4866232641 1
0.4866235938 1
0.4866239240 1
0.4866242546 1
0.4866245858 1
0.4866249174 1
0.4866252495 1
0.4866255821 1
0.4866259151 1
0.4866262486 1
0.4866265826 1
0.4866269171 1
0.4866272519 1
0.4866275873 1
0.4866279231 1
0.4866282594 1
0.4866285961 1
0.4453365575 0
0.4866289332 1
0.4866292709 1
0.4866296089 1
0.4866299474 1
0.4866302863 1
0.4866306257 1
0.4866309655 1
0.4866313057 1
0.4866316464 1
0.4866319875 1
0.4866323290 1
0.4866326710 1
0.4866330133 1
0.4866333561 1
0.4866336993 1
0.4866340429 1
0.4866343869 1
0.4866347314 1
0.4866350762 1
0.4866354214 1
0.4866357671 1
0.4866361131 1
0.4866364596 1
0.4866368064 1
0.4866371537 1
0.4866375013 1
0.4866378493 1
0.4866381977 1
0.4866385465 1
0.4866388957 1
0.4866392452 1
0.4866395952 1
0.4866399455 1
0.4866402962 1
0.4866406472 1
0.4866409986 1
0.4866413504 1
0.4866417026 1
0.4866420551 1
0.4866424080 1
0.4866427612 1
0.4866431148 1
0.4866434687 1
0.4866438230 1
0.4866441777 1
0.4866445327 1
0.4866448880 1
0.4866452437 1
0.4866455997 1
0.4866459561 1
0.4866463128 1
0.4866466698 1
0.4866470272 1
0.4866473849 1
0.4866477429 1
0.4866481013 1
0.4866484599 1
0.4866488189 1
0.4866491782 1
0.4866495379 1
0.4866498978 1
0.4866502581 1
0.4866506186 1
0.4866509795 1
0.4866513407 1
0.4866517022 1
0.4866520640 1
0.4866524261 1
0.4866527885 1
0.4866531511 1
0.4866535141 1
0.4866538774 1
0.4866542409 1
0.4866546048 1
0.4866549689 1
0.4866553333 1
0.4866556980 1
0.4866560630 1
0.4866564283 1
0.4866567938 1
0.4866571596 1
0.4866575257 1
0.4866578920 1
0.4866582586 1
0.4866586255 1
0.4866589926 1
0.4866593600 1
0.4866597277 1
0.4866600956 1
0.4866604637 1
0.4866608322 1
0.4866612008 1
0.4866615697 1
0.4866619389 1
0.4866623083 1
0.4866626780 1
0.4866630478 1
0.4866634180 1
0.4866637883 1
0.4866641589 1
0.4866645298 1
0.4866649008 1
0.4866652721 1
0.4866656436 1
0.4866660154 1
0.4866663873 1
0.4866667595 1
0.4866671319 1
0.4866675045 1
0.4866678773 1
0.4866682504 1
0.4866686236 1
0.4866689971 1
0.4866693708 1
0.4866697446 1
0.4866701187 1
0.4866704930 1
0.4866708675 1
0.4866712421 1
0.4866716170 1
0.4866719921 1
0.4866723673 1
0.4866727427 1
0.4866731184 1
0.4866734942 1
0.4866738702 1
0.4866742464 1
0.4866746227 1
0.4866749992 1
0.4866753759 1
0.4866757528 1
0.4866761299 1
0.4866765071 1
0.4866768845 1
0.4866772621 1
0.4866776398 1
0.4866780177 1
0.4866783957 1
0.4866787739 1
0.4866791523 1
0.4866795308 1
0.4866799095 1
0.4866802883 1
0.4866806673 1
0.4866810464 1
0.4866814256 1
0.4866818050 1
0.4866821846 1
0.4866825643 1
0.4866829441 1
0.4866833241 1
0.4866837042 1
0.4866840844 1
0.4866844648 1
0.4866848453 1
0.4866852259 1
0.4866856066 1
0.4866859875 1
0.4866863685 1
0.4866867496 1
0.4866871309 1
0.4866875122 1
0.4866878937 1
0.4866882753 1
0.4866886570 1
0.4866890388 1
0.4866894207 1
0.4866898027 1
0.4866901848 1
0.4866905670 1
0.4866909493 1
0.4866913318 1
0.4866917143 1
0.4866920969 1
0.4866924796 1
0.4866928624 1
0.4866932453 1
0.4866936283 1
0.4866940114 1
0.4866943945 1
0.4866947778 1
0.4866951611 1
0.4866955445 1
0.4866959280 1
0.4866963116 1
0.4866966952 1
0.4866970789 1
0.4866974627 1
0.4866978465 1
0.4866982305 1
0.4866986145 1
0.4866989985 1
0.4866993826 1
0.4866997668 1
0.4867001511 1
0.4867005354 1
0.4867009197 1
0.4867013041 1
0.4867016886 1
0.4432104356 0
0.4867020731 1
0.4867024577 1
0.4867028423 1
0.4867032270 1
0.4867036117 1
0.4867039965 1
0.4867043813 1
0.4867047661 1
0.4867051510 1
0.4867055359 1
0.4867059209 1
0.4867063059 1
0.4867066909 1
0.4867070760 1
0.4867074611 1
0.4867078462 1
0.4867082313 1
0.4867086165 1
0.4867090017 1
0.4867093869 1
0.4867097721 1
0.4867101574 1
0.4867105427 1
0.4867109280 1
0.4867113133 1
0.4867116986 1
0.4867120839 1
0.4867124693 1
0.4867128546 1
0.4867132400 1
0.4867136254 1
0.4867140107 1
0.4867143961 1
0.4867147815 1
0.4867151668 1
0.4867155522 1
0.4867159376 1
0.4867163230 1
0.4867167083 1
0.4867170937 1
0.4867174790 1
0.4867178643 1
0.4867182497 1
0.4867186350 1
0.4867190203 1
0.4867194055 1
0.4867197908 1
0.4867201760 1
0.4867205613 1
0.4867209465 1
0.4867213316 1
0.4867217168 1
0.4867221019 1
0.4867224870 1
0.4867228721 1
0.4867232571 1
0.4867236421 1
0.4867240271 1
0.4867244120 1
0.4867247969 1
0.4867251818 1
0.4867255666 1
0.4867259514 1
0.4867263362 1
0.4867267209 1
0.4867271055 1
0.4867274902 1
0.4867278747 1
0.4867282593 1
0.4867286437 1
0.4867290281 1
0.4867294125 1
0.4867297968 1
0.4867301811 1
0.4867305653 1
0.4867309495 1
0.4867313335 1
0.4867317176 1
0.4867321015 1
0.4867324855 1
0.4867328693 1
0.4867332531 1
0.4867336368 1
0.4867340204 1
0.4867344040 1
0.4867347875 1
0.4867351710 1
0.4867355543 1
0.4867359376 1
0.4867363208 1
0.4867367040 1
0.4867370870 1
0.4867374700 1
0.4867378529 1
0.4867382357 1
0.4867386185 1
0.4867390011 1
0.4867393837 1
0.4867397662 1
0.4867401486 1
0.4867405309 1
0.4867409131 1
0.4867412952 1
0.4867416773 1
0.4867420592 1
0.4867424411 1
0.4867428228 1
0.4867432045 1
0.4867435860 1
0.4867439675 1
0.4867443489 1
0.4867447301 1
0.4867451113 1
0.4867454923 1
0.4867458733 1
0.4867462541 1
0.4867466348 1
0.4867470155 1
0.4867473960 1
0.4867477764 1
0.4867481567 1
0.4867485369 1
0.4867489169 1
0.4867492969 1
0.4867496767 1
0.4867500564 1
0.4867504360 1
0.4867508155 1
0.4867511949 1
0.4867515741 1
0.4867519532 1
0.4867523322 1
0.4867527111 1
0.4867530899 1
0.4867534685 1
0.4867538470 1
0.4867542253 1
0.4867546035 1
0.4867549816 1
0.4867553596 1
0.4867557374 1
0.4867561151 1
0.4867564927 1
0.4867568701 1
0.4867572474 1
0.4867576246 1
0.4867580016 1
0.4867583785 1
0.4867587552 1
0.4867591318 1
0.4867595082 1
0.4867598845 1
0.4867602607 1
0.4867606367 1
0.4867610125 1
0.4867613882 1
0.4867617638 1
0.4867621392 1
0.4867625145 1
0.4867628896 1
0.4867632646 1
0.4867636394 1
0.4867640140 1
0.4867643885 1
0.4867647628 1
0.4867651370 1
0.4867655110 1
0.4867658849 1
0.4867662586 1
0.4867666321 1
0.4867670055 1
0.4867673787 1
0.4867677517 1
0.4867681246 1
0.4867684973 1
0.4867688699 1
0.4867692423 1
0.4867696145 1
0.4867699865 1
0.4867703584 1
0.4867707301 1
0.4867711016 1
0.4867714730 1
0.4867718441 1
0.4867722151 1
0.4867725860 1
0.4867729566 1
0.4867733271 1
0.4867736974 1
0.4867740675 1
0.4867744374 1
0.4867748072 1
0.4867751768 1
0.4867755462 1
0.4867759154 1
0.4867762844 1
0.4867766532 1
0.4867770219 1
0.4867773903 1
0.4415397518 0
0.4867777586 1
0.4867781267 1
0.4867784946 1
0.4867788623 1
0.4867792298 1
0.4867795972 1
0.4867799643 1
0.4867803312 1
0.4867806980 1
0.4867810646 1
0.4867814309 1
0.4867817971 1
0.4867821630 1
0.4867825288 1
0.4867828944 1
0.4867832597 1
0.4867836249 1
0.4867839899 1
0.4867843547 1
0.4867847192 1
0.4867850836 1
0.4867854477 1
0.4867858117 1
0.4867861755 1
0.4867865390 1
0.4867869023 1
0.4867872655 1
0.4867876284 1
0.4867879911 1
0.4867883536 1
0.4867887159 1
0.4867890780 1
0.4867894399 1
0.4867898015 1
0.4867901630 1
0.4867905242 1
0.4867908852 1
0.4867912460 1
0.4867916066 1
0.4867919670 1
0.4867923272 1
0.4867926871 1
0.4867930468 1
0.4867934063 1
0.4867937656 1
0.4867941247 1
0.4867944835 1
0.4867948421 1
0.4867952005 1
0.4867955587 1
0.4867959167 1
0.4867962744 1
0.4867966319 1
0.4867969892 1
0.4867973462 1
0.4867977030 1
0.4867980596 1
0.4867984160 1
0.4867987722 1
0.4867991281 1
0.4867994838 1
0.4867998392 1
0.4868001945 1
0.4868005494 1
0.4868009042 1
0.4868012587 1
0.4868016130 1
0.4868019671 1
0.4868023209 1
0.4868026745 1
0.4868030279 1
0.4868033810 1
0.4868037339 1
0.4868040866 1
0.4868044390 1
0.4868047912 1
0.4868051431 1
0.4868054948 1
0.4868058463 1
0.4868061975 1
0.4868065485 1
0.4868068992 1
0.4868072497 1
0.4868075999 1
0.4868079500 1
0.4868082997 1
0.4868086493 1
0.4868089985 1
0.4868093476 1
0.4868096964 1
0.4868100449 1
0.4868103932 1
0.4868107413 1
0.4868110891 1
0.4868114366 1
0.4868117839 1
0.4868121310 1
0.4868124778 1
0.4868128244 1
0.4868131707 1
0.4868135168 1
0.4868138626 1
0.4868142081 1
0.4868145535 1
0.4868148985 1
0.4868152433 1
0.4868155879 1
0.4868159322 1
0.4868162762 1
0.4868166200 1
0.4868169635 1
0.4868173068 1
0.4868176498 1
0.4868179926 1
0.4868183351 1
0.4868186774 1
0.4868190194 1
0.4868193611 1
0.4868197026 1
0.4868200438 1
0.4868203848 1
0.4868207255 1
0.4868210659 1
0.4868214061 1
0.4868217460 1
0.4868220857 1
0.4868224251 1
0.4868227642 1
0.4868231031 1
0.4868234417 1
0.4868237801 1
0.4868241182 1
0.4868244560 1
0.4868247936 1
0.4868251309 1
0.4868254679 1
0.4868258047 1
0.4868261412 1
0.4868264774 1
0.4868268134 1
0.4868271491 1
0.4868274845 1
0.4868278197 1
0.4868281546 1
0.4868284892 1
0.4868288236 1
0.4868291577 1
0.4868294915 1
0.4868298251 1
0.4868301583 1
0.4868304914 1
0.4868308241 1
0.4868311566 1
0.4868314888 1
0.4868318207 1
0.4868321524 1
0.4868324838 1
0.4868328149 1
0.4868331458 1
0.4868334764 1
0.4868338067 1
0.4868341367 1
0.4868344665 1
0.4868347959 1
0.4868351252 1
0.4868354541 1
0.4868357828 1
0.4868361111 1
0.4868364393 1
0.4868367671 1
0.4868370947 1
0.4868374219 1
0.4868377490 1
0.4868380757 1
0.4868384021 1
0.4868387283 1
0.4868390542 1
0.4868393799 1
0.4868397052 1
0.4868400303 1
0.4868403551 1
0.4868406796 1
0.4868410038 1
0.4868413278 1
0.4868416515 1
0.4868419748 1
0.4868422980 1
0.4868426208 1
0.4868429434 1
0.4868432656 1
0.4868435876 1
0.4868439094 1
0.4868442308 1
0.4868445520 1
0.4868448728 1
0.4868451934 1
0.4868455137 1
0.4868458338 1
0.4868461535 1
0.4402563390 0
0.4868464730 1
0.4868467922 1
0.4868471111 1
0.4868474297 1
0.4868477480 1
0.4868480661 1
0.4868483839 1
0.4868487014 1
0.4868490186 1
0.4868493355 1
0.4868496521 1
0.4868499685 1
0.4868502845 1
0.4868506003 1
0.4868509158 1
0.4868512310 1
0.4868515460 1
0.4868518606 1
0.4868521750 1
0.4868524890 1
0.4868528028 1
0.4868531163 1
0.4868534295 1
0.4868537425 1
0.4868540551 1
0.4868543675 1
0.4868546795 1
0.4868549913 1
0.4868553028 1
0.4868556140 1
0.4868559250 1
0.4868562356 1
0.4868565460 1
0.4868568560 1
0.4868571658 1
0.4868574753 1
0.4868577845 1
0.4868580934 1
0.4868584020 1
0.4868587104 1
0.4868590184 1
0.4868593262 1
0.4868596336 1
0.4868599408 1
0.4868602477 1
0.4868605543 1
0.4868608607 1
0.4868611667 1
0.4868614724 1
0.4868617779 1
0.4868620830 1
0.4868623879 1
0.4868626925 1
0.4868629968 1
0.4868633008 1
0.4868636045 1
0.4868639080 1
0.4868642111 1
0.4868645140 1
0.4868648165 1
0.4868651188 1
0.4868654208 1
0.4868657225 1
0.4868660239 1
0.4868663250 1
0.4868666258 1
0.4868669263 1
0.4868672266 1
0.4868675265 1
0.4868678262 1
0.4868681256 1
0.4868684246 1
0.4868687234 1
0.4868690219 1
0.4868693201 1
0.4868696181 1
0.4868699157 1
0.4868702130 1
0.4868705101 1
0.4868708068 1
0.4868711033 1
0.4868713995 1
0.4868716954 1
0.4868719909 1
0.4868722863 1
0.4868725813 1
0.4868728760 1
0.4868731704 1
0.4868734646 1
0.4868737584 1
0.4868740520 1
0.4868743452 1
0.4868746382 1
0.4868749309 1
0.4868752233 1
0.4868755154 1
0.4868758072 1
0.4868760988 1
0.4868763900 1
0.4868766809 1
0.4868769716 1
0.4868772619 1
0.4868775520 1
0.4868778418 1
0.4868781313 1
0.4868784205 1
0.4868787094 1
0.4868789980 1
0.4868792863 1
0.4868795744 1
0.4868798621 1
0.4868801496 1
0.4868804367 1
0.4868807236 1
0.4868810102 1
0.4868812965 1
0.4868815825 1
0.4868818682 1
0.4868821536 1
0.4868824387 1
0.4868827236 1
0.4868830081 1
0.4868832924 1
0.4868835764 1
0.4868838600 1
0.4868841434 1
0.4868844265 1
0.4868847093 1
0.4868849919 1
0.4868852741 1
0.4868855560 1
0.4868858377 1
0.4868861190 1
0.4868864001 1
0.4868866809 1
0.4868869614 1
0.4868872416 1
0.4868875215 1
0.4868878011 1
0.4868880804 1
0.4868883595 1
0.4868886382 1
0.4868889167 1
0.4868891949 1
0.4868894728 1
0.4868897504 1
0.4868900277 1
0.4868903047 1
0.4868905814 1
0.4868908579 1
0.4868911340 1
0.4868914099 1
0.4868916855 1
0.4868919608 1
0.4868922358 1
0.4868925105 1
0.4868927849 1
0.4868930590 1
0.4868933329 1
0.4868936065 1
0.4868938797 1
0.4868941527 1
0.4868944254 1
0.4868946978 1
0.4868949700 1
0.4868952418 1
0.4868955133 1
0.4868957846 1
0.4868960556 1
0.4868963263 1
0.4868965967 1
0.4868968668 1
0.4868971366 1
0.4868974062 1
0.4868976754 1
0.4868979444 1
0.4868982131 1
0.4868984815 1
0.4868987496 1
0.4868990174 1
0.4868992850 1
0.4868995522 1
0.4868998192 1
0.4869000859 1
0.4869003523 1
0.4869006184 1
0.4869008842 1
0.4869011498 1
0.4869014150 1
0.4869016800 1
0.4869019447 1
0.4869022091 1
0.4869024732 1
0.4869027371 1
0.4869030006 1
0.4869032639 1
0.4869035269 1
0.4869037896 1
0.4869040520 1
0.4392753660 0
0.4869043142 1
0.4869045760 1
0.4869048376 1
0.4869050989 1
0.4869053599 1
0.4869056206 1
0.4869058811 1
0.4869061412 1
0.4869064011 1
0.4869066607 1
0.4869069200 1
0.4869071791 1
0.4869074378 1
0.4869076963 1
0.4869079545 1
0.4869082124 1
0.4869084700 1
0.4869087274 1
0.4869089844 1
0.4869092412 1
0.4869094977 1
0.4869097540 1
0.4869100099 1
0.4869102656 1
0.4869105210 1
0.4869107761 1
0.4869110309 1
0.4869112855 1
0.4869115397 1
0.4869117937 1
0.4869120474 1
0.4869123009 1
0.4869125540 1
0.4869128069 1
0.4869130595 1
0.4869133118 1
0.4869135639 1
0.4869138156 1
0.4869140671 1
0.4869143184 1
0.4869145693 1
0.4869148199 1
0.4869150703 1
0.4869153204 1
0.4869155703 1
0.4869158198 1
0.4869160691 1
0.4869163181 1
0.4869165668 1
0.4869168153 1
0.4869170635 1
0.4869173114 1
0.4869175590 1
0.4869178063 1
0.4869180534 1
0.4869183002 1
0.4869185468 1
0.4869187930 1
0.4869190390 1
0.4869192847 1
0.4869195301 1
0.4869197753 1
0.4869200202 1
0.4869202648 1
0.4869205092 1
0.4869207532 1
0.4869209970 1
0.4869212406 1
0.4869214838 1
0.4869217268 1
0.4869219695 1
0.4869222120 1
0.4869224541 1
0.4869226960 1
0.4869229377 1
0.4869231790 1
0.4869234201 1
0.4869236609 1
0.4869239015 1
0.4869241418 1
0.4869243818 1
0.4869246215 1
0.4869248610 1
0.4869251002 1
0.4869253391 1
0.4869255778 1
0.4869258162 1
0.4869260543 1
0.4869262922 1
0.4869265298 1
0.4869267671 1
0.4869270042 1
0.4869272410 1
0.4869274775 1
0.4869277138 1
0.4869279498 1
0.4869281855 1
0.4869284210 1
0.4869286562 1
0.4869288911 1
0.4869291258 1
0.4869293602 1
0.4869295943 1
0.4869298282 1
0.4869300618 1
0.4869302951 1
0.4869305282 1
0.4869307610 1
0.4869309936 1
0.4869312259 1
0.4869314579 1
0.4869316897 1
0.4869319212 1
0.4869321524 1
0.4869323834 1
0.4869326141 1
0.4869328445 1
0.4869330747 1
0.4869333047 1
0.4869335343 1
0.4869337637 1
0.4869339929 1
0.4869342218 1
0.4869344504 1
0.4869346788 1
0.4869349069 1
0.4869351347 1
0.4869353623 1
0.4869355896 1
0.4869358167 1
0.4869360435 1
0.4869362701 1
0.4869364964 1
0.4869367224 1
0.4869369482 1
0.4869371737 1
0.4869373990 1
0.4869376240 1
0.4869378488 1
0.4869380733 1
0.4869382975 1
0.4869385215 1
0.4869387452 1
0.4869389687 1
0.4869391919 1
0.4869394149 1
0.4869396376 1
0.4869398600 1
0.4869400822 1
0.4869403042 1
0.4869405259 1
0.4869407473 1
0.4869409685 1
0.4869411894 1
0.4869414101 1
0.4869416305 1
0.4869418507 1
0.4869420706 1
0.4869422903 1
0.4869425097 1
0.4869427288 1
0.4869429478 1
0.4869431664 1
0.4869433848 1
0.4869436030 1
0.4869438209 1
0.4869440386 1
0.4869442560 1
0.4869444731 1
0.4869446900 1
0.4869449067 1
0.4869451231 1
0.4869453393 1
0.4869455552 1
0.4869457709 1
0.4869459863 1
0.4869462015 1
0.4869464164 1
0.4869466311 1
0.4869468455 1
0.4869470597 1
0.4869472736 1
0.4869474873 1
0.4869477007 1
0.4869479139 1
0.4869481269 1
0.4869483396 1
0.4869485521 1
0.4869487643 1
0.4869489763 1
0.4869491880 1
0.4869493995 1
0.4869496107 1
0.4869498217 1
0.4869500325 1
0.4869502430 1
0.4869504533 1
0.4869506633 1
0.4869508731 1
0.4385149799 0
0.4869510826 1
0.4869512919 1
0.4869515010 1
0.4869517098 1
0.4869519184 1
0.4869521267 1
0.4869523348 1
0.4869525427 1
0.4869527503 1
0.4869529577 1
0.4869531648 1
0.4869533717 1
0.4869535784 1
0.4869537848 1
0.4869539910 1
0.4869541969 1
0.4869544026 1
0.4869546081 1
0.4869548133 1
0.4869550183 1
0.4869552231 1
0.4869554276 1
0.4869556319 1
0.4869558359 1
0.4869560398 1
0.4869562433 1
0.4869564467 1
0.4869566498 1
0.4869568527 1
0.4869570553 1
0.4869572577 1
0.4869574599 1
0.4869576618 1
0.4869578635 1
0.4869580650 1
0.4869582662 1
0.4869584672 1
0.4869586680 1
0.4869588685 1
0.4869590688 1
0.4869592689 1
0.4869594687 1
0.4869596683 1
0.4869598677 1
0.4869600668 1
0.4869602658 1
0.4869604644 1
0.4869606629 1
0.4869608611 1
0.4869610591 1
0.4869612569 1
0.4869614544 1
0.4869616517 1
0.4869618488 1
0.4869620457 1
0.4869622423 1
0.4869624387 1
0.4869626349 1
0.4869628308 1
0.4869630265 1
0.4869632220 1
0.4869634173 1
0.4869636123 1
0.4869638071 1
0.4869640017 1
0.4869641961 1
0.4869643902 1
0.4869645841 1
0.4869647778 1
0.4869649712 1
0.4869651645 1
0.4869653575 1
0.4869655503 1
0.4869657428 1
0.4869659352 1
0.4869661273 1
0.4869663192 1
0.4869665109 1
0.4869667023 1
0.4869668936 1
0.4869670846 1
0.4869672754 1
0.4869674659 1
0.4869676563 1
0.4869678464 1
0.4869680363 1
0.4869682260 1
0.4869684154 1
0.4869686047 1
0.4869687937 1
0.4869689825 1
0.4869691711 1
0.4869693595 1
0.4869695476 1
0.4869697356 1
0.4869699233 1
0.4869701108 1
0.4869702980 1
0.4869704851 1
0.4869706720 1
0.4869708586 1
0.4869710450 1
0.4869712312 1
0.4869714172 1
0.4869716030 1
0.4869717885 1
0.4869719738 1
0.4869721590 1
0.4869723439 1
0.4869725286 1
0.4869727130 1
0.4869728973 1
0.4869730814 1
0.4869732652 1
0.4869734488 1
0.4869736323 1
0.4869738155 1
0.4869739984 1
0.4869741812 1
0.4869743638 1
0.4869745461 1
0.4869747283 1
0.4869749102 1
0.4869750919 1
0.4869752735 1
0.4869754548 1
0.4869756359 1
0.4869758167 1
0.4869759974 1
0.4869761779 1
0.4869763581 1
0.4869765382 1
0.4869767180 1
0.4869768977 1
0.4869770771 1
0.4869772563 1
0.4869774353 1
0.4869776141 1
0.4869777927 1
0.4869779711 1
0.4869781493 1
0.4869783273 1
0.4869785050 1
0.4869786826 1
0.4869788600 1
0.4869790371 1
0.4869792141 1
0.4869793908 1
0.4869795674 1
0.4869797437 1
0.4869799198 1
0.4869800958 1
0.4869802715 1
0.4869804470 1
0.4869806224 1
0.4869807975 1
0.4869809724 1
0.4869811471 1
0.4869813216 1
0.4869814960 1
0.4869816701 1
0.4869818440 1
0.4869820177 1
0.4869821912 1
0.4869823645 1
0.4869825376 1
0.4869827105 1
0.4869828833 1
0.4869830558 1
0.4869832281 1
0.4869834002 1
0.4869835721 1
0.4869837438 1
0.4869839154 1
0.4869840867 1
0.4869842578 1
0.4869844288 1
0.4869845995 1
0.4869847700 1
0.4869849404 1
0.4869851105 1
0.4869852805 1
0.4869854502 1
0.4869856198 1
0.4869857891 1
0.4869859583 1
0.4869861273 1
0.4869862961 1
0.4869864646 1
0.4869866330 1
0.4869868012 1
0.4869869692 1
0.4869871371 1
0.4869873047 1
0.4869874721 1
0.4869876393 1
0.4869878064 1
0.4869879732 1
0.4869881399 1
0.4379071863 0
0.4869883064 1
0.4869884726 1
0.4869886387 1
0.4869888046 1
0.4869889703 1
0.4869891358 1
0.4869893012 1
0.4869894663 1
0.4869896312 1
0.4869897960 1
0.4869899606 1
0.4869901249 1
0.4869902891 1
0.4869904531 1
0.4869906170 1
0.4869907806 1
0.4869909440 1
0.4869911073 1
0.4869912703 1
0.4869914332 1
0.4869915959 1
0.4869917584 1
0.4869919207 1
0.4869920829 1
0.4869922448 1
0.4869924066 1
0.4869925682 1
0.4869927296 1
0.4869928908 1
0.4869930518 1
0.4869932126 1
0.4869933733 1
0.4869935338 1
0.4869936941 1
0.4869938542 1
0.4869940141 1
0.4869941739 1
0.4869943334 1
0.4869944928 1
0.4869946520 1
0.4869948110 1
0.4869949698 1
0.4869951285 1
0.4869952870 1
0.4869954453 1
0.4869956034 1
0.4869957613 1
0.4869959191 1
0.4869960766 1
0.4869962340 1
0.4869963912 1
0.4869965483 1
0.4869967051 1
0.4869968618 1
0.4869970183 1
0.4869971746 1
0.4869973308 1
0.4869974867 1
0.4869976425 1
0.4869977981 1
0.4869979536 1
0.4869981088 1
0.4869982639 1
0.4869984188 1
0.4869985736 1
0.4869987281 1
0.4869988825 1
0.4869990367 1
0.4869991907 1
0.4869993446 1
0.4869994983 1
0.4869996518 1
0.4869998051 1
0.4869999582 1
0.4870001112 1
0.4870002640 1
0.4870004167 1
0.4870005691 1
0.4870007214 1
0.4870008736 1
0.4870010255 1
0.4870011773 1
0.4870013289 1
0.4870014803 1
0.4870016316 1
0.4870017827 1
0.4870019336 1
0.4870020843 1
0.4870022349 1
0.4870023853 1
0.4870025356 1
0.4870026856 1
0.4870028356 1
0.4870029853 1
0.4870031348 1
0.4870032842 1
0.4870034335 1
0.4870035825 1
0.4870037314 1
0.4870038801 1
0.4870040287 1
0.4870041771 1
0.4870043253 1
0.4870044733 1
0.4870046212 1
0.4870047690 1
0.4870049165 1
0.4870050639 1
0.4870052111 1
0.4870053582 1
0.4870055051 1
0.4870056518 1
0.4870057984 1
0.4870059448 1
0.4870060910 1
0.4870062371 1
0.4870063830 1
0.4870065287 1
0.4870066743 1
0.4870068197 1
0.4870069649 1
0.4870071100 1
0.4870072550 1
0.4870073997 1
0.4870075443 1
0.4870076888 1
0.4870078330 1
0.4870079772 1
0.4870081211 1
0.4870082649 1
0.4870084085 1
0.4870085520 1
0.4870086953 1
0.4870088385 1
0.4870089815 1
0.4870091243 1
0.4870092670 1
0.4870094095 1
0.4870095518 1
0.4870096940 1
0.4870098361 1
0.4870099779 1
0.4870101197 1
0.4870102612 1
0.4870104026 1
0.4870105439 1
0.4870106850 1
0.4870108259 1
0.4870109667 1
0.4870111073 1
0.4870112478 1
0.4870113881 1
0.4870115282 1
0.4870116682 1
0.4870118081 1
0.4870119477 1
0.4870120873 1
0.4870122266 1
0.4870123659 1
0.4870125049 1
0.4870126438 1
0.4870127826 1
0.4870129212 1
0.4870130596 1
0.4870131979 1
0.4870133361 1
0.4870134741 1
0.4870136119 1
0.4870137496 1
0.4870138871 1
0.4870140245 1
0.4870141617 1
0.4870142988 1
0.4870144357 1
0.4870145725 1
0.4870147091 1
0.4870148456 1
0.4870149819 1
0.4870151180 1
0.4870152541 1
0.4870153899 1
0.4870155256 1
0.4870156612 1
0.4870157966 1
0.4870159319 1
0.4870160670 1
0.4870162020 1
0.4870163368 1
0.4870164715 1
0.4870166060 1
0.4870167404 1
0.4870168746 1
0.4870170087 1
0.4870171426 1
0.4870172764 1
0.4870174101 1
0.4870175435 1
0.4870176769 1
0.4870178101 1
0.4374007976 0
0.4870179431 1
0.4870180761 1
0.4870182088 1
0.4870183414 1
0.4870184739 1
0.4870186062 1
0.4870187384 1
0.4870188704 1
0.4870190023 1
0.4870191341 1
0.4870192657 1
0.4870193971 1
0.4870195284 1
0.4870196596 1
0.4870197906 1
0.4870199215 1
0.4870200523 1
0.4870201829 1
0.4870203133 1
0.4870204436 1
0.4870205738 1
0.4870207038 1
0.4870208337 1
0.4870209635 1
0.4870210931 1
0.4870212225 1
0.4870213518 1
0.4870214810 1
0.4870216101 1
0.4870217390 1
0.4870218677 1
0.4870219963 1
0.4870221248 1
0.4870222532 1
0.4870223814 1
0.4870225094 1
0.4870226373 1
0.4870227651 1
0.4870228928 1
0.4870230203 1
0.4870231476 1
0.4870232749 1
0.4870234019 1
0.4870235289 1
0.4870236557 1
0.4870237824 1
0.4870239089 1
0.4870240353 1
0.4870241616 1
0.4870242877 1
0.4870244137 1
0.4870245396 1
0.4870246653 1
0.4870247909 1
0.4870249163 1
0.4870250416 1
0.4870251668 1
0.4870252919 1
0.4870254168 1
0.4870255415 1
0.4870256662 1
0.4870257907 1
0.4870259151 1
0.4870260393 1
0.4870261634 1
0.4870262874 1
0.4870264112 1
0.4870265349 1
0.4870266585 1
0.4870267819 1
0.4870269052 1
0.4870270284 1
0.4870271514 1
0.4870272743 1
0.4870273971 1
0.4870275197 1
0.4870276422 1
0.4870277646 1
0.4870278869 1
0.4870280090 1
0.4870281310 1
0.4870282528 1
0.4870283745 1
0.4870284961 1
0.4870286176 1
0.4870287389 1
0.4870288601 1
0.4870289812 1
0.4870291021 1
0.4870292230 1
0.4870293436 1
0.4870294642 1
0.4870295846 1
0.4870297049 1
0.4870298251 1
0.4870299451 1
0.4870300651 1
0.4870301848 1
0.4870303045 1
0.4870304240 1
0.4870305434 1
0.4870306627 1
0.4870307819 1
0.4870309009 1
0.4870310198 1
0.4870311386 1
0.4870312572 1
0.4870313757 1
0.4870314941 1
0.4870316124 1
0.4870317305 1
0.4870318485 1
0.4870319664 1
0.4870320842 1
0.4870322018 1
0.4870323193 1
0.4870324367 1
0.4870325540 1
0.4870326711 1
0.4870327881 1
0.4870329050 1
0.4870330218 1
0.4870331385 1
0.4870332550 1
0.4870333714 1
0.4870334877 1
0.4870336038 1
0.4870337198 1
0.4870338358 1
0.4870339515 1
0.4870340672 1
0.4870341827 1
0.4870342982 1
0.4870344135 1
0.4870345286 1
0.4870346437 1
0.4870347586 1
0.4870348734 1
0.4870349881 1
0.4870351027 1
0.4870352172 1
0.4870353315 1
0.4870354457 1
0.4870355598 1
0.4870356738 1
0.4870357876 1
0.4870359013 1
0.4870360150 1
0.4870361284 1
0.4870362418 1
0.4870363551 1
0.4870364682 1
0.4870365812 1
0.4870366941 1
0.4870368069 1
0.4870369196 1
0.4870370321 1
0.4870371445 1
0.4870372569 1
0.4870373690 1
0.4870374811 1
0.4870375931 1
0.4870377049 1
0.4870378166 1
0.4870379283 1
0.4870380397 1
0.4870381511 1
0.4870382624 1
0.4870383735 1
0.4870384845 1
0.4870385955 1
0.4870387063 1
0.4870388169 1
0.4870389275 1
0.4870390379 1
0.4870391483 1
0.4870392585 1
0.4870393686 1
0.4870394786 1
0.4870395885 1
0.4870396982 1
0.4870398079 1
0.4870399174 1
0.4870400268 1
0.4870401361 1
0.4870402453 1
0.4870403544 1
0.4870404634 1
0.4870405722 1
0.4870406810 1
0.4870407896 1
0.4870408981 1
0.4870410065 1
0.4870411148 1
0.4870412230 1
0.4870413311 1
0.4870414390 1
0.4870415469 1
0.4870416546 1
0.4369598106 0
0.4870417623 1
0.4870418698 1
0.4870419772 1
0.4870420845 1
0.4870421916 1
0.4870422987 1
0.4870424057 1
0.4870425125 1
0.4870426193 1
0.4870427259 1
0.4870428324 1
0.4870429388 1
0.4870430451 1
0.4870431513 1
0.4870432574 1
0.4870433634 1
0.4870434692 1
0.4870435750 1
0.4870436806 1
0.4870437862 1
0.4870438916 1
0.4870439969 1
0.4870441021 1
0.4870442072 1
0.4870443122 1
0.4870444171 1
0.4870445219 1
0.4870446266 1
0.4870447312 1
0.4870448356 1
0.4870449400 1
0.4870450442 1
0.4870451484 1
0.4870452524 1
0.4870453564 1
0.4870454602 1
0.4870455639 1
0.4870456675 1
0.4870457710 1
0.4870458744 1
0.4870459777 1
0.4870460809 1
0.4870461840 1
0.4870462870 1
0.4870463898 1
0.4870464926 1
0.4870465953 1
0.4870466978 1
0.4870468003 1
0.4870469027 1
0.4870470049 1
0.4870471071 1
0.4870472091 1
0.4870473110 1
0.4870474129 1
0.4870475146 1
0.4870476162 1
0.4870477178 1
0.4870478192 1
0.4870479205 1
0.4870480217 1
0.4870481228 1
0.4870482238 1
0.4870483248 1
0.4870484256 1
0.4870485263 1
0.4870486269 1
0.4870487274 1
0.4870488278 1
0.4870489281 1
0.4870490283 1
0.4870491284 1
0.4870492284 1
0.4870493283 1
0.4870494281 1
0.4870495278 1
0.4870496274 1
0.4870497269 1
0.4870498263 1
0.4870499255 1
0.4870500247 1
0.4870501238 1
0.4870502228 1
0.4870503217 1
0.4870504205 1
0.4870505192 1
0.4870506178 1
0.4870507163 1
0.4870508147 1
0.4870509130 1
0.4870510112 1
0.4870511093 1
0.4870512073 1
0.4870513052 1
0.4870514030 1
0.4870515008 1
0.4870515984 1
0.4870516959 1
0.4870517933 1
0.4870518906 1
0.4870519878 1
0.4870520850 1
0.4870521820 1
0.4870522789 1
0.4870523758 1
0.4870524725 1
0.4870525691 1
0.4870526657 1
0.4870527621 1
0.4870528585 1
0.4870529547 1
0.4870530509 1
0.4870531470 1
0.4870532429 1
0.4870533388 1
0.4870534346 1
0.4870535303 1
0.4870536259 1
0.4870537214 1
0.4870538168 1
0.4870539121 1
0.4870540073 1
0.4870541024 1
0.4870541974 1
0.4870542923 1
0.4870543871 1
0.4870544819 1
0.4870545765 1
0.4870546711 1
0.4870547655 1
0.4870548599 1
0.4870549542 1
0.4870550483 1
0.4870551424 1
0.4870552364 1
0.4870553303 1
0.4870554241 1
0.4870555178 1
0.4870556114 1
0.4870557050 1
0.4870557984 1
0.4870558917 1
0.4870559850 1
0.4870560781 1
0.4870561712 1
0.4870562642 1
0.4870563570 1
0.4870564498 1
0.4870565425 1
0.4870566351 1
0.4870567276 1
0.4870568201 1
0.4870569124 1
0.4870570046 1
0.4870570968 1
0.4870571888 1
0.4870572808 1
0.4870573727 1
0.4870574645 1
0.4870575562 1
0.4870576478 1
0.4870577393 1
0.4870578307 1
0.4870579221 1
0.4870580133 1
0.4870581045 1
0.4870581956 1
0.4870582865 1
0.4870583774 1
0.4870584682 1
0.4870585589 1
0.4870586496 1
0.4870587401 1
0.4870588305 1
0.4870589209 1
0.4870590112 1
0.4870591014 1
0.4870591915 1
0.4870592815 1
0.4870593714 1
0.4870594612 1
0.4870595509 1
0.4870596406 1
0.4870597302 1
0.4870598197 1
0.4870599090 1
0.4870599983 1
0.4870600876 1
0.4870601767 1
0.4870602657 1
0.4870603547 1
0.4870604436 1
0.4870605324 1
0.4870606211 1
0.4870607097 1
0.4870607982 1
0.4870608866 1
0.4870609750 1
0.4870610633 1
0.4365600953 0
0.4870611514 1
0.4870612395 1
0.4870613275 1
0.4870614155 1
0.4870615033 1
0.4870615911 1
0.4870616787 1
0.4870617663 1
0.4870618538 1
0.4870619412 1
0.4870620286 1
0.4870621158 1
0.4870622030 1
0.4870622900 1
0.4870623770 1
0.4870624639 1
0.4870625508 1
0.4870626375 1
0.4870627242 1
0.4870628107 1
0.4870628972 1
0.4870629836 1
0.4870630700 1
0.4870631562 1
0.4870632424 1
0.4870633284 1
0.4870634144 1
0.4870635003 1
0.4870635861 1
0.4870636719 1
0.4870637575 1
0.4870638431 1
0.4870639286 1
0.4870640140 1
0.4870640994 1
0.4870641846 1
0.4870642698 1
0.4870643548 1
0.4870644398 1
0.4870645248 1
0.4870646096 1
0.4870646944 1
0.4870647790 1
0.4870648636 1
0.4870649481 1
0.4870650326 1
0.4870651169 1
0.4870652012 1
0.4870652854 1
0.4870653695 1
0.4870654535 1
0.4870655374 1
0.4870656213 1
0.4870657051 1
0.4870657888 1
0.4870658724 1
0.4870659560 1
0.4870660394 1
0.4870661228 1
0.4870662061 1
0.4870662893 1
0.4870663725 1
0.4870664556 1
0.4870665385 1
0.4870666215 1
0.4870667043 1
0.4870667870 1
0.4870668697 1
0.4870669523 1
0.4870670348 1
0.4870671172 1
0.4870671996 1
0.4870672819 1
0.4870673641 1
0.4870674462 1
0.4870675282 1
0.4870676102 1
0.4870676921 1
0.4870677739 1
0.4870678556 1
0.4870679373 1
0.4870680188 1
0.4870681003 1
0.4870681817 1
0.4870682631 1
0.4870683443 1
0.4870684255 1
0.4870685066 1
0.4870685877 1
0.4870686686 1
0.4870687495 1
0.4870688303 1
0.4870689110 1
0.4870689917 1
0.4870690723 1
0.4870691527 1
0.4870692332 1
0.4870693135 1
0.4870693938 1
0.4870694740 1
0.4870695541 1
0.4870696341 1
0.4870697141 1
0.4870697940 1
0.4870698738 1
0.4870699535 1
0.4870700332 1
0.4870701128 1
0.4870701923 1
0.4870702717 1
0.4870703511 1
0.4870704303 1
0.4870705096 1
0.4870705887 1
0.4870706677 1
0.4870707467 1
0.4870708256 1
0.4870709045 1
0.4870709832 1
0.4870710619 1
0.4870711405 1
0.4870712191 1
0.4870712975 1
0.4870713759 1
0.4870714542 1
0.4870715325 1
0.4870716107 1
0.4870716888 1
0.4870717668 1
0.4870718447 1
0.4870719226 1
0.4870720004 1
0.4870720781 1
0.4870721558 1
0.4870722334 1
0.4870723109 1
0.4870723883 1
0.4870724657 1
0.4870725430 1
0.4870726202 1
0.4870726973 1
0.4870727744 1
0.4870728514 1
0.4870729283 1
0.4870730052 1
0.4870730820 1
0.4870731587 1
0.4870732353 1
0.4870733119 1
0.4870733884 1
0.4870734648 1
0.4870735412 1
0.4870736174 1
0.4870736936 1
0.4870737698 1
0.4870738459 1
0.4870739219 1
0.4870739978 1
0.4870740736 1
0.4870741494 1
0.4870742251 1
0.4870743008 1
0.4870743763 1
0.4870744518 1
0.4870745273 1
0.4870746026 1
0.4870746779 1
0.4870747531 1
0.4870748283 1
0.4870749033 1
0.4870749783 1
0.4870750533 1
0.4870751282 1
0.4870752029 1
0.4870752777 1
0.4870753523 1
0.4870754269 1
0.4870755014 1
0.4870755759 1
0.4870756503 1
0.4870757246 1
0.4870757988 1
0.4870758730 1
0.4870759471 1
0.4870760211 1
0.4870760951 1
0.4870761690 1
0.4870762428 1
0.4870763166 1
0.4870763902 1
0.4870764639 1
0.4870765374 1
0.4870766109 1
0.4870766843 1
0.4870767577 1
0.4870768309 1
0.4870769041 1
0.4870769773 1
0.4870770504 1
0.4361860260 0
0.4870771234 1
0.4870771963 1
0.4870772692 1
0.4870773420 1
0.4870774147 1
0.4870774874 1
0.4870775600 1
0.4870776325 1
0.4870777050 1
0.4870777774 1
0.4870778497 1
0.4870779219 1
0.4870779941 1
0.4870780663 1
0.4870781383 1
0.4870782103 1
0.4870782823 1
0.4870783541 1
0.4870784259 1
0.4870784976 1
0.4870785693 1
0.4870786409 1
0.4870787124 1
0.4870787839 1
0.4870788553 1
0.4870789266 1
0.4870789979 1
0.4870790691 1
0.4870791402 1
0.4870792113 1
0.4870792823 1
0.4870793532 1
0.4870794241 1
0.4870794949 1
0.4870795656 1
0.4870796363 1
0.4870797069 1
0.4870797774 1
0.4870798479 1
0.4870799183 1
0.4870799887 1
0.4870800590 1
0.4870801292 1
0.4870801993 1
0.4870802694 1
0.4870803394 1
0.4870804094 1
0.4870804793 1
0.4870805491 1
0.4870806189 1
0.4870806886 1
0.4870807582 1
0.4870808278 1
0.4870808973 1
0.4870809667 1
0.4870810361 1
0.4870811054 1
0.4870811747 1
0.4870812438 1
0.4870813130 1
0.4870813820 1
0.4870814510 1
0.4870815200 1
0.4870815888 1
0.4870816576 1
0.4870817264 1
0.4870817950 1
0.4870818637 1
0.4870819322 1
0.4870820007 1
0.4870820691 1
0.4870821375 1
0.4870822058 1
0.4870822740 1
0.4870823422 1
0.4870824103 1
0.4870824783 1
0.4870825463 1
0.4870826142 1
0.4870826821 1
0.4870827499 1
0.4870828176 1
0.4870828853 1
0.4870829529 1
0.4870830205 1
0.4870830880 1
0.4870831554 1
0.4870832227 1
0.4870832900 1
0.4870833573 1
0.4870834245 1
0.4870834916 1
0.4870835586 1
0.4870836256 1
0.4870836925 1
0.4870837594 1
0.4870838262 1
0.4870838930 1
0.4870839596 1
0.4870840263 1
0.4870840928 1
0.4870841593 1
0.4870842258 1
0.4870842921 1
0.4870843585 1
0.4870844247 1
0.4870844909 1
0.4870845570 1
0.4870846231 1
0.4870846891 1
0.4870847551 1
0.4870848210 1
0.4870848868 1
0.4870849526 1
0.4870850183 1
0.4870850839 1
0.4870851495 1
0.4870852150 1
0.4870852805 1
0.4870853459 1
0.4870854113 1
0.4870854766 1
0.4870855418 1
0.4870856070 1
0.4870856721 1
0.4870857371 1
0.4870858021 1
0.4870858670 1
0.4870859319 1
0.4870859967 1
0.4870860615 1
0.4870861262 1
0.4870861908 1
0.4870862554 1
0.4870863199 1
0.4870863844 1
0.4870864487 1
0.4870865131 1
0.4870865774 1
0.4870866416 1
0.4870867057 1
0.4870867698 1
0.4870868339 1
0.4870868979 1
0.4870869618 1
0.4870870257 1
0.4870870895 1
0.4870871532 1
0.4870872169 1
0.4870872806 1
0.4870873441 1
0.4870874076 1
0.4870874711 1
0.4870875345 1
0.4870875979 1
0.4870876611 1
0.4870877244 1
0.4870877875 1
0.4870878506 1
0.4870879137 1
0.4870879767 1
0.4870880396 1
0.4870881025 1
0.4870881653 1
0.4870882281 1
0.4870882908 1
0.4870883535 1
0.4870884160 1
0.4870884786 1
0.4870885411 1
0.4870886035 1
0.4870886658 1
0.4870887282 1
0.4870887904 1
0.4870888526 1
0.4870889147 1
0.4870889768 1
0.4870890388 1
0.4870891008 1
0.4870891627 1
0.4870892246 1
0.4870892864 1
0.4870893481 1
0.4870894098 1
0.4870894714 1
0.4870895330 1
0.4870895945 1
0.4870896559 1
0.4870897173 1
0.4870897787 1
0.4870898400 1
0.4870899012 1
0.4870899624 1
0.4870900235 1
0.4870900846 1
0.4870901456 1
0.4870902065 1
0.4870902674 1
0.4870903283 1
0.4358277117 0
0.4870903890 1
0.4870904498 1
0.4870905104 1
0.4870905711 1
0.4870906316 1
0.4870906921 1
0.4870907526 1
0.4870908130 1
0.4870908733 1
0.4870909336 1
0.4870909938 1
0.4870910540 1
0.4870911141 1
0.4870911742 1
0.4870912342 1
0.4870912942 1
0.4870913541 1
0.4870914139 1
0.4870914737 1
0.4870915334 1
0.4870915931 1
0.4870916527 1
0.4870917123 1
0.4870917718 1
0.4870918313 1
0.4870918907 1
0.4870919501 1
0.4870920094 1
0.4870920686 1
0.4870921278 1
0.4870921869 1
0.4870922460 1
0.4870923050 1
0.4870923640 1
0.4870924229 1
0.4870924818 1
0.4870925406 1
0.4870925994 1
0.4870926581 1
0.4870927167 1
0.4870927753 1
0.4870928339 1
0.4870928924 1
0.4870929508 1
0.4870930092 1
0.4870930675 1
0.4870931258 1
0.4870931840 1
0.4870932422 1
0.4870933003 1
0.4870933583 1
0.4870934164 1
0.4870934743 1
0.4870935322 1
0.4870935901 1
0.4870936479 1
0.4870937056 1
0.4870937633 1
0.4870938209 1
0.4870938785 1
0.4870939360 1
0.4870939935 1
0.4870940509 1
0.4870941083 1
0.4870941656 1
0.4870942229 1
0.4870942801 1
0.4870943373 1
0.4870943944 1
0.4870944515 1
0.4870945085 1
0.4870945654 1
0.4870946223 1
0.4870946792 1
0.4870947360 1
0.4870947927 1
0.4870948494 1
0.4870949060 1
0.4870949626 1
0.4870950192 1
0.4870950756 1
0.4870951321 1
0.4870951885 1
0.4870952448 1
0.4870953011 1
0.4870953573 1
0.4870954135 1
0.4870954696 1
0.4870955257 1
0.4870955817 1
0.4870956376 1
0.4870956936 1
0.4870957494 1
0.4870958052 1
0.4870958610 1
0.4870959167 1
0.4870959724 1
0.4870960280 1
0.4870960835 1
0.4870961390 1
0.4870961945 1
0.4870962499 1
0.4870963052 1
0.4870963605 1
0.4870964158 1
0.4870964710 1
0.4870965261 1
0.4870965812 1
0.4870966363 1
0.4870966913 1
0.4870967462 1
0.4870968011 1
0.4870968560 1
0.4870969108 1
0.4870969655 1
0.4870970202 1
0.4870970748 1
0.4870971294 1
0.4870971840 1
0.4870972385 1
0.4870972929 1
0.4870973473 1
0.4870974016 1
0.4870974559 1
0.4870975102 1
0.4870975643 1
0.4870976185 1
0.4870976726 1
0.4870977266 1
0.4870977806 1
0.4870978345 1
0.4870978884 1
0.4870979423 1
0.4870979961 1
0.4870980498 1
0.4870981035 1
0.4870981571 1
0.4870982107 1
0.4870982643 1
0.4870983178 1
0.4870983712 1
0.4870984246 1
0.4870984779 1
0.4870985312 1
0.4870985845 1
0.4870986377 1
0.4870986908 1
0.4870987439 1
0.4870987970 1
0.4870988500 1
0.4870989029 1
0.4870989558 1
0.4870990087 1
0.4870990615 1
0.4870991142 1
0.4870991669 1
0.4870992196 1
0.4870992722 1
0.4870993248 1
0.4870993773 1
0.4870994297 1
0.4870994821 1
0.4870995345 1
0.4870995868 1
0.4870996391 1
0.4870996913 1
0.4870997435 1
0.4870997956 1
0.4870998477 1
0.4870998997 1
0.4870999517 1
0.4871000036 1
0.4871000555 1
0.4871001073 1
0.4871001591 1
0.4871002108 1
0.4871002625 1
0.4871003141 1
0.4871003657 1
0.4871004173 1
0.4871004688 1
0.4871005202 1
0.4871005716 1
0.4871006229 1
0.4871006743 1
0.4871007255 1
0.4871007767 1
0.4871008279 1
0.4871008790 1
0.4871009300 1
0.4871009811 1
0.4871010320 1
0.4871010829 1
0.4871011338 1
0.4871011846 1
0.4871012354 1
0.4871012862 1
0.4871013368 1
0.4871013875 1
0.4354789570 0
0.4871014381 1
0.4871014886 1
0.4871015391 1
0.4871015895 1
0.4871016399 1
0.4871016903 1
0.4871017406 1
0.4871017908 1
0.4871018411 1
0.4871018912 1
0.4871019413 1
0.4871019914 1
0.4871020414 1
0.4871020914 1
0.4871021413 1
0.4871021912 1
0.4871022410 1
0.4871022908 1
0.4871023406 1
0.4871023903 1
0.4871024399 1
0.4871024895 1
0.4871025391 1
0.4871025886 1
0.4871026380 1
0.4871026875 1
0.4871027368 1
0.4871027861 1
0.4871028354 1
0.4871028847 1
0.4871029338 1
0.4871029830 1
0.4871030321 1
0.4871030811 1
0.4871031301 1
0.4871031791 1
0.4871032280 1
0.4871032768 1
0.4871033256 1
0.4871033744 1
0.4871034231 1
0.4871034718 1
0.4871035204 1
0.4871035690 1
0.4871036175 1
0.4871036660 1
0.4871037145 1
0.4871037629 1
0.4871038112 1
0.4871038595 1
0.4871039078 1
0.4871039560 1
0.4871040042 1
0.4871040523 1
0.4871041004 1
0.4871041484 1
0.4871041964 1
0.4871042444 1
0.4871042923 1
0.4871043401 1
0.4871043879 1
0.4871044357 1
0.4871044834 1
0.4871045311 1
0.4871045787 1
0.4871046263 1
0.4871046738 1
0.4871047213 1
0.4871047687 1
0.4871048161 1
0.4871048635 1
0.4871049108 1
0.4871049581 1
0.4871050053 1
0.4871050525 1
0.4871050996 1
0.4871051467 1
0.4871051937 1
0.4871052407 1
0.4871052877 1
0.4871053346 1
0.4871053814 1
0.4871054282 1
0.4871054750 1
0.4871055217 1
0.4871055684 1
0.4871056151 1
0.4871056616 1
0.4871057082 1
0.4871057547 1
0.4871058012 1
0.4871058476 1
0.4871058939 1
0.4871059403 1
0.4871059865 1
0.4871060328 1
0.4871060790 1
0.4871061251 1
0.4871061712 1
0.4871062173 1
0.4871062633 1
0.4871063093 1
0.4871063552 1
0.4871064011 1
0.4871064469 1
0.4871064927 1
0.4871065385 1
0.4871065842 1
0.4871066298 1
0.4871066754 1
0.4871067210 1
0.4871067665 1
0.4871068120 1
0.4871068575 1
0.4871069029 1
0.4871069482 1
0.4871069935 1
0.4871070388 1
0.4871070840 1
0.4871071292 1
0.4871071743 1
0.4871072194 1
0.4871072645 1
0.4871073095 1
0.4871073544 1
0.4871073994 1
0.4871074442 1
0.4871074891 1
0.4871075339 1
0.4871075786 1
0.4871076233 1
0.4871076680 1
0.4871077126 1
0.4871077571 1
0.4871078017 1
0.4871078461 1
0.4871078906 1
0.4871079350 1
0.4871079793 1
0.4871080236 1
0.4871080679 1
0.4871081121 1
0.4871081563 1
0.4871082005 1
0.4871082446 1
0.4871082886 1
0.4871083326 1
0.4871083766 1
0.4871084205 1
0.4871084644 1
0.4871085082 1
0.4871085520 1
0.4871085958 1
0.4871086395 1
0.4871086831 1
0.4871087268 1
0.4871087703 1
0.4871088139 1
0.4871088574 1
0.4871089008 1
0.4871089442 1
0.4871089876 1
0.4871090309 1
0.4871090742 1
0.4871091174 1
0.4871091606 1
0.4871092038 1
0.4871092469 1
0.4871092900 1
0.4871093330 1
0.4871093760 1
0.4871094189 1
0.4871094618 1
0.4871095047 1
0.4871095475 1
0.4871095903 1
0.4871096330 1
0.4871096757 1
0.4871097183 1
0.4871097609 1
0.4871098035 1
0.4871098460 1
0.4871098885 1
0.4871099309 1
0.4871099733 1
0.4871100157 1
0.4871100580 1
0.4871101003 1
0.4871101425 1
0.4871101847 1
0.4871102268 1
0.4871102689 1
0.4871103110 1
0.4871103530 1
0.4871103950 1
0.4871104369 1
0.4871104788 1
0.4871105206 1
0.4871105624 1
0.4351358598 0
0.4871106042 1
0.4871106459 1
0.4871106876 1
0.4871107292 1
0.4871107708 1
0.4871108124 1
0.4871108539 1
0.4871108954 1
0.4871109368 1
0.4871109782 1
0.4871110196 1
0.4871110609 1
0.4871111021 1
0.4871111434 1
0.4871111845 1
0.4871112257 1
0.4871112668 1
0.4871113078 1
0.4871113489 1
0.4871113898 1
0.4871114308 1
0.4871114717 1
0.4871115125 1
0.4871115533 1
0.4871115941 1
0.4871116348 1
0.4871116755 1
0.4871117162 1
0.4871117568 1
0.4871117973 1
0.4871118379 1
0.4871118784 1
0.4871119188 1
0.4871119592 1
0.4871119996 1
0.4871120399 1
0.4871120802 1
0.4871121204 1
0.4871121606 1
0.4871122007 1
0.4871122409 1
0.4871122809 1
0.4871123210 1
0.4871123610 1
0.4871124009 1
0.4871124408 1
0.4871124807 1
0.4871125205 1
0.4871125603 1
0.4871126001 1
0.4871126398 1
0.4871126794 1
0.4871127191 1
0.4871127586 1
0.4871127982 1
0.4871128377 1
0.4871128772 1
0.4871129166 1
0.4871129560 1
0.4871129953 1
0.4871130346 1
0.4871130739 1
0.4871131131 1
0.4871131523 1
0.4871131914 1
0.4871132305 1
0.4871132696 1
0.4871133086 1
0.4871133476 1
0.4871133865 1
0.4871134254 1
0.4871134643 1
0.4871135031 1
0.4871135419 1
0.4871135806 1
0.4871136193 1
0.4871136580 1
0.4871136966 1
0.4871137352 1
0.4871137737 1
0.4871138122 1
0.4871138507 1
0.4871138891 1
0.4871139275 1
0.4871139658 1
0.4871140041 1
0.4871140424 1
0.4871140806 1
0.4871141188 1
0.4871141569 1
0.4871141950 1
0.4871142331 1
0.4871142711 1
0.4871143091 1
0.4871143470 1
0.4871143849 1
0.4871144228 1
0.4871144606 1
0.4871144984 1
0.4871145361 1
0.4871145738 1
0.4871146115 1
0.4871146491 1
0.4871146867 1
0.4871147242 1
0.4871147617 1
0.4871147992 1
0.4871148366 1
0.4871148740 1
0.4871149113 1
0.4871149487 1
0.4871149859 1
0.4871150231 1
0.4871150603 1
0.4871150975 1
0.4871151346 1
0.4871151717 1
0.4871152087 1
0.4871152457 1
0.4871152826 1
0.4871153196 1
0.4871153564 1
0.4871153933 1
0.4871154301 1
0.4871154668 1
0.4871155035 1
0.4871155402 1
0.4871155769 1
0.4871156134 1
0.4871156500 1
0.4871156865 1
0.4871157230 1
0.4871157595 1
0.4871157959 1
0.4871158322 1
0.4871158686 1
0.4871159048 1
0.4871159411 1
0.4871159773 1
0.4871160135 1
0.4871160496 1
0.4871160857 1
0.4871161217 1
0.4871161578 1
0.4871161937 1
0.4871162297 1
0.4871162656 1
0.4871163014 1
0.4871163373 1
0.4871163730 1
0.4871164088 1
0.4871164445 1
0.4871164802 1
0.4871165158 1
0.4871165514 1
0.4871165869 1
0.4871166224 1
0.4871166579 1
0.4871166933 1
0.4871167287 1
0.4871167641 1
0.4871167994 1
0.4871168347 1
0.4871168699 1
0.4871169051 1
0.4871169403 1
0.4871169754 1
0.4871170105 1
0.4871170456 1
0.4871170806 1
0.4871171155 1
0.4871171505 1
0.4871171854 1
0.4871172202 1
0.4871172550 1
0.4871172898 1
0.4871173246 1
0.4871173593 1
0.4871173939 1
0.4871174286 1
0.4871174631 1
0.4871174977 1
0.4871175322 1
0.4871175667 1
0.4871176011 1
0.4871176355 1
0.4871176699 1
0.4871177042 1
0.4871177385 1
0.4871177727 1
0.4871178069 1
0.4871178411 1
0.4871178752 1
0.4871179093 1
0.4871179434 1
0.4871179774 1
0.4871180114 1
0.4871180453 1
0.4871180792 1
0.4347958940 0
0.4871181131 1
0.4871181469 1
0.4871181807 1
0.4871182144 1
0.4871182482 1
0.4871182818 1
0.4871183155 1
0.4871183491 1
0.4871183826 1
0.4871184161 1
0.4871184496 1
0.4871184831 1
0.4871185165 1
0.4871185499 1
0.4871185832 1
0.4871186165 1
0.4871186498 1
0.4871186830 1
0.4871187162 1
0.4871187493 1
0.4871187824 1
0.4871188155 1
0.4871188485 1
0.4871188815 1
0.4871189145 1
0.4871189474 1
0.4871189803 1
0.4871190131 1
0.4871190459 1
0.4871190787 1
0.4871191114 1
0.4871191441 1
0.4871191768 1
0.4871192094 1
0.4871192420 1
0.4871192745 1
0.4871193070 1
0.4871193395 1
0.4871193719 1
0.4871194043 1
0.4871194367 1
0.4871194690 1
0.4871195013 1
0.4871195335 1
0.4871195657 1
0.4871195979 1
0.4871196300 1
0.4871196621 1
0.4871196942 1
0.4871197262 1
0.4871197582 1
0.4871197901 1
0.4871198220 1
0.4871198539 1
0.4871198858 1
0.4871199176 1
0.4871199493 1
0.4871199810 1
0.4871200127 1
0.4871200444 1
0.4871200760 1
0.4871201076 1
0.4871201391 1
0.4871201706 1
0.4871202021 1
0.4871202335 1
0.4871202649 1
0.4871202962 1
0.4871203275 1
0.4871203588 1
0.4871203901 1
0.4871204213 1
0.4871204524 1
0.4871204836 1
0.4871205147 1
0.4871205457 1
0.4871205767 1
0.4871206077 1
0.4871206387 1
0.4871206696 1
0.4871207004 1
0.4871207313 1
0.4871207621 1
0.4871207928 1
0.4871208236 1
0.4871208542 1
0.4871208849 1
0.4871209155 1
0.4871209461 1
0.4871209766 1
0.4871210071 1
0.4871210376 1
0.4871210680 1
0.4871210984 1
0.4871211288 1
0.4871211591 1
0.4871211894 1
0.4871212196 1
0.4871212498 1
0.4871212800 1
0.4871213101 1
0.4871213402 1
0.4871213703 1
0.4871214003 1
0.4871214303 1
0.4871214603 1
0.4871214902 1
0.4871215201 1
0.4871215499 1
0.4871215797 1
0.4871216095 1
0.4871216392 1
0.4871216689 1
0.4871216986 1
0.4871217282 1
0.4871217578 1
0.4871217874 1
0.4871218169 1
0.4871218464 1
0.4871218758 1
0.4871219052 1
0.4871219346 1
0.4871219639 1
0.4871219932 1
0.4871220225 1
0.4871220517 1
0.4871220809 1
0.4871221100 1
0.4871221391 1
0.4871221682 1
0.4871221973 1
0.4871222263 1
0.4871222552 1
0.4871222842 1
0.4871223131 1
0.4871223419 1
0.4871223708 1
0.4871223995 1
0.4871224283 1
0.4871224570 1
0.4871224857 1
0.4871225143 1
0.4871225429 1
0.4871225715 1
0.4871226001 1
0.4871226286 1
0.4871226570 1
0.4871226854 1
0.4871227138 1
0.4871227422 1
0.4871227705 1
0.4871227988 1
0.4871228270 1
0.4871228552 1
0.4871228834 1
0.4871229116 1
0.4871229397 1
0.4871229677 1
0.4871229958 1
0.4871230238 1
0.4871230517 1
0.4871230796 1
0.4871231075 1
0.4871231354 1
0.4871231632 1
0.4871231910 1
0.4871232187 1
0.4871232464 1
0.4871232741 1
0.4871233017 1
0.4871233293 1
0.4871233569 1
0.4871233844 1
0.4871234119 1
0.4871234394 1
0.4871234668 1
0.4871234942 1
0.4871235215 1
0.4871235488 1
0.4871235761 1
0.4871236033 1
0.4871236305 1
0.4871236577 1
0.4871236848 1
0.4871237119 1
0.4871237390 1
0.4871237660 1
0.4871237930 1
0.4871238200 1
0.4871238469 1
0.4871238738 1
0.4871239006 1
0.4871239274 1
0.4871239542 1
0.4871239809 1
0.4871240076 1
0.4871240343 1
0.4871240610 1
0.4871240875 1
0.4344573329 0
0.4871241141 1
0.4871241406 1
0.4871241671 1
0.4871241936 1
0.4871242200 1
0.4871242464 1
0.4871242727 1
0.4871242990 1
0.4871243253 1
0.4871243516 1
0.4871243778 1
0.4871244039 1
0.4871244301 1
0.4871244562 1
0.4871244822 1
0.4871245083 1
0.4871245343 1
0.4871245602 1
0.4871245861 1
0.4871246120 1
0.4871246379 1
0.4871246637 1
0.4871246895 1
0.4871247152 1
0.4871247409 1
0.4871247666 1
0.4871247922 1
0.4871248179 1
0.4871248434 1
0.4871248690 1
0.4871248944 1
0.4871249199 1
0.4871249453 1
0.4871249707 1
0.4871249961 1
0.4871250214 1
0.4871250467 1
0.4871250719 1
0.4871250972 1
0.4871251223 1
0.4871251475 1
0.4871251726 1
0.4871251977 1
0.4871252227 1
0.4871252477 1
0.4871252727 1
0.4871252976 1
0.4871253225 1
0.4871253474 1
0.4871253722 1
0.4871253970 1
0.4871254217 1
0.4871254465 1
0.4871254711 1
0.4871254958 1
0.4871255204 1
0.4871255450 1
0.4871255695 1
0.4871255940 1
0.4871256185 1
0.4871256430 1
0.4871256674 1
0.4871256917 1
0.4871257161 1
0.4871257404 1
0.4871257646 1
0.4871257889 1
0.4871258131 1
0.4871258372 1
0.4871258613 1
0.4871258854 1
0.4871259095 1
0.4871259335 1
0.4871259575 1
0.4871259814 1
0.4871260053 1
0.4871260292 1
0.4871260531 1
0.4871260769 1
0.4871261006 1
0.4871261244 1
0.4871261481 1
0.4871261718 1
0.4871261954 1
0.4871262190 1
0.4871262426 1
0.4871262661 1
0.4871262896 1
0.4871263130 1
0.4871263365 1
0.4871263598 1
0.4871263832 1
0.4871264065 1
0.4871264298 1
0.4871264530 1
0.4871264763 1
0.4871264994 1
0.4871265226 1
0.4871265457 1
0.4871265688 1
0.4871265918 1
0.4871266148 1
0.4871266378 1
0.4871266607 1
0.4871266836 1
0.4871267065 1
0.4871267293 1
0.4871267521 1
0.4871267749 1
0.4871267976 1
0.4871268203 1
0.4871268430 1
0.4871268656 1
0.4871268882 1
0.4871269107 1
0.4871269332 1
0.4871269557 1
0.4871269782 1
0.4871270006 1
0.4871270230 1
0.4871270453 1
0.4871270676 1
0.4871270899 1
0.4871271121 1
0.4871271343 1
0.4871271565 1
0.4871271786 1
0.4871272007 1
0.4871272228 1
0.4871272448 1
0.4871272668 1
0.4871272888 1
0.4871273107 1
0.4871273326 1
0.4871273545 1
0.4871273763 1
0.4871273981 1
0.4871274198 1
0.4871274416 1
0.4871274632 1
0.4871274849 1
0.4871275065 1
0.4871275281 1
0.4871275496 1
0.4871275711 1
0.4871275926 1
0.4871276141 1
0.4871276355 1
0.4871276568 1
0.4871276782 1
0.4871276995 1
0.4871277208 1
0.4871277420 1
0.4871277632 1
0.4871277844 1
0.4871278055 1
0.4871278266 1
0.4871278477 1
0.4871278687 1
0.4871278897 1
0.4871279106 1
0.4871279316 1
0.4871279524 1
0.4871279733 1
0.4871279941 1
0.4871280149 1
0.4871280357 1
0.4871280564 1
0.4871280771 1
0.4871280977 1
0.4871281183 1
0.4871281389 1
0.4871281594 1
0.4871281800 1
0.4871282004 1
0.4871282209 1
0.4871282413 1
0.4871282617 1
0.4871282820 1
0.4871283023 1
0.4871283226 1
0.4871283428 1
0.4871283630 1
0.4871283832 1
0.4871284033 1
0.4871284234 1
0.4871284435 1
0.4871284635 1
0.4871284835 1
0.4871285034 1
0.4871285234 1
0.4871285433 1
0.4871285631 1
0.4871285829 1
0.4871286027 1
0.4871286225 1
0.4871286422 1
0.4871286619 1
0.4871286815 1
0.4341188975 0
0.4871287011 1
0.4871287207 1
0.4871287403 1
0.4871287598 1
0.4871287793 1
0.4871287987 1
0.4871288181 1
0.4871288375 1
0.4871288568 1
0.4871288761 1
0.4871288954 1
0.4871289147 1
0.4871289339 1
0.4871289530 1
0.4871289722 1
0.4871289913 1
0.4871290103 1
0.4871290294 1
0.4871290484 1
0.4871290673 1
0.4871290863 1
0.4871291051 1
0.4871291240 1
0.4871291428 1
0.4871291616 1
0.4871291804 1
0.4871291991 1
0.4871292178 1
0.4871292365 1
0.4871292551 1
0.4871292737 1
0.4871292922 1
0.4871293107 1
0.4871293292 1
0.4871293477 1
0.4871293661 1
0.4871293845 1
0.4871294028 1
0.4871294211 1
0.4871294394 1
0.4871294577 1
0.4871294759 1
0.4871294940 1
0.4871295122 1
0.4871295303 1
0.4871295484 1
0.4871295664 1
0.4871295844 1
0.4871296024 1
0.4871296203 1
0.4871296382 1
0.4871296561 1
0.4871296739 1
0.4871296917 1
0.4871297095 1
0.4871297272 1
0.4871297449 1
0.4871297626 1
0.4871297802 1
0.4871297978 1
0.4871298154 1
0.4871298329 1
0.4871298504 1
0.4871298679 1
0.4871298853 1
0.4871299027 1
0.4871299200 1
0.4871299374 1
0.4871299546 1
0.4871299719 1
0.4871299891 1
0.4871300063 1
0.4871300235 1
0.4871300406 1
0.4871300577 1
0.4871300747 1
0.4871300917 1
0.4871301087 1
0.4871301256 1
0.4871301426 1
0.4871301594 1
0.4871301763 1
0.4871301931 1
0.4871302099 1
0.4871302266 1
0.4871302433 1
0.4871302600 1
0.4871302766 1
0.4871302932 1
0.4871303098 1
0.4871303264 1
0.4871303429 1
0.4871303593 1
0.4871303758 1
0.4871303922 1
0.4871304085 1
0.4871304249 1
0.4871304412 1
0.4871304574 1
0.4871304737 1
0.4871304899 1
0.4871305060 1
0.4871305222 1
0.4871305383 1
0.4871305543 1
0.4871305703 1
0.4871305863 1
0.4871306023 1
0.4871306182 1
0.4871306341 1
0.4871306500 1
0.4871306658 1
0.4871306816 1
0.4871306973 1
0.4871307131 1
0.4871307288 1
0.4871307444 1
0.4871307600 1
0.4871307756 1
0.4871307912 1
0.4871308067 1
0.4871308222 1
0.4871308376 1
0.4871308530 1
0.4871308684 1
0.4871308838 1
0.4871308991 1
0.4871309143 1
0.4871309296 1
0.4871309448 1
0.4871309600 1
0.4871309751 1
0.4871309902 1
0.4871310053 1
0.4871310203 1
0.4871310354 1
0.4871310503 1
0.4871310653 1
0.4871310802 1
0.4871310950 1
0.4871311099 1
0.4871311247 1
0.4871311395 1
0.4871311542 1
0.4871311689 1
0.4871311836 1
0.4871311982 1
0.4871312128 1
0.4871312274 1
0.4871312419 1
0.4871312564 1
0.4871312708 1
0.4871312853 1
0.4871312997 1
0.4871313140 1
0.4871313284 1
0.4871313427 1
0.4871313569 1
0.4871313711 1
0.4871313853 1
0.4871313995 1
0.4871314136 1
0.4871314277 1
0.4871314418 1
0.4871314558 1
0.4871314698 1
0.4871314837 1
0.4871314976 1
0.4871315115 1
0.4871315254 1
0.4871315392 1
0.4871315530 1
0.4871315667 1
0.4871315804 1
0.4871315941 1
0.4871316078 1
0.4871316214 1
0.4871316350 1
0.4871316485 1
0.4871316620 1
0.4871316755 1
0.4871316890 1
0.4871317024 1
0.4871317157 1
0.4871317291 1
0.4871317424 1
0.4871317557 1
0.4871317689 1
0.4871317821 1
0.4871317953 1
0.4871318084 1
0.4871318215 1
0.4871318346 1
0.4871318476 1
0.4871318606 1
0.4871318736 1
0.4871318865 1
0.4871318994 1
0.4871319123 1
0.4337795497 0
0.4871319251 1
0.4871319379 1
0.4871319507 1
0.4871319634 1
0.4871319761 1
0.4871319888 1
0.4871320014 1
0.4871320140 1
0.4871320266 1
0.4871320391 1
0.4871320516 1
0.4871320641 1
0.4871320765 1
0.4871320889 1
0.4871321012 1
0.4871321136 1
0.4871321259 1
0.4871321381 1
0.4871321503 1
0.4871321625 1
0.4871321747 1
0.4871321868 1
0.4871321989 1
0.4871322109 1
0.4871322230 1
0.4871322349 1
0.4871322469 1
0.4871322588 1
0.4871322707 1
0.4871322825 1
0.4871322943 1
0.4871323061 1
0.4871323179 1
0.4871323296 1
0.4871323413 1
0.4871323529 1
0.4871323645 1
0.4871323761 1
0.4871323876 1
0.4871323991 1
0.4871324106 1
0.4871324221 1
0.4871324335 1
0.4871324448 1
0.4871324562 1
0.4871324675 1
0.4871324788 1
0.4871324900 1
0.4871325012 1
0.4871325124 1
0.4871325235 1
0.4871325346 1
0.4871325457 1
0.4871325567 1
0.4871325677 1
0.4871325787 1
0.4871325896 1
0.4871326005 1
0.4871326114 1
0.4871326222 1
0.4871326330 1
0.4871326437 1
0.4871326545 1
0.4871326652 1
0.4871326758 1
0.4871326864 1
0.4871326970 1
0.4871327076 1
0.4871327181 1
0.4871327286 1
0.4871327391 1
0.4871327495 1
0.4871327599 1
0.4871327702 1
0.4871327805 1
0.4871327908 1
0.4871328011 1
0.4871328113 1
0.4871328215 1
0.4871328316 1
0.4871328417 1
0.4871328518 1
0.4871328619 1
0.4871328719 1
0.4871328819 1
0.4871328918 1
0.4871329017 1
0.4871329116 1
0.4871329214 1
0.4871329312 1
0.4871329410 1
0.4871329508 1
0.4871329605 1
0.4871329701 1
0.4871329798 1
0.4871329894 1
0.4871329989 1
0.4871330085 1
0.4871330180 1
0.4871330275 1
0.4871330369 1
0.4871330463 1
0.4871330557 1
0.4871330650 1
0.4871330743 1
0.4871330835 1
0.4871330928 1
0.4871331020 1
0.4871331111 1
0.4871331203 1
0.4871331294 1
0.4871331384 1
0.4871331474 1
0.4871331564 1
0.4871331654 1
0.4871331743 1
0.4871331832 1
0.4871331921 1
0.4871332009 1
0.4871332097 1
0.4871332184 1
0.4871332271 1
0.4871332358 1
0.4871332445 1
0.4871332531 1
0.4871332617 1
0.4871332702 1
0.4871332787 1
0.4871332872 1
0.4871332957 1
0.4871333041 1
0.4871333124 1
0.4871333208 1
0.4871333291 1
0.4871333374 1
0.4871333456 1
0.4871333538 1
0.4871333620 1
0.4871333701 1
0.4871333782 1
0.4871333863 1
0.4871333943 1
0.4871334023 1
0.4871334103 1
0.4871334182 1
0.4871334261 1
0.4871334340 1
0.4871334418 1
0.4871334496 1
0.4871334574 1
0.4871334651 1
0.4871334728 1
0.4871334805 1
0.4871334881 1
0.4871334957 1
0.4871335033 1
0.4871335108 1
0.4871335183 1
0.4871335257 1
0.4871335331 1
0.4871335405 1
0.4871335479 1
0.4871335552 1
0.4871335625 1
0.4871335697 1
0.4871335770 1
0.4871335841 1
0.4871335913 1
0.4871335984 1
0.4871336055 1
0.4871336125 1
0.4871336195 1
0.4871336265 1
0.4871336334 1
0.4871336404 1
0.4871336472 1
0.4871336541 1
0.4871336609 1
0.4871336676 1
0.4871336744 1
0.4871336811 1
0.4871336878 1
0.4871336944 1
0.4871337010 1
0.4871337075 1
0.4871337141 1
0.4871337206 1
0.4871337270 1
0.4871337335 1
0.4871337399 1
0.4871337462 1
0.4871337525 1
0.4871337588 1
0.4871337651 1
0.4871337713 1
0.4871337775 1
0.4871337837 1
0.4871337898 1
0.4871337959 1
0.4334383712 0
0.4871338019 1
0.4871338079 1
0.4871338139 1
0.4871338199 1
0.4871338258 1
0.4871338316 1
0.4871338375 1
0.4871338433 1
0.4871338491 1
0.4871338548 1
0.4871338605 1
0.4871338662 1
0.4871338718 1
0.4871338774 1
0.4871338830 1
0.4871338885 1
0.4871338940 1
0.4871338995 1
0.4871339049 1
0.4871339103 1
0.4871339157 1
0.4871339210 1
0.4871339263 1
0.4871339316 1
0.4871339368 1
0.4871339420 1
0.4871339472 1
0.4871339523 1
0.4871339574 1
0.4871339624 1
0.4871339674 1
0.4871339724 1
0.4871339774 1
0.4871339823 1
0.4871339872 1
0.4871339920 1
0.4871339968 1
0.4871340016 1
0.4871340063 1
0.4871340111 1
0.4871340157 1
0.4871340204 1
0.4871340250 1
0.4871340295 1
0.4871340341 1
0.4871340386 1
0.4871340430 1
0.4871340475 1
0.4871340519 1
0.4871340562 1
0.4871340606 1
0.4871340649 1
0.4871340691 1
0.4871340733 1
0.4871340775 1
0.4871340817 1
0.4871340858 1
0.4871340899 1
0.4871340939 1
0.4871340980 1
0.4871341019 1
0.4871341059 1
0.4871341098 1
0.4871341137 1
0.4871341175 1
0.4871341213 1
0.4871341251 1
0.4871341289 1
0.4871341326 1
0.4871341362 1
0.4871341399 1
0.4871341435 1
0.4871341470 1
0.4871341506 1
0.4871341541 1
0.4871341575 1
0.4871341610 1
0.4871341644 1
0.4871341677 1
0.4871341710 1
0.4871341743 1
0.4871341776 1
0.4871341808 1
0.4871341840 1
0.4871341872 1
0.4871341903 1
0.4871341934 1
0.4871341964 1
0.4871341994 1
0.4871342024 1
0.4871342053 1
0.4871342082 1
0.4871342111 1
0.4871342140 1
0.4871342168 1
0.4871342195 1
0.4871342223 1
0.4871342250 1
0.4871342276 1
0.4871342303 1
0.4871342329 1
0.4871342354 1
0.4871342379 1
0.4871342404 1
0.4871342429 1
0.4871342453 1
0.4871342477 1
0.4871342500 1
0.4871342524 1
0.4871342546 1
0.4871342569 1
0.4871342591 1
0.4871342613 1
0.4871342634 1
0.4871342655 1
0.4871342676 1
0.4871342696 1
0.4871342716 1
0.4871342736 1
0.4871342755 1
0.4871342774 1
0.4871342793 1
0.4871342811 1
0.4871342829 1
0.4871342847 1
0.4871342864 1
0.4871342881 1
0.4871342898 1
0.4871342914 1
0.4871342930 1
0.4871342945 1
0.4871342960 1
0.4871342975 1
0.4871342989 1
0.4871343004 1
0.4871343017 1
0.4871343031 1
0.4871343044 1
0.4871343056 1
0.4871343069 1
0.4871343081 1
0.4871343092 1
0.4871343104 1
0.4871343115 1
0.4871343125 1
0.4871343135 1
0.4871343145 1
0.4871343155 1
0.4871343164 1
0.4871343173 1
0.4871343181 1
0.4871343190 1
0.4871343197 1
0.4871343205 1
0.4871343212 1
0.4871343219 1
0.4871343225 1
0.4871343231 1
0.4871343237 1
0.4871343242 1
0.4871343247 1
0.4871343252 1
0.4871343256 1
0.4871343260 1
0.4871343263 1
0.4871343267 1
0.4871343269 1
0.4871343272 1
0.4871343274 1
0.4871343276 1
0.4871343277 1
0.4871343278 1
0.4871343279 1
0.4871343280 1
0.4871343280 1
0.4871343279 1
0.4871343279 1
0.4871343278 1
0.4871343276 1
0.4871343275 1
0.4871343273 1
0.4871343270 1
0.4871343267 1
0.4871343264 1
0.4871343261 1
0.4871343257 1
0.4871343253 1
0.4871343248 1
0.4871343243 1
0.4871343238 1
0.4871343232 1
0.4871343226 1
0.4871343220 1
0.4871343214 1
0.4871343206 1
0.4871343199 1
0.4871343191 1
0.4871343183 1
0.4871343175 1
0.4330944936 0
